x1
1.0
1.0
1.0
1.0
1.0
1.0
1.0
1.0
1.0
1.0
1.0
1.0
1.0
1.0
1.0
1.0
1.0
1.0
1.0
1.0
1.0
1.0
1.0
1.0
1.0
1.0
1.0
1.0
1.0
1.0
1.0
1.0
1.0
1.0
1.0
1.0
1.0
1.0
1.0
1.0
1.0
1.0
1.0
1.0
1.0
1.0
1.0
1.0
1.0
1.0
1.0
1.0
1.0
1.0
1.0
1.0
1.0
1.0
1.0
1.0
1.0
1.0
1.0
1.0
1.0
1.0
1.0
1.0
1.0
1.0
1.0
1.0
1.0
1.0
1.0
1.0
1.0
1.0
1.0
1.0
1.0
1.0
1.0
1.0
1.0
1.0
1.0
1.0
1.0
1.0
1.0
1.0
1.0
1.0
1.0
1.0
0.0028002091253857522
0.00232068839953539
0.0011469044932492613
0.0023290487203961536
0.0023647950759021997
0.009351335505851979
0.025550819754201308
0.026799027158329245
0.0019536060777109315
0.01000234884705545
0.03436248940491088
0.0028402616795897956
0.09553745359453378
0.008896407000439586
0.010327752197400149
0.0025942849081740586
0.031025428612737948
0.03568480067541758
0.005280358864141287
0.03250419179876344
0.034510533889477765
0.03855876043955427
0.0350361464858579
0.002384942729102877
0.002595591893091106
0.003767699542265684
0.01069485561591902
0.10209714529123623
0.00755773256658708
0.030561215359835452
0.020969693998907607
0.008316910289690374
0.00898890601819105
0.009269147871868253
0.019640721216640306
0.05044764735014024
0.016639950709046405
0.05305480507539864
0.078455897853345
0.06499557861066595
0.0832945907518931
0.05632709776504775
0.06213095580661374
0.06290058311547336
0.09047222711824923
0.10327376887027771
0.11334278021976524
0.033853247372474644
0.07065168133761779
0.06127381472758982
0.09875140335128249
0.09388675388657153
0.02174984124376914
0.02191603148770098
0.044396394165923565
0.0688054694587188
0.07060607050231085
0.012022675109364757
0.0226423470518524
0.017104697206644363
0.027890834193060862
0.036203737469805965
0.06854908385736114
0.07020873144353575
0.08899660632456333
0.06158015671007611
0.043980473805431436
0.052279120014608424
0.053182083769671394
0.06020739083323392
0.04205070879343026
0.09092064762935312
0.022267679171353874
0.009156704239199741
0.011865512442134853
0.030684869614704034
0.032153973564645326
0.03411443433011911
0.02509509483824126
0.07838852221017016
0.02834430181575526
0.03921172372509724
0.07830424269655421
0.056878990007404144
0.053114667225268704
0.037275129440184705
0.03434351489471053
0.03291439103484116
0.025775252500606468
0.035660124203639836
0.08870297536547225
0.11579819447265438
0.08028337844540843
0.06992211677500804
0.06996039740638535
