x1	x2	x3	x4	x5	x6	x7	x8	x9	x10	x11	x12	x13	x14	x15	x16	x17	x18	x19	x20	x21	x22	x23	x24	x25	x26	x27	x28	x29	x30	x31	x32	x33	x34	x35	x36	x37	x38	x39	x40	x41	x42	x43	x44	x45	x46	x47	x48	x49	x50	x51	x52	x53	x54	x55	x56	x57	x58	x59	x60	x61	x62	x63	x64
0.0	0.1358	0.1672	0.1678	0.1688	0.1701	0.1807	0.0002	0.0002	0.0002	0.0002	0.0003	0.0003	0.0003	0.0003	0.0004	0.0003	0.0003	0.0004	0.0003	0.0004	0.0004	0.0001	0.0001	0.0001	0.0001	0.0001	0.0001	0.0001	0.0001	0.0001	0.0001	0.0001	0.0001	0.0002	0.0001	0.0002	0.0002	0.0001	0.0002	0.0002	0.0002	0.0001	0.0001	0.0001	0.0001	0.0001	0.0001	0.0001	0.0001	0.0001	0.0001	0.0001	0.0001	0.0001	0.0001	0.0001	0.0001	0.0001	0.0001	0.0001	0.0001	0.0001	0.0001
0.0	0.1236	0.1802	0.1838	0.1818	0.1826	0.1318	0.0004	0.0005	0.0004	0.0004	0.0003	0.0006	0.0006	0.0006	0.0005	0.0006	0.0007	0.0006	0.0006	0.0005	0.0005	0.0002	0.0002	0.0002	0.0002	0.0002	0.0002	0.0002	0.0002	0.0002	0.0002	0.0003	0.0003	0.0003	0.0003	0.0003	0.0003	0.0003	0.0003	0.0003	0.0003	0.0002	0.0002	0.0002	0.0002	0.0002	0.0002	0.0002	0.0002	0.0002	0.0002	0.0002	0.0002	0.0002	0.0002	0.0002	0.0001	0.0001	0.0001	0.0001	0.0001	0.0001	0.0001
0.0	0.0402	0.0406	0.0439	0.0418	0.0423	0.4909	0.0054	0.0057	0.0055	0.0055	0.0186	0.0057	0.0055	0.0055	0.0188	0.0057	0.0058	0.0207	0.0056	0.0194	0.0196	0.0033	0.0032	0.0032	0.0053	0.0033	0.0033	0.0055	0.0033	0.0054	0.0054	0.0033	0.0033	0.0056	0.0033	0.0054	0.0054	0.0034	0.0056	0.0057	0.0055	0.0023	0.0023	0.0033	0.0023	0.0032	0.0032	0.0023	0.0033	0.0033	0.0032	0.0023	0.0033	0.0033	0.0033	0.0033	0.0018	0.0023	0.0023	0.0023	0.0023	0.0023	0.0018
0.0	0.0288	0.0352	0.0307	0.0313	0.3727	0.0326	0.0088	0.0083	0.0084	0.0255	0.0085	0.0091	0.0091	0.0315	0.0093	0.0086	0.0273	0.0087	0.0278	0.0088	0.0291	0.0053	0.0054	0.0088	0.0054	0.0051	0.0083	0.0052	0.0084	0.0052	0.0085	0.0055	0.009	0.0055	0.0091	0.0055	0.0093	0.0086	0.0053	0.0087	0.0088	0.0039	0.0053	0.0039	0.0054	0.0039	0.0054	0.0051	0.0038	0.0052	0.0052	0.0055	0.004	0.0055	0.0055	0.0053	0.0038	0.0032	0.0039	0.0039	0.0038	0.004	0.0032
0.0	0.0314	0.3526	0.0334	0.0339	0.0346	0.0353	0.028	0.0086	0.0086	0.0087	0.0088	0.0299	0.0304	0.031	0.0317	0.0088	0.0089	0.009	0.009	0.009	0.0091	0.0086	0.0086	0.0087	0.0088	0.0052	0.0052	0.0053	0.0053	0.0053	0.0053	0.0088	0.0089	0.009	0.009	0.009	0.0091	0.0054	0.0054	0.0054	0.0054	0.0052	0.0052	0.0053	0.0053	0.0053	0.0053	0.0038	0.0038	0.0038	0.0038	0.0054	0.0054	0.0054	0.0054	0.0039	0.0038	0.0038	0.0038	0.0038	0.0031	0.0039	0.0031
0.0	0.0376	0.4265	0.0386	0.0388	0.0442	0.0397	0.0219	0.0068	0.0068	0.0072	0.0069	0.0225	0.0227	0.0265	0.0233	0.0069	0.0073	0.0069	0.0073	0.0069	0.0074	0.0067	0.0067	0.0072	0.0068	0.0041	0.0042	0.0041	0.0042	0.0041	0.0043	0.0068	0.0072	0.0069	0.0072	0.0069	0.0073	0.0043	0.0041	0.0043	0.0043	0.004	0.0042	0.0041	0.0042	0.0041	0.0043	0.0029	0.0028	0.0029	0.0029	0.0043	0.0041	0.0043	0.0043	0.003	0.0029	0.0028	0.0029	0.0029	0.0022	0.0029	0.0022
0.0	0.0376	0.4265	0.0386	0.0388	0.0442	0.0397	0.0219	0.0068	0.0068	0.0072	0.0069	0.0225	0.0227	0.0265	0.0233	0.0069	0.0073	0.0069	0.0073	0.0069	0.0074	0.0067	0.0067	0.0072	0.0068	0.0041	0.0042	0.0041	0.0042	0.0041	0.0043	0.0068	0.0072	0.0069	0.0072	0.0069	0.0073	0.0043	0.0041	0.0043	0.0043	0.004	0.0042	0.0041	0.0042	0.0041	0.0043	0.0029	0.0028	0.0029	0.0029	0.0043	0.0041	0.0043	0.0043	0.003	0.0029	0.0028	0.0029	0.0029	0.0022	0.0029	0.0022
0.0	0.0709	0.2455	0.2045	0.0756	0.0749	0.0759	0.0111	0.0072	0.0047	0.0046	0.0047	0.0149	0.0124	0.0122	0.0125	0.0079	0.0078	0.008	0.0049	0.0049	0.0049	0.0046	0.0041	0.0041	0.0041	0.0034	0.0034	0.0034	0.0029	0.0029	0.0029	0.0048	0.0047	0.0048	0.0043	0.0043	0.0043	0.0035	0.0035	0.0035	0.003	0.0029	0.0028	0.0029	0.0027	0.0027	0.0027	0.0023	0.0023	0.0023	0.0021	0.0029	0.003	0.0029	0.0027	0.0024	0.0021	0.0021	0.0021	0.002	0.0018	0.0021	0.0017
0.0	0.0844	0.2973	0.3147	0.087	0.0875	0.0881	0.0014	0.0017	0.0007	0.0007	0.0007	0.0027	0.0015	0.0015	0.0015	0.0018	0.0018	0.0019	0.0008	0.0008	0.0008	0.0008	0.0006	0.0006	0.0006	0.0006	0.0006	0.0006	0.0005	0.0005	0.0005	0.0008	0.0008	0.0008	0.0006	0.0006	0.0006	0.0006	0.0006	0.0006	0.0005	0.0005	0.0005	0.0005	0.0004	0.0004	0.0004	0.0004	0.0004	0.0004	0.0003	0.0005	0.0005	0.0005	0.0004	0.0004	0.0003	0.0003	0.0003	0.0003	0.0003	0.0003	0.0003
0.0	0.0344	0.1604	0.046	0.0374	0.0381	0.0389	0.0331	0.0125	0.0115	0.0116	0.0117	0.0445	0.036	0.0367	0.0375	0.0129	0.0129	0.013	0.0119	0.012	0.0121	0.0125	0.0115	0.0116	0.0117	0.0075	0.0076	0.0076	0.0072	0.0072	0.0072	0.0129	0.0129	0.013	0.0119	0.012	0.0121	0.0077	0.0078	0.0078	0.0074	0.0075	0.0076	0.0076	0.0072	0.0072	0.0072	0.0054	0.0054	0.0055	0.0052	0.0077	0.0078	0.0078	0.0074	0.0055	0.0054	0.0054	0.0055	0.0052	0.0044	0.0055	0.0044
0.0	0.0389	0.1522	0.0433	0.045	0.044	0.0453	0.0324	0.0114	0.0116	0.0115	0.0116	0.0365	0.038	0.0371	0.0383	0.0121	0.012	0.0121	0.0122	0.0123	0.0122	0.0114	0.0116	0.0115	0.0116	0.0073	0.0072	0.0073	0.0073	0.0074	0.0073	0.0121	0.012	0.0121	0.0122	0.0123	0.0122	0.0075	0.0076	0.0075	0.0076	0.0073	0.0072	0.0073	0.0073	0.0074	0.0073	0.0054	0.0054	0.0054	0.0054	0.0075	0.0076	0.0075	0.0076	0.0055	0.0054	0.0054	0.0054	0.0054	0.0045	0.0055	0.0045
0.0	0.0389	0.1522	0.0433	0.045	0.044	0.0453	0.0324	0.0114	0.0116	0.0115	0.0116	0.0365	0.038	0.0371	0.0383	0.0121	0.012	0.0121	0.0122	0.0123	0.0122	0.0114	0.0116	0.0115	0.0116	0.0073	0.0072	0.0073	0.0073	0.0074	0.0073	0.0121	0.012	0.0121	0.0122	0.0123	0.0122	0.0075	0.0076	0.0075	0.0076	0.0073	0.0072	0.0073	0.0073	0.0074	0.0073	0.0054	0.0054	0.0054	0.0054	0.0075	0.0076	0.0075	0.0076	0.0055	0.0054	0.0054	0.0054	0.0054	0.0045	0.0055	0.0045
0.0	0.0365	0.0602	0.0383	0.3749	0.0458	0.0376	0.0084	0.0072	0.0213	0.0071	0.0071	0.0088	0.0344	0.0086	0.0086	0.0227	0.0073	0.0073	0.0221	0.0222	0.0072	0.0049	0.0084	0.0048	0.0048	0.0072	0.0043	0.0043	0.0071	0.0071	0.0043	0.0087	0.0049	0.0049	0.0085	0.0085	0.0048	0.0073	0.0073	0.0044	0.0072	0.0048	0.0032	0.0032	0.0048	0.0048	0.0032	0.0043	0.0043	0.003	0.0043	0.0049	0.0049	0.0033	0.0048	0.0043	0.0032	0.0032	0.0024	0.0032	0.0029	0.0033	0.0024
0.0	0.0473	0.0865	0.0831	0.3719	0.1072	0.048	0.0049	0.0058	0.0114	0.005	0.0042	0.0083	0.0133	0.006	0.0049	0.0251	0.0082	0.0059	0.0125	0.0116	0.0051	0.0033	0.0041	0.0027	0.0025	0.0052	0.0032	0.0029	0.004	0.0038	0.0025	0.006	0.0036	0.0033	0.0044	0.0042	0.0027	0.0055	0.0053	0.0032	0.004	0.0029	0.002	0.0019	0.0024	0.0023	0.0017	0.0028	0.0027	0.0019	0.0023	0.0031	0.003	0.002	0.0024	0.0028	0.0018	0.0018	0.0013	0.0015	0.0017	0.0018	0.0012
0.0	0.0787	0.0821	0.0791	0.3449	0.3126	0.0796	0.0004	0.0004	0.001	0.0008	0.0004	0.0004	0.0011	0.0009	0.0004	0.0011	0.0008	0.0004	0.0017	0.0011	0.0008	0.0002	0.0004	0.0003	0.0002	0.0003	0.0003	0.0002	0.0004	0.0003	0.0003	0.0004	0.0003	0.0002	0.0005	0.0004	0.0003	0.0004	0.0003	0.0003	0.0004	0.0002	0.0002	0.0002	0.0003	0.0002	0.0002	0.0002	0.0002	0.0002	0.0003	0.0003	0.0002	0.0002	0.0003	0.0003	0.0002	0.0001	0.0001	0.0002	0.0002	0.0002	0.0001
0.0	0.0073	0.0075	0.0073	0.8755	0.0074	0.0074	0.0015	0.0015	0.0072	0.0015	0.0015	0.0015	0.0074	0.0015	0.0015	0.0072	0.0015	0.0015	0.0073	0.0073	0.0015	0.0008	0.0015	0.0008	0.0008	0.0015	0.0008	0.0008	0.0015	0.0015	0.0008	0.0015	0.0008	0.0008	0.0015	0.0015	0.0008	0.0015	0.0015	0.0008	0.0015	0.0008	0.0005	0.0005	0.0008	0.0008	0.0005	0.0008	0.0008	0.0005	0.0008	0.0008	0.0008	0.0005	0.0008	0.0008	0.0005	0.0005	0.0004	0.0005	0.0005	0.0005	0.0004
0.0	0.0242	0.0244	0.0242	0.0561	0.3538	0.0246	0.0082	0.0082	0.0112	0.0237	0.0082	0.0082	0.0113	0.024	0.0083	0.0112	0.0238	0.0082	0.0554	0.0112	0.0241	0.0048	0.006	0.0082	0.0048	0.006	0.0082	0.0048	0.0112	0.006	0.0082	0.006	0.0082	0.0048	0.0113	0.0061	0.0083	0.0112	0.006	0.0082	0.0112	0.0038	0.0048	0.0032	0.006	0.0038	0.0048	0.006	0.0038	0.0048	0.006	0.006	0.0038	0.0048	0.0061	0.006	0.0038	0.0027	0.0032	0.0038	0.0038	0.0038	0.0027
0.0	0.0704	0.3346	0.0705	0.3753	0.0728	0.0707	0.0002	0.0001	0.0003	0.0001	0.0001	0.0002	0.0005	0.0002	0.0002	0.0003	0.0001	0.0001	0.0003	0.0003	0.0001	0.0001	0.0001	0.0001	0.0001	0.0001	0.0001	0.0001	0.0001	0.0001	0.0001	0.0001	0.0001	0.0001	0.0001	0.0001	0.0001	0.0001	0.0001	0.0001	0.0001	0.0001	0.0	0.0	0.0001	0.0001	0.0	0.0	0.0	0.0	0.0	0.0001	0.0001	0.0	0.0001	0.0	0.0	0.0	0.0	0.0	0.0	0.0	0.0
0.0	0.029	0.2028	0.029	0.0787	0.0293	0.0291	0.0281	0.0098	0.0139	0.0098	0.0098	0.0282	0.0772	0.0285	0.0283	0.0139	0.0098	0.0098	0.014	0.0139	0.0099	0.0098	0.0139	0.0098	0.0098	0.0073	0.0057	0.0057	0.0073	0.0073	0.0057	0.0139	0.0098	0.0098	0.014	0.0139	0.0099	0.0073	0.0073	0.0057	0.0073	0.0073	0.0057	0.0057	0.0073	0.0073	0.0057	0.0045	0.0045	0.0037	0.0045	0.0073	0.0073	0.0057	0.0073	0.0045	0.0045	0.0045	0.0037	0.0045	0.0031	0.0045	0.0031
0.0	0.0024	0.0024	0.0024	0.9617	0.0025	0.0024	0.0004	0.0004	0.0023	0.0004	0.0004	0.0004	0.0023	0.0004	0.0004	0.0023	0.0004	0.0004	0.0024	0.0024	0.0004	0.0002	0.0004	0.0002	0.0002	0.0004	0.0002	0.0002	0.0004	0.0004	0.0002	0.0004	0.0002	0.0002	0.0004	0.0004	0.0002	0.0004	0.0004	0.0002	0.0004	0.0002	0.0001	0.0001	0.0002	0.0002	0.0001	0.0002	0.0002	0.0001	0.0002	0.0002	0.0002	0.0001	0.0002	0.0002	0.0001	0.0001	0.0001	0.0001	0.0001	0.0001	0.0001
0.0	0.0445	0.0475	0.0445	0.6071	0.1554	0.0446	0.0011	0.001	0.0037	0.001	0.001	0.0011	0.0043	0.0011	0.0011	0.0037	0.001	0.001	0.0038	0.0037	0.001	0.0006	0.0011	0.0006	0.0006	0.001	0.0006	0.0006	0.001	0.001	0.0006	0.0011	0.0006	0.0006	0.0011	0.0011	0.0006	0.001	0.001	0.0006	0.001	0.0006	0.0004	0.0004	0.0006	0.0006	0.0004	0.0006	0.0006	0.0004	0.0006	0.0006	0.0006	0.0004	0.0006	0.0006	0.0004	0.0004	0.0003	0.0004	0.0004	0.0004	0.0003
0.0	0.0014	0.0016	0.0014	0.9798	0.0014	0.0014	0.0002	0.0002	0.0014	0.0002	0.0002	0.0002	0.0016	0.0002	0.0002	0.0014	0.0002	0.0002	0.0014	0.0014	0.0002	0.0001	0.0002	0.0001	0.0001	0.0002	0.0001	0.0001	0.0002	0.0002	0.0001	0.0002	0.0001	0.0001	0.0002	0.0002	0.0001	0.0002	0.0002	0.0001	0.0002	0.0001	0.0	0.0	0.0001	0.0001	0.0	0.0001	0.0001	0.0	0.0001	0.0001	0.0001	0.0	0.0001	0.0001	0.0	0.0	0.0	0.0	0.0	0.0	0.0
0.0	0.0254	0.0269	0.0254	0.7023	0.1833	0.0255	0.0002	0.0002	0.0008	0.0003	0.0002	0.0002	0.0009	0.0003	0.0002	0.0008	0.0003	0.0002	0.0015	0.0008	0.0003	0.0001	0.0002	0.0001	0.0001	0.0001	0.0001	0.0001	0.0002	0.0001	0.0001	0.0002	0.0001	0.0001	0.0002	0.0002	0.0001	0.0002	0.0001	0.0001	0.0002	0.0001	0.0001	0.0	0.0001	0.0001	0.0001	0.0001	0.0001	0.0001	0.0001	0.0001	0.0001	0.0001	0.0001	0.0001	0.0	0.0	0.0	0.0	0.0	0.0	0.0
0.0	0.066	0.1445	0.0692	0.075	0.0764	0.0806	0.0237	0.0087	0.0091	0.0092	0.0094	0.0252	0.0281	0.0286	0.0305	0.0093	0.0093	0.0096	0.0098	0.01	0.0101	0.0084	0.0088	0.0088	0.0091	0.0056	0.0056	0.0057	0.0058	0.0059	0.0059	0.009	0.009	0.0092	0.0094	0.0096	0.0096	0.0058	0.006	0.006	0.0061	0.0055	0.0055	0.0056	0.0057	0.0058	0.0058	0.0043	0.0043	0.0044	0.0045	0.0057	0.0059	0.0059	0.006	0.0045	0.0042	0.0043	0.0043	0.0044	0.0038	0.0045	0.0038
0.0	0.0366	0.2238	0.0388	0.0401	0.0414	0.043	0.0312	0.0103	0.0104	0.0106	0.0107	0.0333	0.0345	0.0357	0.0372	0.0107	0.0108	0.011	0.0109	0.0111	0.0113	0.0103	0.0104	0.0105	0.0107	0.0064	0.0065	0.0065	0.0065	0.0066	0.0067	0.0106	0.0108	0.011	0.0109	0.0111	0.0112	0.0066	0.0067	0.0068	0.0068	0.0064	0.0065	0.0065	0.0065	0.0066	0.0067	0.0048	0.0048	0.0049	0.0049	0.0066	0.0067	0.0068	0.0068	0.0049	0.0048	0.0048	0.0049	0.0049	0.0041	0.0049	0.0041
0.0	0.0366	0.2238	0.0388	0.0401	0.0414	0.043	0.0312	0.0103	0.0104	0.0106	0.0107	0.0333	0.0345	0.0357	0.0372	0.0107	0.0108	0.011	0.0109	0.0111	0.0113	0.0103	0.0104	0.0105	0.0107	0.0064	0.0065	0.0065	0.0065	0.0066	0.0067	0.0106	0.0108	0.011	0.0109	0.0111	0.0112	0.0066	0.0067	0.0068	0.0068	0.0064	0.0065	0.0065	0.0065	0.0066	0.0067	0.0048	0.0048	0.0049	0.0049	0.0066	0.0067	0.0068	0.0068	0.0049	0.0048	0.0048	0.0049	0.0049	0.0041	0.0049	0.0041
0.0	0.0618	0.0664	0.065	0.2856	0.0688	0.0712	0.0072	0.0071	0.0201	0.0073	0.0074	0.0074	0.0221	0.0076	0.0077	0.0213	0.0074	0.0075	0.0227	0.0235	0.0077	0.0044	0.0068	0.0044	0.0045	0.0067	0.0044	0.0044	0.0069	0.007	0.0045	0.007	0.0045	0.0045	0.0071	0.0072	0.0046	0.007	0.0071	0.0046	0.0073	0.0043	0.0033	0.0033	0.0043	0.0044	0.0033	0.0043	0.0043	0.0033	0.0044	0.0044	0.0044	0.0034	0.0045	0.0045	0.0032	0.0032	0.0028	0.0033	0.0033	0.0033	0.0028
0.0	0.0358	0.0365	0.0372	0.3692	0.0399	0.0412	0.0077	0.0078	0.0254	0.0081	0.0082	0.0079	0.026	0.0081	0.0083	0.0265	0.0082	0.0083	0.0288	0.0299	0.0086	0.0047	0.0077	0.0049	0.0049	0.0078	0.0049	0.0049	0.0081	0.0082	0.0051	0.0079	0.0049	0.005	0.0081	0.0083	0.0051	0.0082	0.0083	0.0051	0.0086	0.0047	0.0035	0.0036	0.0049	0.0049	0.0036	0.0049	0.0049	0.0037	0.0051	0.0049	0.005	0.0037	0.0051	0.0051	0.0035	0.0036	0.003	0.0036	0.0037	0.0037	0.003
0.0	0.0217	0.022	0.0222	0.7184	0.0231	0.0235	0.0028	0.0029	0.0132	0.0029	0.0029	0.0029	0.0133	0.0029	0.0029	0.0135	0.0029	0.0029	0.0141	0.0144	0.003	0.0015	0.0028	0.0015	0.0016	0.0028	0.0016	0.0016	0.0029	0.0029	0.0016	0.0028	0.0016	0.0016	0.0029	0.0029	0.0016	0.0029	0.0029	0.0016	0.003	0.0015	0.001	0.001	0.0015	0.0015	0.001	0.0015	0.0016	0.001	0.0016	0.0015	0.0016	0.001	0.0016	0.0016	0.001	0.001	0.0007	0.001	0.001	0.001	0.0007
0.0	0.0217	0.022	0.0222	0.7184	0.0231	0.0235	0.0028	0.0029	0.0132	0.0029	0.0029	0.0029	0.0133	0.0029	0.0029	0.0135	0.0029	0.0029	0.0141	0.0144	0.003	0.0015	0.0028	0.0015	0.0016	0.0028	0.0016	0.0016	0.0029	0.0029	0.0016	0.0028	0.0016	0.0016	0.0029	0.0029	0.0016	0.0029	0.0029	0.0016	0.003	0.0015	0.001	0.001	0.0015	0.0015	0.001	0.0015	0.0016	0.001	0.0016	0.0015	0.0016	0.001	0.0016	0.0016	0.001	0.001	0.0007	0.001	0.001	0.001	0.0007
0.0	0.187	0.2005	0.0828	0.0847	0.0869	0.0896	0.0139	0.0096	0.01	0.0105	0.011	0.0097	0.0101	0.0105	0.0111	0.005	0.0051	0.0052	0.0052	0.0053	0.0054	0.0048	0.0048	0.0049	0.0051	0.004	0.004	0.0041	0.0041	0.0042	0.0043	0.004	0.0041	0.0041	0.0041	0.0042	0.0043	0.0032	0.0032	0.0032	0.0033	0.003	0.0031	0.0031	0.0031	0.0032	0.0032	0.0027	0.0028	0.0028	0.0028	0.0027	0.0028	0.0028	0.0028	0.0024	0.0023	0.0023	0.0024	0.0024	0.0022	0.0022	0.002
0.0	0.1179	0.0614	0.0631	0.0655	0.0682	0.0715	0.0286	0.0296	0.0311	0.0327	0.0347	0.01	0.0101	0.0104	0.0106	0.0103	0.0105	0.0107	0.0107	0.0109	0.0111	0.0098	0.01	0.0102	0.0104	0.0101	0.0103	0.0105	0.0105	0.0107	0.0109	0.0063	0.0064	0.0065	0.0064	0.0065	0.0066	0.0065	0.0066	0.0067	0.0068	0.0062	0.0063	0.0064	0.0064	0.0065	0.0066	0.0064	0.0066	0.0066	0.0067	0.0048	0.0048	0.0049	0.0049	0.005	0.0048	0.0048	0.0049	0.0049	0.0049	0.0042	0.0042
0.0	0.2253	0.0528	0.0538	0.0551	0.0564	0.058	0.0281	0.0288	0.0296	0.0305	0.0315	0.0091	0.0092	0.0093	0.0094	0.0093	0.0094	0.0095	0.0095	0.0096	0.0097	0.009	0.0091	0.0092	0.0093	0.0092	0.0093	0.0094	0.0094	0.0095	0.0096	0.0056	0.0056	0.0057	0.0057	0.0057	0.0058	0.0057	0.0058	0.0058	0.0059	0.0056	0.0056	0.0057	0.0057	0.0057	0.0058	0.0057	0.0058	0.0058	0.0058	0.0041	0.0042	0.0042	0.0042	0.0042	0.0041	0.0042	0.0042	0.0042	0.0042	0.0035	0.0035
0.0	0.4021	0.036	0.0364	0.0369	0.0374	0.0379	0.0264	0.0268	0.0272	0.0276	0.028	0.0075	0.0075	0.0076	0.0076	0.0076	0.0076	0.0076	0.0076	0.0077	0.0077	0.0075	0.0075	0.0075	0.0076	0.0075	0.0076	0.0076	0.0076	0.0077	0.0077	0.0044	0.0044	0.0045	0.0045	0.0045	0.0045	0.0045	0.0045	0.0045	0.0045	0.0044	0.0044	0.0045	0.0045	0.0045	0.0045	0.0045	0.0045	0.0045	0.0045	0.0031	0.0031	0.0031	0.0031	0.0031	0.0031	0.0031	0.0031	0.0031	0.0031	0.0025	0.0024
0.0	0.4021	0.036	0.0364	0.0369	0.0374	0.0379	0.0264	0.0268	0.0272	0.0276	0.028	0.0075	0.0075	0.0076	0.0076	0.0076	0.0076	0.0076	0.0076	0.0077	0.0077	0.0075	0.0075	0.0075	0.0076	0.0075	0.0076	0.0076	0.0076	0.0077	0.0077	0.0044	0.0044	0.0045	0.0045	0.0045	0.0045	0.0045	0.0045	0.0045	0.0045	0.0044	0.0044	0.0045	0.0045	0.0045	0.0045	0.0045	0.0045	0.0045	0.0045	0.0031	0.0031	0.0031	0.0031	0.0031	0.0031	0.0031	0.0031	0.0031	0.0031	0.0025	0.0024
0.0	0.2892	0.0492	0.0499	0.0508	0.0516	0.0527	0.0269	0.0274	0.028	0.0286	0.0292	0.0083	0.0084	0.0085	0.0086	0.0085	0.0085	0.0086	0.0086	0.0087	0.0087	0.0083	0.0083	0.0084	0.0085	0.0084	0.0085	0.0085	0.0085	0.0086	0.0087	0.0051	0.0051	0.0051	0.0051	0.0052	0.0052	0.0052	0.0052	0.0052	0.0053	0.0051	0.0051	0.0051	0.0051	0.0052	0.0052	0.0051	0.0052	0.0052	0.0052	0.0037	0.0037	0.0037	0.0037	0.0038	0.0037	0.0037	0.0037	0.0037	0.0038	0.003	0.003
0.0	0.5995	0.0223	0.0224	0.0225	0.0227	0.0228	0.0203	0.0204	0.0205	0.0206	0.0207	0.0051	0.0051	0.0051	0.0051	0.0051	0.0051	0.0052	0.0052	0.0052	0.0052	0.0051	0.0051	0.0051	0.0051	0.0051	0.0051	0.0052	0.0052	0.0052	0.0052	0.0029	0.0029	0.003	0.003	0.003	0.003	0.003	0.003	0.003	0.003	0.0029	0.0029	0.003	0.003	0.003	0.003	0.003	0.003	0.003	0.003	0.002	0.002	0.002	0.002	0.002	0.002	0.002	0.002	0.002	0.002	0.0015	0.0015
0.0	0.8908	0.0077	0.0077	0.0077	0.0078	0.0078	0.0067	0.0068	0.0068	0.0068	0.0069	0.0011	0.0011	0.0011	0.0011	0.0011	0.0011	0.0011	0.0011	0.0011	0.0011	0.0011	0.0011	0.0011	0.0011	0.0011	0.0011	0.0011	0.0011	0.0011	0.0011	0.0005	0.0005	0.0005	0.0005	0.0005	0.0005	0.0005	0.0005	0.0005	0.0005	0.0005	0.0005	0.0005	0.0005	0.0005	0.0005	0.0005	0.0005	0.0005	0.0005	0.0003	0.0003	0.0003	0.0003	0.0003	0.0003	0.0003	0.0003	0.0003	0.0003	0.0002	0.0002
0.0	0.8305	0.0104	0.0105	0.0105	0.0105	0.0105	0.009	0.009	0.009	0.009	0.009	0.002	0.002	0.002	0.002	0.002	0.002	0.002	0.002	0.002	0.002	0.002	0.002	0.002	0.002	0.002	0.002	0.002	0.002	0.002	0.002	0.0011	0.0011	0.0011	0.0011	0.0011	0.0011	0.0011	0.0011	0.0011	0.0011	0.0011	0.0011	0.0011	0.0011	0.0011	0.0011	0.0011	0.0011	0.0011	0.0011	0.0008	0.0008	0.0008	0.0008	0.0008	0.0008	0.0008	0.0008	0.0008	0.0008	0.0005	0.0005
0.0	0.8305	0.0104	0.0105	0.0105	0.0105	0.0105	0.009	0.009	0.009	0.009	0.009	0.002	0.002	0.002	0.002	0.002	0.002	0.002	0.002	0.002	0.002	0.002	0.002	0.002	0.002	0.002	0.002	0.002	0.002	0.002	0.002	0.0011	0.0011	0.0011	0.0011	0.0011	0.0011	0.0011	0.0011	0.0011	0.0011	0.0011	0.0011	0.0011	0.0011	0.0011	0.0011	0.0011	0.0011	0.0011	0.0011	0.0008	0.0008	0.0008	0.0008	0.0008	0.0008	0.0008	0.0008	0.0008	0.0008	0.0005	0.0005
0.0	0.8337	0.0107	0.0108	0.0109	0.0109	0.011	0.01	0.01	0.0101	0.0102	0.0102	0.0018	0.0018	0.0018	0.0018	0.0018	0.0018	0.0018	0.0018	0.0018	0.0018	0.0018	0.0018	0.0018	0.0018	0.0018	0.0018	0.0018	0.0018	0.0018	0.0018	0.0009	0.0009	0.0009	0.0009	0.0009	0.0009	0.0009	0.0009	0.0009	0.0009	0.0009	0.0009	0.0009	0.0009	0.0009	0.0009	0.0009	0.0009	0.0009	0.0009	0.0006	0.0006	0.0006	0.0006	0.0006	0.0006	0.0006	0.0006	0.0006	0.0006	0.0004	0.0004
0.0	0.7199	0.0166	0.0166	0.0166	0.0166	0.0167	0.0141	0.0141	0.0142	0.0142	0.0142	0.0035	0.0035	0.0035	0.0035	0.0035	0.0035	0.0035	0.0035	0.0035	0.0035	0.0035	0.0035	0.0035	0.0035	0.0035	0.0035	0.0035	0.0035	0.0035	0.0035	0.002	0.002	0.002	0.002	0.002	0.002	0.002	0.002	0.002	0.002	0.002	0.002	0.002	0.002	0.002	0.002	0.002	0.002	0.002	0.002	0.0014	0.0014	0.0014	0.0014	0.0014	0.0014	0.0014	0.0014	0.0014	0.0014	0.001	0.001
0.0	0.8304	0.0102	0.0102	0.0102	0.0102	0.0103	0.0094	0.0094	0.0094	0.0094	0.0094	0.002	0.002	0.002	0.002	0.002	0.002	0.002	0.002	0.002	0.002	0.002	0.002	0.002	0.002	0.002	0.002	0.002	0.002	0.002	0.002	0.0011	0.0011	0.0011	0.0011	0.0011	0.0011	0.0011	0.0011	0.0011	0.0011	0.0011	0.0011	0.0011	0.0011	0.0011	0.0011	0.0011	0.0011	0.0011	0.0011	0.0007	0.0007	0.0007	0.0007	0.0007	0.0007	0.0007	0.0007	0.0007	0.0007	0.0005	0.0005
0.0	0.898	0.0063	0.0063	0.0063	0.0063	0.0063	0.0058	0.0058	0.0058	0.0058	0.0058	0.0012	0.0012	0.0012	0.0012	0.0012	0.0012	0.0012	0.0012	0.0012	0.0012	0.0012	0.0012	0.0012	0.0012	0.0012	0.0012	0.0012	0.0012	0.0012	0.0012	0.0006	0.0006	0.0006	0.0006	0.0006	0.0006	0.0006	0.0006	0.0006	0.0006	0.0006	0.0006	0.0006	0.0006	0.0006	0.0006	0.0006	0.0006	0.0006	0.0006	0.0004	0.0004	0.0004	0.0004	0.0004	0.0004	0.0004	0.0004	0.0004	0.0004	0.0003	0.0003
0.0	0.8949	0.0064	0.0064	0.0064	0.0064	0.0064	0.0058	0.0058	0.0058	0.0058	0.0058	0.0013	0.0013	0.0013	0.0013	0.0013	0.0013	0.0013	0.0013	0.0013	0.0013	0.0013	0.0013	0.0013	0.0013	0.0013	0.0013	0.0013	0.0013	0.0013	0.0013	0.0007	0.0007	0.0007	0.0007	0.0007	0.0007	0.0007	0.0007	0.0007	0.0007	0.0007	0.0007	0.0007	0.0007	0.0007	0.0007	0.0007	0.0007	0.0007	0.0007	0.0005	0.0005	0.0005	0.0005	0.0005	0.0005	0.0005	0.0005	0.0005	0.0005	0.0003	0.0003
0.0	0.8949	0.0064	0.0064	0.0064	0.0064	0.0064	0.0058	0.0058	0.0058	0.0058	0.0058	0.0013	0.0013	0.0013	0.0013	0.0013	0.0013	0.0013	0.0013	0.0013	0.0013	0.0013	0.0013	0.0013	0.0013	0.0013	0.0013	0.0013	0.0013	0.0013	0.0013	0.0007	0.0007	0.0007	0.0007	0.0007	0.0007	0.0007	0.0007	0.0007	0.0007	0.0007	0.0007	0.0007	0.0007	0.0007	0.0007	0.0007	0.0007	0.0007	0.0007	0.0005	0.0005	0.0005	0.0005	0.0005	0.0005	0.0005	0.0005	0.0005	0.0005	0.0003	0.0003
0.0	0.9607	0.0028	0.0028	0.0028	0.0028	0.0028	0.0021	0.0021	0.0021	0.0021	0.0021	0.0004	0.0004	0.0004	0.0004	0.0004	0.0004	0.0004	0.0004	0.0004	0.0004	0.0004	0.0004	0.0004	0.0004	0.0004	0.0004	0.0004	0.0004	0.0004	0.0004	0.0002	0.0002	0.0002	0.0002	0.0002	0.0002	0.0002	0.0002	0.0002	0.0002	0.0002	0.0002	0.0002	0.0002	0.0002	0.0002	0.0002	0.0002	0.0002	0.0002	0.0001	0.0001	0.0001	0.0001	0.0001	0.0001	0.0001	0.0001	0.0001	0.0001	0.0001	0.0001
0.0	0.8682	0.0086	0.0086	0.0086	0.0086	0.0086	0.0072	0.0072	0.0072	0.0072	0.0072	0.0015	0.0015	0.0015	0.0015	0.0015	0.0015	0.0015	0.0015	0.0015	0.0015	0.0015	0.0015	0.0015	0.0015	0.0015	0.0015	0.0015	0.0015	0.0015	0.0015	0.0008	0.0008	0.0008	0.0008	0.0008	0.0008	0.0008	0.0008	0.0008	0.0008	0.0008	0.0008	0.0008	0.0008	0.0008	0.0008	0.0008	0.0008	0.0008	0.0008	0.0005	0.0005	0.0005	0.0005	0.0005	0.0005	0.0005	0.0005	0.0005	0.0005	0.0004	0.0004
0.0	0.7901	0.0125	0.0125	0.0125	0.0125	0.0125	0.011	0.011	0.011	0.011	0.011	0.0026	0.0026	0.0026	0.0026	0.0026	0.0026	0.0026	0.0026	0.0026	0.0026	0.0026	0.0026	0.0026	0.0026	0.0026	0.0026	0.0026	0.0026	0.0026	0.0026	0.0015	0.0015	0.0015	0.0015	0.0015	0.0015	0.0015	0.0015	0.0015	0.0015	0.0015	0.0015	0.0015	0.0015	0.0015	0.0015	0.0015	0.0015	0.0015	0.0015	0.001	0.001	0.001	0.001	0.001	0.001	0.001	0.001	0.001	0.001	0.0007	0.0007
0.0	0.7901	0.0125	0.0125	0.0125	0.0125	0.0125	0.011	0.011	0.011	0.011	0.011	0.0026	0.0026	0.0026	0.0026	0.0026	0.0026	0.0026	0.0026	0.0026	0.0026	0.0026	0.0026	0.0026	0.0026	0.0026	0.0026	0.0026	0.0026	0.0026	0.0026	0.0015	0.0015	0.0015	0.0015	0.0015	0.0015	0.0015	0.0015	0.0015	0.0015	0.0015	0.0015	0.0015	0.0015	0.0015	0.0015	0.0015	0.0015	0.0015	0.0015	0.001	0.001	0.001	0.001	0.001	0.001	0.001	0.001	0.001	0.001	0.0007	0.0007
0.0	0.7203	0.0165	0.0165	0.0165	0.0166	0.0166	0.0144	0.0144	0.0144	0.0144	0.0145	0.0035	0.0035	0.0035	0.0035	0.0035	0.0035	0.0035	0.0035	0.0035	0.0035	0.0035	0.0035	0.0035	0.0035	0.0035	0.0035	0.0035	0.0035	0.0035	0.0035	0.002	0.002	0.002	0.002	0.002	0.002	0.002	0.002	0.002	0.002	0.002	0.002	0.002	0.002	0.002	0.002	0.002	0.002	0.002	0.002	0.0013	0.0013	0.0013	0.0013	0.0013	0.0013	0.0013	0.0013	0.0013	0.0013	0.001	0.001
0.0	0.7203	0.0165	0.0165	0.0165	0.0166	0.0166	0.0144	0.0144	0.0144	0.0144	0.0145	0.0035	0.0035	0.0035	0.0035	0.0035	0.0035	0.0035	0.0035	0.0035	0.0035	0.0035	0.0035	0.0035	0.0035	0.0035	0.0035	0.0035	0.0035	0.0035	0.0035	0.002	0.002	0.002	0.002	0.002	0.002	0.002	0.002	0.002	0.002	0.002	0.002	0.002	0.002	0.002	0.002	0.002	0.002	0.002	0.002	0.0013	0.0013	0.0013	0.0013	0.0013	0.0013	0.0013	0.0013	0.0013	0.0013	0.001	0.001
0.0	0.5466	0.0274	0.0277	0.028	0.0283	0.0287	0.0224	0.0226	0.0229	0.0232	0.0235	0.0055	0.0055	0.0056	0.0056	0.0055	0.0056	0.0056	0.0056	0.0056	0.0056	0.0055	0.0055	0.0055	0.0056	0.0055	0.0056	0.0056	0.0056	0.0056	0.0056	0.0031	0.0031	0.0031	0.0031	0.0031	0.0032	0.0031	0.0031	0.0032	0.0032	0.0031	0.0031	0.0031	0.0031	0.0031	0.0031	0.0031	0.0031	0.0032	0.0032	0.0021	0.0021	0.0021	0.0021	0.0021	0.0021	0.0021	0.0021	0.0021	0.0021	0.0016	0.0016
0.0	0.5466	0.0274	0.0277	0.028	0.0283	0.0287	0.0224	0.0226	0.0229	0.0232	0.0235	0.0055	0.0055	0.0056	0.0056	0.0055	0.0056	0.0056	0.0056	0.0056	0.0056	0.0055	0.0055	0.0055	0.0056	0.0055	0.0056	0.0056	0.0056	0.0056	0.0056	0.0031	0.0031	0.0031	0.0031	0.0031	0.0032	0.0031	0.0031	0.0032	0.0032	0.0031	0.0031	0.0031	0.0031	0.0031	0.0031	0.0031	0.0031	0.0032	0.0032	0.0021	0.0021	0.0021	0.0021	0.0021	0.0021	0.0021	0.0021	0.0021	0.0021	0.0016	0.0016
0.0	0.5427	0.0275	0.0278	0.0281	0.0284	0.0288	0.0226	0.0228	0.0231	0.0234	0.0237	0.0056	0.0056	0.0056	0.0056	0.0056	0.0056	0.0057	0.0057	0.0057	0.0057	0.0056	0.0056	0.0056	0.0056	0.0056	0.0056	0.0057	0.0057	0.0057	0.0057	0.0032	0.0032	0.0032	0.0032	0.0032	0.0032	0.0032	0.0032	0.0032	0.0032	0.0032	0.0032	0.0032	0.0032	0.0032	0.0032	0.0032	0.0032	0.0032	0.0032	0.0021	0.0021	0.0021	0.0022	0.0022	0.0021	0.0021	0.0021	0.0022	0.0022	0.0016	0.0016
0.0	0.5427	0.0275	0.0278	0.0281	0.0284	0.0288	0.0226	0.0228	0.0231	0.0234	0.0237	0.0056	0.0056	0.0056	0.0056	0.0056	0.0056	0.0057	0.0057	0.0057	0.0057	0.0056	0.0056	0.0056	0.0056	0.0056	0.0056	0.0057	0.0057	0.0057	0.0057	0.0032	0.0032	0.0032	0.0032	0.0032	0.0032	0.0032	0.0032	0.0032	0.0032	0.0032	0.0032	0.0032	0.0032	0.0032	0.0032	0.0032	0.0032	0.0032	0.0032	0.0021	0.0021	0.0021	0.0022	0.0022	0.0021	0.0021	0.0021	0.0022	0.0022	0.0016	0.0016
0.0	0.77	0.0195	0.0197	0.0201	0.0203	0.0207	0.0116	0.0118	0.012	0.0122	0.0125	0.0021	0.0021	0.0021	0.0021	0.0021	0.0021	0.0021	0.0021	0.0021	0.0021	0.002	0.0021	0.0021	0.0021	0.0021	0.0021	0.0021	0.0021	0.0021	0.0021	0.001	0.001	0.001	0.001	0.001	0.001	0.001	0.001	0.001	0.001	0.001	0.001	0.001	0.001	0.001	0.001	0.001	0.001	0.001	0.001	0.0006	0.0006	0.0006	0.0006	0.0006	0.0006	0.0006	0.0006	0.0006	0.0006	0.0004	0.0004
0.0	0.5682	0.0341	0.0342	0.0344	0.0346	0.0348	0.0179	0.018	0.0181	0.0181	0.0182	0.0047	0.0047	0.0047	0.0047	0.0047	0.0047	0.0047	0.0047	0.0047	0.0047	0.0046	0.0046	0.0047	0.0047	0.0047	0.0047	0.0047	0.0047	0.0047	0.0047	0.0027	0.0027	0.0027	0.0027	0.0027	0.0027	0.0027	0.0027	0.0027	0.0027	0.0027	0.0027	0.0027	0.0027	0.0027	0.0027	0.0027	0.0027	0.0027	0.0027	0.0019	0.0019	0.0019	0.0019	0.0019	0.0018	0.0019	0.0019	0.0019	0.0019	0.0014	0.0014
0.0	0.5682	0.0341	0.0342	0.0344	0.0346	0.0348	0.0179	0.018	0.0181	0.0181	0.0182	0.0047	0.0047	0.0047	0.0047	0.0047	0.0047	0.0047	0.0047	0.0047	0.0047	0.0046	0.0046	0.0047	0.0047	0.0047	0.0047	0.0047	0.0047	0.0047	0.0047	0.0027	0.0027	0.0027	0.0027	0.0027	0.0027	0.0027	0.0027	0.0027	0.0027	0.0027	0.0027	0.0027	0.0027	0.0027	0.0027	0.0027	0.0027	0.0027	0.0027	0.0019	0.0019	0.0019	0.0019	0.0019	0.0018	0.0019	0.0019	0.0019	0.0019	0.0014	0.0014
0.0	0.6386	0.0234	0.0235	0.0236	0.0237	0.0238	0.0173	0.0174	0.0174	0.0175	0.0175	0.0043	0.0043	0.0043	0.0044	0.0043	0.0044	0.0044	0.0044	0.0044	0.0044	0.0043	0.0043	0.0043	0.0043	0.0043	0.0043	0.0044	0.0044	0.0044	0.0044	0.0025	0.0025	0.0025	0.0025	0.0025	0.0025	0.0025	0.0025	0.0025	0.0025	0.0025	0.0025	0.0025	0.0025	0.0025	0.0025	0.0025	0.0025	0.0025	0.0025	0.0017	0.0017	0.0017	0.0017	0.0017	0.0017	0.0017	0.0017	0.0017	0.0017	0.0013	0.0013
0.0	0.7821	0.0141	0.0141	0.0141	0.0141	0.0142	0.0114	0.0114	0.0115	0.0115	0.0115	0.0026	0.0026	0.0026	0.0026	0.0026	0.0026	0.0026	0.0026	0.0026	0.0026	0.0025	0.0026	0.0026	0.0026	0.0026	0.0026	0.0026	0.0026	0.0026	0.0026	0.0014	0.0014	0.0014	0.0014	0.0014	0.0014	0.0014	0.0014	0.0014	0.0014	0.0014	0.0014	0.0014	0.0014	0.0014	0.0014	0.0014	0.0014	0.0014	0.0014	0.0009	0.0009	0.0009	0.0009	0.0009	0.0009	0.0009	0.0009	0.0009	0.0009	0.0007	0.0007
0.0	0.6342	0.0219	0.022	0.022	0.0221	0.0222	0.0178	0.0179	0.018	0.018	0.0181	0.0046	0.0046	0.0046	0.0046	0.0046	0.0046	0.0046	0.0046	0.0046	0.0046	0.0046	0.0046	0.0046	0.0046	0.0046	0.0046	0.0046	0.0046	0.0046	0.0046	0.0027	0.0027	0.0027	0.0027	0.0027	0.0027	0.0027	0.0027	0.0027	0.0027	0.0026	0.0027	0.0027	0.0027	0.0027	0.0027	0.0027	0.0027	0.0027	0.0027	0.0018	0.0018	0.0018	0.0018	0.0018	0.0018	0.0018	0.0018	0.0018	0.0018	0.0014	0.0014
0.0	0.6342	0.0219	0.022	0.022	0.0221	0.0222	0.0178	0.0179	0.018	0.018	0.0181	0.0046	0.0046	0.0046	0.0046	0.0046	0.0046	0.0046	0.0046	0.0046	0.0046	0.0046	0.0046	0.0046	0.0046	0.0046	0.0046	0.0046	0.0046	0.0046	0.0046	0.0027	0.0027	0.0027	0.0027	0.0027	0.0027	0.0027	0.0027	0.0027	0.0027	0.0026	0.0027	0.0027	0.0027	0.0027	0.0027	0.0027	0.0027	0.0027	0.0027	0.0018	0.0018	0.0018	0.0018	0.0018	0.0018	0.0018	0.0018	0.0018	0.0018	0.0014	0.0014
0.0	0.8102	0.0113	0.0114	0.0114	0.0114	0.0114	0.0099	0.0099	0.0099	0.0099	0.0099	0.0023	0.0023	0.0023	0.0023	0.0023	0.0023	0.0023	0.0023	0.0023	0.0023	0.0023	0.0023	0.0023	0.0023	0.0023	0.0023	0.0023	0.0023	0.0023	0.0023	0.0013	0.0013	0.0013	0.0013	0.0013	0.0013	0.0013	0.0013	0.0013	0.0013	0.0013	0.0013	0.0013	0.0013	0.0013	0.0013	0.0013	0.0013	0.0013	0.0013	0.0009	0.0009	0.0009	0.0009	0.0009	0.0009	0.0009	0.0009	0.0009	0.0009	0.0006	0.0006
0.0	0.9058	0.0067	0.0067	0.0067	0.0067	0.0067	0.0051	0.0051	0.0051	0.0051	0.0051	0.001	0.001	0.001	0.001	0.001	0.001	0.001	0.001	0.001	0.001	0.001	0.001	0.001	0.001	0.001	0.001	0.001	0.001	0.001	0.001	0.0005	0.0005	0.0005	0.0005	0.0005	0.0005	0.0005	0.0005	0.0005	0.0005	0.0005	0.0005	0.0005	0.0005	0.0005	0.0005	0.0005	0.0005	0.0005	0.0005	0.0003	0.0003	0.0003	0.0003	0.0003	0.0003	0.0003	0.0003	0.0003	0.0003	0.0002	0.0002
0.0	0.9058	0.0067	0.0067	0.0067	0.0067	0.0067	0.0051	0.0051	0.0051	0.0051	0.0051	0.001	0.001	0.001	0.001	0.001	0.001	0.001	0.001	0.001	0.001	0.001	0.001	0.001	0.001	0.001	0.001	0.001	0.001	0.001	0.001	0.0005	0.0005	0.0005	0.0005	0.0005	0.0005	0.0005	0.0005	0.0005	0.0005	0.0005	0.0005	0.0005	0.0005	0.0005	0.0005	0.0005	0.0005	0.0005	0.0005	0.0003	0.0003	0.0003	0.0003	0.0003	0.0003	0.0003	0.0003	0.0003	0.0003	0.0002	0.0002
0.0	0.7174	0.0179	0.018	0.018	0.018	0.018	0.0137	0.0138	0.0138	0.0138	0.0138	0.0034	0.0034	0.0034	0.0034	0.0034	0.0034	0.0034	0.0034	0.0034	0.0034	0.0034	0.0034	0.0034	0.0034	0.0034	0.0034	0.0034	0.0034	0.0034	0.0034	0.002	0.002	0.002	0.002	0.002	0.002	0.002	0.002	0.002	0.002	0.002	0.002	0.002	0.002	0.002	0.002	0.002	0.002	0.002	0.002	0.0013	0.0013	0.0013	0.0013	0.0013	0.0013	0.0013	0.0013	0.0013	0.0013	0.001	0.001
0.0	0.7174	0.0179	0.018	0.018	0.018	0.018	0.0137	0.0138	0.0138	0.0138	0.0138	0.0034	0.0034	0.0034	0.0034	0.0034	0.0034	0.0034	0.0034	0.0034	0.0034	0.0034	0.0034	0.0034	0.0034	0.0034	0.0034	0.0034	0.0034	0.0034	0.0034	0.002	0.002	0.002	0.002	0.002	0.002	0.002	0.002	0.002	0.002	0.002	0.002	0.002	0.002	0.002	0.002	0.002	0.002	0.002	0.002	0.0013	0.0013	0.0013	0.0013	0.0013	0.0013	0.0013	0.0013	0.0013	0.0013	0.001	0.001
0.0	0.8648	0.0081	0.0081	0.0081	0.0081	0.0081	0.0071	0.0071	0.0071	0.0071	0.0071	0.0017	0.0017	0.0017	0.0017	0.0017	0.0017	0.0017	0.0017	0.0017	0.0017	0.0017	0.0017	0.0017	0.0017	0.0017	0.0017	0.0017	0.0017	0.0017	0.0017	0.0009	0.0009	0.0009	0.0009	0.0009	0.0009	0.0009	0.0009	0.0009	0.0009	0.0009	0.0009	0.0009	0.0009	0.0009	0.0009	0.0009	0.0009	0.0009	0.0009	0.0006	0.0006	0.0006	0.0006	0.0006	0.0006	0.0006	0.0006	0.0006	0.0006	0.0004	0.0004
0.0	0.7199	0.0164	0.0164	0.0165	0.0165	0.0165	0.0142	0.0142	0.0142	0.0142	0.0143	0.0035	0.0035	0.0035	0.0035	0.0035	0.0035	0.0035	0.0035	0.0035	0.0035	0.0035	0.0035	0.0035	0.0035	0.0035	0.0035	0.0035	0.0035	0.0035	0.0035	0.002	0.002	0.002	0.002	0.002	0.002	0.002	0.002	0.002	0.002	0.002	0.002	0.002	0.002	0.002	0.002	0.002	0.002	0.002	0.002	0.0014	0.0014	0.0014	0.0014	0.0014	0.0014	0.0014	0.0014	0.0014	0.0014	0.001	0.001
0.0	0.7199	0.0164	0.0164	0.0165	0.0165	0.0165	0.0142	0.0142	0.0142	0.0142	0.0143	0.0035	0.0035	0.0035	0.0035	0.0035	0.0035	0.0035	0.0035	0.0035	0.0035	0.0035	0.0035	0.0035	0.0035	0.0035	0.0035	0.0035	0.0035	0.0035	0.0035	0.002	0.002	0.002	0.002	0.002	0.002	0.002	0.002	0.002	0.002	0.002	0.002	0.002	0.002	0.002	0.002	0.002	0.002	0.002	0.002	0.0014	0.0014	0.0014	0.0014	0.0014	0.0014	0.0014	0.0014	0.0014	0.0014	0.001	0.001
0.0	0.938	0.0044	0.0044	0.0044	0.0044	0.0044	0.0034	0.0034	0.0034	0.0034	0.0034	0.0007	0.0007	0.0007	0.0007	0.0007	0.0007	0.0007	0.0007	0.0007	0.0007	0.0007	0.0007	0.0007	0.0007	0.0007	0.0007	0.0007	0.0007	0.0007	0.0007	0.0004	0.0004	0.0004	0.0004	0.0004	0.0004	0.0004	0.0004	0.0004	0.0004	0.0004	0.0004	0.0004	0.0004	0.0004	0.0004	0.0004	0.0004	0.0004	0.0004	0.0002	0.0002	0.0002	0.0002	0.0002	0.0002	0.0002	0.0002	0.0002	0.0002	0.0002	0.0002
0.0	0.5065	0.0452	0.0456	0.0461	0.0465	0.047	0.018	0.0181	0.0183	0.0184	0.0186	0.0048	0.0048	0.0049	0.0049	0.0049	0.0049	0.0049	0.0049	0.0049	0.0049	0.0046	0.0047	0.0047	0.0047	0.0047	0.0047	0.0047	0.0047	0.0047	0.0047	0.0027	0.0027	0.0028	0.0028	0.0028	0.0028	0.0028	0.0028	0.0028	0.0028	0.0027	0.0027	0.0027	0.0027	0.0027	0.0027	0.0027	0.0027	0.0027	0.0027	0.0019	0.0019	0.0019	0.0019	0.0019	0.0018	0.0019	0.0019	0.0019	0.0019	0.0014	0.0014
0.0	0.5065	0.0452	0.0456	0.0461	0.0465	0.047	0.018	0.0181	0.0183	0.0184	0.0186	0.0048	0.0048	0.0049	0.0049	0.0049	0.0049	0.0049	0.0049	0.0049	0.0049	0.0046	0.0047	0.0047	0.0047	0.0047	0.0047	0.0047	0.0047	0.0047	0.0047	0.0027	0.0027	0.0028	0.0028	0.0028	0.0028	0.0028	0.0028	0.0028	0.0028	0.0027	0.0027	0.0027	0.0027	0.0027	0.0027	0.0027	0.0027	0.0027	0.0027	0.0019	0.0019	0.0019	0.0019	0.0019	0.0018	0.0019	0.0019	0.0019	0.0019	0.0014	0.0014
0.0	0.6717	0.0268	0.027	0.0273	0.0275	0.0278	0.0149	0.015	0.0152	0.0153	0.0155	0.0033	0.0033	0.0033	0.0033	0.0033	0.0033	0.0033	0.0033	0.0033	0.0034	0.0033	0.0033	0.0033	0.0033	0.0033	0.0033	0.0033	0.0033	0.0033	0.0033	0.0018	0.0018	0.0018	0.0018	0.0018	0.0018	0.0018	0.0018	0.0018	0.0018	0.0018	0.0018	0.0018	0.0018	0.0018	0.0018	0.0018	0.0018	0.0018	0.0018	0.0012	0.0012	0.0012	0.0012	0.0012	0.0012	0.0012	0.0012	0.0012	0.0012	0.0009	0.0009
0.0	0.6301	0.0233	0.0234	0.0235	0.0236	0.0237	0.018	0.018	0.0181	0.0182	0.0183	0.0045	0.0045	0.0045	0.0045	0.0045	0.0045	0.0045	0.0045	0.0045	0.0045	0.0045	0.0045	0.0045	0.0045	0.0045	0.0045	0.0045	0.0045	0.0045	0.0045	0.0026	0.0026	0.0026	0.0026	0.0026	0.0026	0.0026	0.0026	0.0026	0.0026	0.0026	0.0026	0.0026	0.0026	0.0026	0.0026	0.0026	0.0026	0.0026	0.0026	0.0017	0.0017	0.0017	0.0018	0.0018	0.0017	0.0017	0.0017	0.0018	0.0018	0.0013	0.0013
0.0	0.8142	0.0126	0.0126	0.0126	0.0127	0.0127	0.0099	0.0099	0.0099	0.0099	0.0099	0.0021	0.0021	0.0021	0.0021	0.0021	0.0021	0.0021	0.0021	0.0021	0.0021	0.0021	0.0021	0.0021	0.0021	0.0021	0.0021	0.0021	0.0021	0.0021	0.0021	0.0011	0.0011	0.0011	0.0011	0.0011	0.0011	0.0011	0.0011	0.0011	0.0011	0.0011	0.0011	0.0011	0.0011	0.0011	0.0011	0.0011	0.0011	0.0011	0.0011	0.0007	0.0007	0.0007	0.0007	0.0007	0.0007	0.0007	0.0007	0.0007	0.0007	0.0005	0.0005
0.0	0.8355	0.0125	0.0125	0.0125	0.0125	0.0125	0.008	0.008	0.008	0.008	0.008	0.0018	0.0018	0.0018	0.0018	0.0018	0.0018	0.0018	0.0018	0.0018	0.0018	0.0018	0.0018	0.0018	0.0018	0.0018	0.0018	0.0018	0.0018	0.0018	0.0018	0.001	0.001	0.001	0.001	0.001	0.001	0.001	0.001	0.001	0.001	0.001	0.001	0.001	0.001	0.001	0.001	0.001	0.001	0.001	0.001	0.0006	0.0006	0.0006	0.0006	0.0006	0.0006	0.0006	0.0006	0.0006	0.0006	0.0005	0.0005
0.0	0.8355	0.0125	0.0125	0.0125	0.0125	0.0125	0.008	0.008	0.008	0.008	0.008	0.0018	0.0018	0.0018	0.0018	0.0018	0.0018	0.0018	0.0018	0.0018	0.0018	0.0018	0.0018	0.0018	0.0018	0.0018	0.0018	0.0018	0.0018	0.0018	0.0018	0.001	0.001	0.001	0.001	0.001	0.001	0.001	0.001	0.001	0.001	0.001	0.001	0.001	0.001	0.001	0.001	0.001	0.001	0.001	0.001	0.0006	0.0006	0.0006	0.0006	0.0006	0.0006	0.0006	0.0006	0.0006	0.0006	0.0005	0.0005
0.0	0.7951	0.0143	0.0143	0.0143	0.0143	0.0143	0.0105	0.0105	0.0105	0.0105	0.0105	0.0023	0.0023	0.0023	0.0023	0.0023	0.0023	0.0023	0.0023	0.0023	0.0023	0.0023	0.0023	0.0023	0.0023	0.0023	0.0023	0.0023	0.0023	0.0023	0.0023	0.0013	0.0013	0.0013	0.0013	0.0013	0.0013	0.0013	0.0013	0.0013	0.0013	0.0013	0.0013	0.0013	0.0013	0.0013	0.0013	0.0013	0.0013	0.0013	0.0013	0.0008	0.0008	0.0008	0.0008	0.0008	0.0008	0.0008	0.0008	0.0008	0.0008	0.0006	0.0006
0.0	0.6435	0.0211	0.0211	0.0212	0.0213	0.0213	0.0176	0.0177	0.0177	0.0178	0.0178	0.0045	0.0045	0.0045	0.0045	0.0045	0.0045	0.0045	0.0045	0.0045	0.0045	0.0045	0.0045	0.0045	0.0045	0.0045	0.0045	0.0045	0.0045	0.0045	0.0045	0.0026	0.0026	0.0026	0.0026	0.0026	0.0026	0.0026	0.0026	0.0026	0.0026	0.0026	0.0026	0.0026	0.0026	0.0026	0.0026	0.0026	0.0026	0.0026	0.0026	0.0018	0.0018	0.0018	0.0018	0.0018	0.0018	0.0018	0.0018	0.0018	0.0018	0.0013	0.0013
0.0	0.6435	0.0211	0.0211	0.0212	0.0213	0.0213	0.0176	0.0177	0.0177	0.0178	0.0178	0.0045	0.0045	0.0045	0.0045	0.0045	0.0045	0.0045	0.0045	0.0045	0.0045	0.0045	0.0045	0.0045	0.0045	0.0045	0.0045	0.0045	0.0045	0.0045	0.0045	0.0026	0.0026	0.0026	0.0026	0.0026	0.0026	0.0026	0.0026	0.0026	0.0026	0.0026	0.0026	0.0026	0.0026	0.0026	0.0026	0.0026	0.0026	0.0026	0.0026	0.0018	0.0018	0.0018	0.0018	0.0018	0.0018	0.0018	0.0018	0.0018	0.0018	0.0013	0.0013
0.0	0.7027	0.0188	0.0188	0.0189	0.0189	0.019	0.0147	0.0147	0.0148	0.0148	0.0148	0.0036	0.0036	0.0036	0.0036	0.0036	0.0036	0.0036	0.0036	0.0036	0.0036	0.0036	0.0036	0.0036	0.0036	0.0036	0.0036	0.0036	0.0036	0.0036	0.0036	0.0021	0.0021	0.0021	0.0021	0.0021	0.0021	0.0021	0.0021	0.0021	0.0021	0.0021	0.0021	0.0021	0.0021	0.0021	0.0021	0.0021	0.0021	0.0021	0.0021	0.0014	0.0014	0.0014	0.0014	0.0014	0.0014	0.0014	0.0014	0.0014	0.0014	0.001	0.001
0.0	0.7027	0.0188	0.0188	0.0189	0.0189	0.019	0.0147	0.0147	0.0148	0.0148	0.0148	0.0036	0.0036	0.0036	0.0036	0.0036	0.0036	0.0036	0.0036	0.0036	0.0036	0.0036	0.0036	0.0036	0.0036	0.0036	0.0036	0.0036	0.0036	0.0036	0.0036	0.0021	0.0021	0.0021	0.0021	0.0021	0.0021	0.0021	0.0021	0.0021	0.0021	0.0021	0.0021	0.0021	0.0021	0.0021	0.0021	0.0021	0.0021	0.0021	0.0021	0.0014	0.0014	0.0014	0.0014	0.0014	0.0014	0.0014	0.0014	0.0014	0.0014	0.001	0.001
0.0	0.8102	0.012	0.012	0.012	0.012	0.0121	0.0097	0.0097	0.0097	0.0097	0.0097	0.0023	0.0023	0.0023	0.0023	0.0023	0.0023	0.0023	0.0023	0.0023	0.0023	0.0023	0.0023	0.0023	0.0023	0.0023	0.0023	0.0023	0.0023	0.0023	0.0023	0.0013	0.0013	0.0013	0.0013	0.0013	0.0013	0.0013	0.0013	0.0013	0.0013	0.0013	0.0013	0.0013	0.0013	0.0013	0.0013	0.0013	0.0013	0.0013	0.0013	0.0009	0.0009	0.0009	0.0009	0.0009	0.0009	0.0009	0.0009	0.0009	0.0009	0.0006	0.0006
0.0	0.8723	0.0087	0.0087	0.0088	0.0088	0.0088	0.0067	0.0067	0.0067	0.0067	0.0067	0.0014	0.0014	0.0014	0.0014	0.0014	0.0014	0.0014	0.0014	0.0014	0.0014	0.0014	0.0014	0.0014	0.0014	0.0014	0.0014	0.0014	0.0014	0.0014	0.0014	0.0008	0.0008	0.0008	0.0008	0.0008	0.0008	0.0008	0.0008	0.0008	0.0008	0.0008	0.0008	0.0008	0.0008	0.0008	0.0008	0.0008	0.0008	0.0008	0.0008	0.0005	0.0005	0.0005	0.0005	0.0005	0.0005	0.0005	0.0005	0.0005	0.0005	0.0004	0.0004
0.0	0.7985	0.0143	0.0143	0.0143	0.0143	0.0143	0.0097	0.0098	0.0098	0.0098	0.0098	0.0023	0.0023	0.0023	0.0023	0.0023	0.0023	0.0023	0.0023	0.0023	0.0023	0.0023	0.0023	0.0023	0.0023	0.0023	0.0023	0.0023	0.0023	0.0023	0.0023	0.0013	0.0013	0.0013	0.0013	0.0013	0.0013	0.0013	0.0013	0.0013	0.0013	0.0013	0.0013	0.0013	0.0013	0.0013	0.0013	0.0013	0.0013	0.0013	0.0013	0.0009	0.0009	0.0009	0.0009	0.0009	0.0008	0.0009	0.0009	0.0009	0.0009	0.0006	0.0006
0.0	0.7985	0.0143	0.0143	0.0143	0.0143	0.0143	0.0097	0.0098	0.0098	0.0098	0.0098	0.0023	0.0023	0.0023	0.0023	0.0023	0.0023	0.0023	0.0023	0.0023	0.0023	0.0023	0.0023	0.0023	0.0023	0.0023	0.0023	0.0023	0.0023	0.0023	0.0023	0.0013	0.0013	0.0013	0.0013	0.0013	0.0013	0.0013	0.0013	0.0013	0.0013	0.0013	0.0013	0.0013	0.0013	0.0013	0.0013	0.0013	0.0013	0.0013	0.0013	0.0009	0.0009	0.0009	0.0009	0.0009	0.0008	0.0009	0.0009	0.0009	0.0009	0.0006	0.0006
0.0	0.8957	0.0074	0.0074	0.0074	0.0074	0.0074	0.0053	0.0053	0.0053	0.0053	0.0053	0.0012	0.0012	0.0012	0.0012	0.0012	0.0012	0.0012	0.0012	0.0012	0.0012	0.0012	0.0012	0.0012	0.0012	0.0012	0.0012	0.0012	0.0012	0.0012	0.0012	0.0006	0.0006	0.0006	0.0006	0.0006	0.0006	0.0006	0.0006	0.0006	0.0006	0.0006	0.0006	0.0006	0.0006	0.0006	0.0006	0.0006	0.0006	0.0006	0.0006	0.0004	0.0004	0.0004	0.0004	0.0004	0.0004	0.0004	0.0004	0.0004	0.0004	0.0003	0.0003
0.0	0.7559	0.0159	0.0159	0.0159	0.016	0.016	0.012	0.012	0.012	0.012	0.012	0.0029	0.0029	0.0029	0.0029	0.0029	0.0029	0.0029	0.0029	0.0029	0.0029	0.0029	0.0029	0.0029	0.0029	0.0029	0.0029	0.0029	0.0029	0.0029	0.0029	0.0017	0.0017	0.0017	0.0017	0.0017	0.0017	0.0017	0.0017	0.0017	0.0017	0.0017	0.0017	0.0017	0.0017	0.0017	0.0017	0.0017	0.0017	0.0017	0.0017	0.0011	0.0011	0.0011	0.0011	0.0011	0.0011	0.0011	0.0011	0.0011	0.0011	0.0008	0.0008
0.0	0.7038	0.017	0.017	0.017	0.017	0.0171	0.0153	0.0154	0.0154	0.0154	0.0155	0.0037	0.0037	0.0037	0.0037	0.0037	0.0037	0.0037	0.0037	0.0038	0.0038	0.0037	0.0037	0.0037	0.0037	0.0037	0.0037	0.0037	0.0037	0.0037	0.0038	0.0021	0.0021	0.0021	0.0021	0.0021	0.0021	0.0021	0.0021	0.0021	0.0021	0.0021	0.0021	0.0021	0.0021	0.0021	0.0021	0.0021	0.0021	0.0021	0.0021	0.0014	0.0014	0.0014	0.0014	0.0014	0.0014	0.0014	0.0014	0.0014	0.0014	0.0011	0.0011
0.0	0.7038	0.017	0.017	0.017	0.017	0.0171	0.0153	0.0154	0.0154	0.0154	0.0155	0.0037	0.0037	0.0037	0.0037	0.0037	0.0037	0.0037	0.0037	0.0038	0.0038	0.0037	0.0037	0.0037	0.0037	0.0037	0.0037	0.0037	0.0037	0.0037	0.0038	0.0021	0.0021	0.0021	0.0021	0.0021	0.0021	0.0021	0.0021	0.0021	0.0021	0.0021	0.0021	0.0021	0.0021	0.0021	0.0021	0.0021	0.0021	0.0021	0.0021	0.0014	0.0014	0.0014	0.0014	0.0014	0.0014	0.0014	0.0014	0.0014	0.0014	0.0011	0.0011
0.0	0.9337	0.0045	0.0045	0.0045	0.0045	0.0045	0.0042	0.0042	0.0042	0.0042	0.0042	0.0007	0.0007	0.0007	0.0007	0.0007	0.0007	0.0007	0.0007	0.0007	0.0007	0.0007	0.0007	0.0007	0.0007	0.0007	0.0007	0.0007	0.0007	0.0007	0.0007	0.0003	0.0003	0.0003	0.0003	0.0003	0.0003	0.0003	0.0003	0.0003	0.0003	0.0003	0.0003	0.0003	0.0003	0.0003	0.0003	0.0003	0.0003	0.0003	0.0003	0.0002	0.0002	0.0002	0.0002	0.0002	0.0002	0.0002	0.0002	0.0002	0.0002	0.0001	0.0001
0.0	0.9586	0.0027	0.0027	0.0027	0.0027	0.0027	0.0024	0.0024	0.0024	0.0024	0.0024	0.0005	0.0005	0.0005	0.0005	0.0005	0.0005	0.0005	0.0005	0.0005	0.0005	0.0005	0.0005	0.0005	0.0005	0.0005	0.0005	0.0005	0.0005	0.0005	0.0005	0.0002	0.0002	0.0002	0.0002	0.0002	0.0002	0.0002	0.0002	0.0002	0.0002	0.0002	0.0002	0.0002	0.0002	0.0002	0.0002	0.0002	0.0002	0.0002	0.0002	0.0002	0.0002	0.0002	0.0002	0.0002	0.0002	0.0002	0.0002	0.0002	0.0002	0.0001	0.0001
0.0	0.884	0.0073	0.0073	0.0073	0.0073	0.0073	0.006	0.006	0.0061	0.0061	0.0061	0.0014	0.0014	0.0014	0.0014	0.0014	0.0014	0.0014	0.0014	0.0014	0.0014	0.0014	0.0014	0.0014	0.0014	0.0014	0.0014	0.0014	0.0014	0.0014	0.0014	0.0008	0.0008	0.0008	0.0008	0.0008	0.0008	0.0008	0.0008	0.0008	0.0008	0.0008	0.0008	0.0008	0.0008	0.0008	0.0008	0.0008	0.0008	0.0008	0.0008	0.0005	0.0005	0.0005	0.0005	0.0005	0.0005	0.0005	0.0005	0.0005	0.0005	0.0004	0.0004
0.0	0.884	0.0073	0.0073	0.0073	0.0073	0.0073	0.006	0.006	0.0061	0.0061	0.0061	0.0014	0.0014	0.0014	0.0014	0.0014	0.0014	0.0014	0.0014	0.0014	0.0014	0.0014	0.0014	0.0014	0.0014	0.0014	0.0014	0.0014	0.0014	0.0014	0.0014	0.0008	0.0008	0.0008	0.0008	0.0008	0.0008	0.0008	0.0008	0.0008	0.0008	0.0008	0.0008	0.0008	0.0008	0.0008	0.0008	0.0008	0.0008	0.0008	0.0008	0.0005	0.0005	0.0005	0.0005	0.0005	0.0005	0.0005	0.0005	0.0005	0.0005	0.0004	0.0004
NaN	NaN	NaN	NaN	NaN	NaN	NaN	NaN	NaN	NaN	NaN	NaN	NaN	NaN	NaN	NaN	NaN	NaN	NaN	NaN	NaN	NaN	NaN	NaN	NaN	NaN	NaN	NaN	NaN	NaN	NaN	NaN	NaN	NaN	NaN	NaN	NaN	NaN	NaN	NaN	NaN	NaN	NaN	NaN	NaN	NaN	NaN	NaN	NaN	NaN	NaN	NaN	NaN	NaN	NaN	NaN	NaN	NaN	NaN	NaN	NaN	NaN	NaN	NaN
0.0	0.1686	0.0877	0.0833	0.0897	0.0833	0.0833	0.0148	0.0146	0.0149	0.0146	0.0146	0.0082	0.0085	0.0082	0.0082	0.0083	0.008	0.008	0.0083	0.0083	0.008	0.0076	0.0077	0.0076	0.0076	0.0076	0.0076	0.0076	0.0076	0.0076	0.0076	0.006	0.006	0.006	0.006	0.006	0.006	0.006	0.006	0.0059	0.006	0.0058	0.0058	0.0058	0.0058	0.0058	0.0058	0.0058	0.0058	0.0057	0.0058	0.0048	0.0048	0.0048	0.0048	0.0048	0.0047	0.0047	0.0046	0.0047	0.0046	0.004	0.0039
0.0	0.0858	0.2288	0.104	0.0904	0.0828	0.0821	0.0168	0.0086	0.0077	0.0073	0.0073	0.0159	0.0154	0.0151	0.0151	0.0083	0.008	0.008	0.0073	0.0072	0.0069	0.0059	0.0058	0.0057	0.0057	0.0044	0.0044	0.0044	0.0042	0.0042	0.0042	0.0057	0.0056	0.0056	0.0055	0.0055	0.0054	0.0043	0.0042	0.0042	0.0041	0.0038	0.0038	0.0038	0.0037	0.0037	0.0037	0.0032	0.0032	0.0031	0.0031	0.0037	0.0037	0.0036	0.0036	0.0031	0.0029	0.0029	0.0029	0.0029	0.0026	0.0028	0.0025
0.0	0.0649	0.0668	0.1559	0.0703	0.073	0.2787	0.0052	0.0097	0.0053	0.0055	0.0112	0.0101	0.0054	0.0056	0.0117	0.0108	0.0114	0.0182	0.0057	0.0124	0.013	0.004	0.0032	0.0033	0.0042	0.0041	0.0042	0.0052	0.0034	0.0043	0.0044	0.0042	0.0043	0.0053	0.0034	0.0044	0.0045	0.0044	0.0055	0.0056	0.0046	0.0028	0.0028	0.0032	0.0025	0.0029	0.0029	0.0029	0.0033	0.0033	0.003	0.0029	0.0033	0.0034	0.003	0.0035	0.0023	0.0025	0.0025	0.0024	0.0025	0.0026	0.0022
0.0	0.0926	0.1002	0.1367	0.1054	0.1069	0.2032	0.0062	0.0082	0.0063	0.0063	0.0103	0.008	0.0064	0.0064	0.0097	0.0081	0.0081	0.0115	0.0064	0.0099	0.0099	0.0037	0.0034	0.0034	0.0041	0.0038	0.0037	0.0044	0.0034	0.0041	0.0041	0.0037	0.0037	0.0042	0.0034	0.004	0.004	0.0037	0.0043	0.0043	0.004	0.0026	0.0026	0.0029	0.0025	0.0028	0.0028	0.0026	0.0029	0.0029	0.0028	0.0026	0.0028	0.0028	0.0027	0.0028	0.0021	0.0022	0.0022	0.0022	0.0022	0.0022	0.0019
0.0	0.1123	0.1717	0.2035	0.1662	0.1201	0.1222	0.0025	0.0045	0.0019	0.0019	0.002	0.0054	0.0028	0.0028	0.003	0.0051	0.0054	0.0058	0.0021	0.0022	0.0021	0.0018	0.0013	0.0013	0.0014	0.0017	0.0017	0.0018	0.0012	0.0012	0.0013	0.0019	0.0019	0.002	0.0014	0.0014	0.0014	0.0018	0.0019	0.0019	0.0013	0.0011	0.0012	0.0012	0.001	0.001	0.001	0.0011	0.0012	0.0012	0.0009	0.0012	0.0012	0.0013	0.001	0.0012	0.0009	0.0009	0.0009	0.0008	0.0009	0.0009	0.0008
0.0	0.0476	0.2731	0.0513	0.0511	0.0509	0.0518	0.0261	0.0088	0.0088	0.0088	0.0088	0.0287	0.0285	0.0283	0.0289	0.0091	0.0091	0.0091	0.009	0.0091	0.0091	0.0087	0.0087	0.0087	0.0088	0.0054	0.0054	0.0054	0.0054	0.0054	0.0054	0.009	0.009	0.0091	0.009	0.009	0.009	0.0055	0.0056	0.0056	0.0056	0.0054	0.0054	0.0054	0.0054	0.0054	0.0054	0.0039	0.0039	0.0039	0.0039	0.0055	0.0055	0.0055	0.0055	0.004	0.0039	0.0039	0.0039	0.0039	0.0031	0.004	0.0031
0.0	0.0789	0.2191	0.0825	0.0822	0.2553	0.0829	0.0073	0.0037	0.0037	0.0074	0.0037	0.0079	0.0078	0.0118	0.0079	0.0039	0.0081	0.0039	0.008	0.0039	0.0081	0.003	0.003	0.0036	0.003	0.0023	0.003	0.0023	0.003	0.0023	0.003	0.003	0.0038	0.0031	0.0037	0.003	0.0038	0.0031	0.0023	0.0031	0.0031	0.0019	0.0023	0.002	0.0023	0.002	0.0023	0.002	0.0016	0.002	0.002	0.0023	0.002	0.0023	0.0023	0.002	0.0016	0.0015	0.0016	0.0016	0.0015	0.0017	0.0013
0.0	0.0691	0.1573	0.0727	0.0751	0.1236	0.0836	0.0194	0.0074	0.0075	0.0086	0.0081	0.0211	0.0222	0.0246	0.0261	0.0078	0.0089	0.0083	0.0091	0.0084	0.0098	0.0071	0.0072	0.0075	0.0077	0.0047	0.0049	0.0049	0.005	0.005	0.0052	0.0074	0.0077	0.0079	0.0079	0.008	0.0084	0.0051	0.0051	0.0053	0.0054	0.0046	0.0047	0.0048	0.0048	0.0049	0.005	0.0037	0.0037	0.0039	0.0039	0.0049	0.005	0.0051	0.0052	0.004	0.0036	0.0037	0.0038	0.0038	0.0034	0.0039	0.0033
0.0	0.1008	0.2532	0.1729	0.2154	0.1086	0.1058	0.002	0.0009	0.0013	0.0008	0.0007	0.0026	0.0035	0.0023	0.0024	0.0015	0.001	0.001	0.0014	0.0014	0.0008	0.0006	0.0007	0.0006	0.0006	0.0005	0.0005	0.0004	0.0005	0.0005	0.0004	0.0008	0.0007	0.0007	0.0008	0.0008	0.0006	0.0006	0.0006	0.0005	0.0006	0.0004	0.0004	0.0004	0.0004	0.0004	0.0004	0.0003	0.0003	0.0003	0.0003	0.0004	0.0004	0.0004	0.0004	0.0004	0.0003	0.0003	0.0003	0.0003	0.0002	0.0003	0.0002
0.0	0.0473	0.0506	0.2819	0.0523	0.0517	0.0528	0.0085	0.025	0.0086	0.0085	0.0086	0.0273	0.0089	0.0088	0.0089	0.0283	0.0279	0.0286	0.0089	0.009	0.0089	0.0084	0.0053	0.0053	0.0053	0.0085	0.0084	0.0085	0.0053	0.0053	0.0053	0.0088	0.0087	0.0088	0.0054	0.0055	0.0054	0.0088	0.0089	0.0088	0.0055	0.0053	0.0052	0.0053	0.0039	0.0039	0.0039	0.0053	0.0053	0.0053	0.0039	0.0054	0.0054	0.0054	0.004	0.0055	0.0038	0.0039	0.0038	0.0032	0.0039	0.0039	0.0032
0.0	0.0432	0.1672	0.4208	0.0448	0.0488	0.0469	0.0064	0.0104	0.0038	0.004	0.0039	0.0224	0.0067	0.0071	0.0073	0.0108	0.012	0.0113	0.0041	0.004	0.0042	0.0046	0.0027	0.0028	0.0028	0.0035	0.0036	0.0036	0.0022	0.0022	0.0023	0.0047	0.0049	0.0049	0.0028	0.0028	0.0029	0.0037	0.0036	0.0038	0.0023	0.0025	0.0025	0.0025	0.0017	0.0017	0.0018	0.0021	0.0021	0.0022	0.0016	0.0026	0.0026	0.0026	0.0018	0.0022	0.0016	0.0016	0.0016	0.0013	0.0015	0.0017	0.0012
0.0	0.0937	0.1007	0.2609	0.2611	0.0997	0.0956	0.0016	0.0027	0.0038	0.0016	0.0016	0.003	0.0044	0.0017	0.0017	0.0064	0.0028	0.0028	0.004	0.004	0.0016	0.0012	0.0014	0.001	0.001	0.0017	0.0012	0.0012	0.0014	0.0014	0.0009	0.0018	0.0012	0.0012	0.0015	0.0015	0.001	0.0017	0.0017	0.0012	0.0014	0.001	0.0008	0.0008	0.0009	0.0009	0.0007	0.001	0.001	0.0008	0.0009	0.001	0.001	0.0008	0.0009	0.001	0.0007	0.0007	0.0006	0.0006	0.0007	0.0007	0.0005
0.0	0.0492	0.366	0.0684	0.0516	0.0522	0.0525	0.0195	0.0074	0.0064	0.0065	0.0065	0.0291	0.0204	0.0206	0.0207	0.0075	0.0076	0.0076	0.0066	0.0066	0.0066	0.0071	0.0063	0.0063	0.0063	0.0042	0.0042	0.0042	0.0038	0.0038	0.0039	0.0072	0.0073	0.0073	0.0064	0.0064	0.0064	0.0043	0.0043	0.0043	0.0039	0.0041	0.0041	0.0042	0.0038	0.0038	0.0038	0.0029	0.0029	0.0029	0.0027	0.0042	0.0042	0.0042	0.0038	0.0029	0.0028	0.0028	0.0028	0.0026	0.0022	0.0029	0.0021
0.0	0.0461	0.071	0.3671	0.0477	0.048	0.0482	0.0079	0.0195	0.0066	0.0066	0.0066	0.0338	0.008	0.008	0.0081	0.0201	0.0202	0.0203	0.0067	0.0067	0.0067	0.0077	0.0044	0.0044	0.0044	0.0064	0.0064	0.0064	0.0039	0.0039	0.0039	0.0078	0.0078	0.0078	0.0044	0.0044	0.0044	0.0065	0.0065	0.0065	0.0039	0.0043	0.0043	0.0043	0.0029	0.0029	0.0029	0.0038	0.0038	0.0039	0.0027	0.0044	0.0044	0.0044	0.0029	0.0039	0.0029	0.0029	0.0029	0.0021	0.0026	0.0029	0.0021
0.0	0.0372	0.0414	0.0752	0.4552	0.0379	0.038	0.0055	0.0072	0.0157	0.0052	0.0052	0.0082	0.0177	0.0055	0.0055	0.0351	0.0073	0.0073	0.0159	0.0159	0.0052	0.0038	0.0053	0.003	0.003	0.0069	0.0036	0.0036	0.005	0.005	0.0029	0.0078	0.0039	0.0039	0.0054	0.0054	0.003	0.007	0.007	0.0036	0.0051	0.0038	0.0023	0.0023	0.003	0.003	0.0019	0.0035	0.0036	0.0022	0.0028	0.0038	0.0038	0.0023	0.003	0.0036	0.0023	0.0023	0.0015	0.0019	0.0022	0.0023	0.0015
0.0	0.0648	0.2006	0.067	0.3761	0.0744	0.0681	0.003	0.0027	0.0088	0.0027	0.0027	0.0031	0.0096	0.0032	0.0032	0.0095	0.0028	0.0028	0.0096	0.0097	0.0028	0.0017	0.0026	0.0017	0.0017	0.0026	0.0016	0.0016	0.0026	0.0026	0.0016	0.0027	0.0017	0.0017	0.0027	0.0027	0.0017	0.0027	0.0027	0.0017	0.0027	0.0016	0.0012	0.0012	0.0016	0.0016	0.0012	0.0016	0.0016	0.0012	0.0016	0.0016	0.0016	0.0012	0.0016	0.0016	0.0011	0.0011	0.0009	0.0012	0.0011	0.0012	0.0009
0.0	0.0138	0.0153	0.0141	0.7329	0.0143	0.0143	0.0036	0.0034	0.0132	0.0035	0.0035	0.0036	0.0146	0.0036	0.0036	0.0134	0.0035	0.0035	0.0137	0.0137	0.0035	0.002	0.0036	0.002	0.002	0.0034	0.002	0.002	0.0035	0.0035	0.002	0.0036	0.0021	0.0021	0.0036	0.0036	0.0021	0.0035	0.0035	0.002	0.0035	0.002	0.0014	0.0014	0.002	0.002	0.0014	0.002	0.002	0.0013	0.002	0.0021	0.0021	0.0014	0.0021	0.002	0.0014	0.0014	0.001	0.0014	0.0013	0.0014	0.001
0.0	0.0713	0.0718	0.0734	0.3506	0.2587	0.0747	0.0017	0.0018	0.0055	0.0024	0.0018	0.0018	0.0056	0.0024	0.0018	0.0059	0.0025	0.0019	0.0069	0.0061	0.0026	0.001	0.0016	0.0012	0.0011	0.0017	0.0012	0.0011	0.0018	0.0017	0.0012	0.0017	0.0012	0.0011	0.0018	0.0017	0.0012	0.0019	0.0017	0.0012	0.0019	0.001	0.0008	0.0008	0.0011	0.001	0.0008	0.0011	0.001	0.0008	0.0011	0.0011	0.001	0.0008	0.0011	0.0011	0.0008	0.0007	0.0006	0.0008	0.0008	0.0008	0.0006
0.0	0.0288	0.0288	0.0289	0.6387	0.0928	0.0292	0.0027	0.0027	0.0099	0.003	0.0027	0.0027	0.0099	0.003	0.0027	0.01	0.003	0.0027	0.0117	0.0102	0.003	0.0016	0.0027	0.0017	0.0016	0.0027	0.0017	0.0016	0.0029	0.0027	0.0017	0.0027	0.0017	0.0016	0.0029	0.0027	0.0017	0.0029	0.0027	0.0017	0.0029	0.0016	0.0011	0.0011	0.0016	0.0016	0.0011	0.0017	0.0016	0.0011	0.0017	0.0017	0.0016	0.0011	0.0017	0.0017	0.0011	0.0011	0.0008	0.0011	0.0011	0.0011	0.0008
0.0	0.0057	0.0057	0.0057	0.9028	0.0062	0.0057	0.0011	0.0011	0.0055	0.0012	0.0011	0.0011	0.0055	0.0012	0.0011	0.0056	0.0012	0.0011	0.0061	0.0056	0.0012	0.0006	0.0011	0.0006	0.0006	0.0011	0.0006	0.0006	0.0012	0.0011	0.0006	0.0011	0.0006	0.0006	0.0012	0.0011	0.0006	0.0012	0.0011	0.0006	0.0012	0.0006	0.0004	0.0004	0.0006	0.0006	0.0004	0.0006	0.0006	0.0004	0.0006	0.0006	0.0006	0.0004	0.0006	0.0006	0.0004	0.0004	0.0003	0.0004	0.0004	0.0004	0.0003
0.0	0.0768	0.2793	0.0771	0.3737	0.082	0.0777	0.0008	0.0006	0.0019	0.0006	0.0006	0.0008	0.0022	0.0009	0.0008	0.0019	0.0006	0.0006	0.0022	0.0019	0.0006	0.0004	0.0006	0.0004	0.0004	0.0006	0.0004	0.0003	0.0006	0.0006	0.0004	0.0006	0.0004	0.0004	0.0006	0.0006	0.0004	0.0006	0.0006	0.0004	0.0006	0.0004	0.0003	0.0003	0.0004	0.0004	0.0003	0.0003	0.0003	0.0002	0.0003	0.0004	0.0004	0.0003	0.0004	0.0003	0.0002	0.0002	0.0002	0.0002	0.0002	0.0002	0.0002
0.0	0.0071	0.0082	0.0071	0.8571	0.0073	0.0072	0.002	0.0019	0.0069	0.0019	0.0019	0.002	0.008	0.002	0.002	0.0069	0.0019	0.0019	0.0071	0.007	0.0019	0.0011	0.002	0.0012	0.0012	0.0019	0.0011	0.0011	0.0019	0.0019	0.0011	0.002	0.0012	0.0012	0.002	0.002	0.0012	0.0019	0.0019	0.0011	0.0019	0.0011	0.0008	0.0008	0.0012	0.0012	0.0008	0.0011	0.0011	0.0007	0.0011	0.0012	0.0012	0.0008	0.0012	0.0011	0.0008	0.0008	0.0005	0.0008	0.0007	0.0008	0.0005
0.0	0.0894	0.1351	0.1141	0.0942	0.0924	0.1025	0.0108	0.0092	0.0077	0.0076	0.0082	0.0125	0.011	0.0109	0.0115	0.0095	0.0094	0.01	0.0079	0.0085	0.0084	0.0068	0.0064	0.0063	0.0065	0.006	0.006	0.0061	0.0056	0.0057	0.0057	0.0068	0.0068	0.0069	0.0064	0.0066	0.0065	0.006	0.0062	0.0062	0.0058	0.0052	0.0052	0.0053	0.0049	0.005	0.005	0.0047	0.0048	0.0048	0.0046	0.0052	0.0053	0.0053	0.0051	0.0048	0.0042	0.0043	0.0043	0.0041	0.004	0.0043	0.0036
0.0	0.1951	0.0817	0.0819	0.0821	0.0839	0.0868	0.0206	0.0205	0.0203	0.0206	0.0212	0.008	0.0079	0.008	0.0081	0.0079	0.0079	0.008	0.0079	0.008	0.008	0.0071	0.007	0.0071	0.0071	0.007	0.007	0.0071	0.007	0.0071	0.0071	0.0048	0.0048	0.0048	0.0048	0.0048	0.0048	0.0048	0.0048	0.0048	0.0048	0.0045	0.0045	0.0046	0.0045	0.0046	0.0046	0.0045	0.0045	0.0046	0.0045	0.0036	0.0036	0.0036	0.0036	0.0036	0.0035	0.0035	0.0035	0.0035	0.0035	0.0031	0.0031
0.0	0.5759	0.0446	0.0441	0.0441	0.0446	0.0453	0.015	0.015	0.0149	0.0151	0.0154	0.0037	0.0037	0.0037	0.0037	0.0037	0.0037	0.0037	0.0037	0.0037	0.0037	0.0035	0.0035	0.0035	0.0035	0.0035	0.0035	0.0035	0.0035	0.0035	0.0035	0.002	0.002	0.002	0.002	0.002	0.002	0.002	0.002	0.002	0.002	0.0019	0.0019	0.0019	0.0019	0.0019	0.0019	0.0019	0.0019	0.0019	0.0019	0.0013	0.0013	0.0013	0.0013	0.0013	0.0013	0.0013	0.0013	0.0013	0.0013	0.001	0.001
0.0	0.0881	0.0654	0.0661	0.2906	0.0675	0.0683	0.0078	0.0078	0.026	0.0078	0.0079	0.0067	0.0181	0.0067	0.0067	0.0182	0.0067	0.0067	0.0185	0.0187	0.0068	0.0044	0.007	0.0044	0.0044	0.0071	0.0044	0.0044	0.0071	0.0071	0.0044	0.0062	0.004	0.004	0.0062	0.0062	0.004	0.0062	0.0062	0.004	0.0063	0.0042	0.003	0.0031	0.0042	0.0042	0.0031	0.0042	0.0042	0.0031	0.0042	0.0038	0.0038	0.0028	0.0039	0.0039	0.003	0.003	0.0024	0.003	0.003	0.0028	0.0023
0.0	0.0669	0.1449	0.0701	0.0761	0.0775	0.0819	0.0234	0.0086	0.009	0.0091	0.0093	0.0248	0.0277	0.0282	0.0301	0.0092	0.0093	0.0095	0.0097	0.0099	0.01	0.0083	0.0087	0.0087	0.0089	0.0055	0.0055	0.0056	0.0057	0.0058	0.0058	0.0088	0.0089	0.0091	0.0092	0.0095	0.0095	0.0058	0.0059	0.0059	0.0061	0.0054	0.0054	0.0055	0.0056	0.0057	0.0057	0.0042	0.0043	0.0043	0.0044	0.0057	0.0058	0.0058	0.006	0.0045	0.0042	0.0042	0.0043	0.0044	0.0038	0.0044	0.0038
0.0	0.1011	0.241	0.0734	0.0744	0.0754	0.0766	0.0253	0.0083	0.0083	0.0083	0.0083	0.0178	0.0179	0.018	0.0182	0.007	0.007	0.0071	0.0071	0.0071	0.0071	0.007	0.0071	0.0071	0.0071	0.0045	0.0045	0.0045	0.0045	0.0045	0.0045	0.0062	0.0062	0.0062	0.0062	0.0062	0.0062	0.0041	0.0041	0.0041	0.0041	0.0042	0.0042	0.0042	0.0042	0.0043	0.0043	0.0031	0.0031	0.0032	0.0032	0.0039	0.0039	0.0039	0.0039	0.0029	0.003	0.003	0.003	0.003	0.0025	0.0028	0.0024
0.0	0.0655	0.0709	0.0695	0.2758	0.0742	0.0772	0.0071	0.007	0.019	0.0072	0.0073	0.0073	0.0209	0.0075	0.0076	0.0201	0.0073	0.0075	0.0214	0.0222	0.0077	0.0043	0.0065	0.0043	0.0044	0.0064	0.0043	0.0043	0.0066	0.0067	0.0044	0.0067	0.0044	0.0044	0.0068	0.0069	0.0045	0.0067	0.0068	0.0045	0.0069	0.0041	0.0032	0.0032	0.0042	0.0042	0.0032	0.0041	0.0042	0.0032	0.0042	0.0042	0.0043	0.0033	0.0043	0.0043	0.0031	0.0031	0.0027	0.0032	0.0031	0.0032	0.0027
0.0	0.0467	0.0475	0.0483	0.3539	0.0518	0.0535	0.0071	0.0071	0.0228	0.0074	0.0075	0.0072	0.0233	0.0075	0.0076	0.0238	0.0075	0.0076	0.0259	0.0268	0.0079	0.0043	0.007	0.0044	0.0045	0.007	0.0044	0.0045	0.0073	0.0074	0.0046	0.0071	0.0045	0.0045	0.0073	0.0074	0.0046	0.0074	0.0075	0.0047	0.0077	0.0043	0.0032	0.0033	0.0044	0.0044	0.0033	0.0044	0.0045	0.0033	0.0046	0.0044	0.0045	0.0033	0.0046	0.0046	0.0032	0.0032	0.0028	0.0033	0.0033	0.0033	0.0027
0.0	0.0951	0.2051	0.0721	0.2813	0.0727	0.0734	0.0097	0.0047	0.0125	0.0047	0.0047	0.0064	0.0106	0.0064	0.0064	0.0079	0.0037	0.0038	0.0079	0.008	0.0038	0.003	0.0041	0.0031	0.0031	0.0034	0.0024	0.0024	0.0034	0.0034	0.0024	0.0034	0.0026	0.0026	0.0034	0.0034	0.0026	0.0029	0.0029	0.0021	0.0029	0.0023	0.0018	0.0018	0.0023	0.0023	0.0018	0.002	0.002	0.0016	0.002	0.002	0.002	0.0017	0.002	0.0018	0.0015	0.0015	0.0013	0.0015	0.0014	0.0014	0.0011
0.0	0.1286	0.0708	0.0697	0.0764	0.0743	0.0765	0.0269	0.0261	0.0297	0.0284	0.0295	0.0093	0.0098	0.0096	0.0097	0.0096	0.0095	0.0096	0.0099	0.0101	0.0099	0.009	0.0095	0.0093	0.0094	0.0094	0.0092	0.0093	0.0097	0.0098	0.0096	0.0059	0.0059	0.0059	0.0061	0.0061	0.006	0.006	0.0061	0.006	0.0062	0.0059	0.0058	0.0058	0.006	0.006	0.006	0.0059	0.006	0.0059	0.0061	0.0045	0.0045	0.0044	0.0046	0.0045	0.0044	0.0045	0.0044	0.0045	0.0045	0.0039	0.0038
0.0	0.1337	0.0984	0.0816	0.0903	0.0883	0.0916	0.0213	0.0197	0.0224	0.0214	0.0222	0.0092	0.0098	0.0096	0.0098	0.0084	0.0083	0.0084	0.0087	0.0088	0.0087	0.0073	0.0077	0.0075	0.0076	0.0074	0.0073	0.0074	0.0076	0.0077	0.0076	0.0052	0.0052	0.0052	0.0053	0.0054	0.0053	0.0051	0.0051	0.0051	0.0052	0.0048	0.0047	0.0048	0.0049	0.0049	0.0049	0.0048	0.0048	0.0047	0.0049	0.0038	0.0039	0.0038	0.0039	0.0038	0.0036	0.0037	0.0036	0.0037	0.0037	0.0033	0.0032
0.0	0.27	0.0641	0.0639	0.0656	0.0663	0.0676	0.0239	0.0237	0.0245	0.0247	0.0252	0.0076	0.0077	0.0077	0.0078	0.0077	0.0077	0.0077	0.0078	0.0078	0.0079	0.0073	0.0074	0.0074	0.0075	0.0074	0.0074	0.0075	0.0075	0.0075	0.0076	0.0045	0.0046	0.0046	0.0046	0.0046	0.0046	0.0046	0.0046	0.0046	0.0046	0.0045	0.0045	0.0045	0.0045	0.0045	0.0045	0.0045	0.0045	0.0045	0.0046	0.0032	0.0033	0.0033	0.0033	0.0033	0.0032	0.0032	0.0032	0.0032	0.0032	0.0026	0.0026
0.0	0.2245	0.0569	0.0581	0.0594	0.0609	0.0626	0.0269	0.0275	0.0283	0.0291	0.0301	0.0087	0.0088	0.0089	0.0091	0.0089	0.009	0.0091	0.0091	0.0092	0.0093	0.0086	0.0087	0.0088	0.0089	0.0088	0.0089	0.009	0.009	0.0091	0.0092	0.0054	0.0054	0.0055	0.0055	0.0055	0.0056	0.0055	0.0055	0.0056	0.0056	0.0053	0.0054	0.0054	0.0054	0.0055	0.0055	0.0055	0.0055	0.0055	0.0056	0.004	0.004	0.004	0.0041	0.0041	0.004	0.004	0.004	0.004	0.0041	0.0034	0.0033
0.0	0.2654	0.0675	0.0673	0.0692	0.07	0.0715	0.0229	0.0227	0.0235	0.0237	0.0242	0.0074	0.0075	0.0075	0.0076	0.0075	0.0075	0.0076	0.0076	0.0077	0.0077	0.0071	0.0071	0.0072	0.0072	0.0071	0.0071	0.0072	0.0072	0.0073	0.0073	0.0044	0.0044	0.0045	0.0045	0.0045	0.0045	0.0045	0.0045	0.0045	0.0045	0.0043	0.0043	0.0043	0.0044	0.0044	0.0044	0.0043	0.0044	0.0044	0.0044	0.0032	0.0032	0.0032	0.0032	0.0032	0.0031	0.0031	0.0031	0.0031	0.0031	0.0025	0.0025
0.0	0.2798	0.0594	0.0603	0.0615	0.0627	0.0641	0.024	0.0244	0.0249	0.0255	0.0261	0.0077	0.0077	0.0078	0.0079	0.0078	0.0078	0.0079	0.0079	0.008	0.0081	0.0074	0.0075	0.0076	0.0076	0.0075	0.0076	0.0077	0.0077	0.0077	0.0078	0.0046	0.0047	0.0047	0.0047	0.0047	0.0047	0.0047	0.0047	0.0048	0.0048	0.0046	0.0046	0.0046	0.0046	0.0046	0.0047	0.0046	0.0047	0.0047	0.0047	0.0034	0.0034	0.0034	0.0034	0.0034	0.0033	0.0033	0.0034	0.0034	0.0034	0.0028	0.0027
0.0	0.4861	0.029	0.0293	0.0296	0.0299	0.0302	0.0243	0.0245	0.0248	0.025	0.0253	0.0066	0.0066	0.0066	0.0067	0.0066	0.0067	0.0067	0.0067	0.0067	0.0067	0.0066	0.0066	0.0066	0.0067	0.0066	0.0067	0.0067	0.0067	0.0067	0.0067	0.0039	0.0039	0.0039	0.0039	0.0039	0.0039	0.0039	0.0039	0.0039	0.0039	0.0039	0.0039	0.0039	0.0039	0.0039	0.0039	0.0039	0.0039	0.0039	0.0039	0.0027	0.0027	0.0027	0.0027	0.0027	0.0027	0.0027	0.0027	0.0027	0.0027	0.0021	0.0021
0.0	0.5875	0.0265	0.0267	0.0268	0.0269	0.0271	0.0196	0.0197	0.0198	0.0199	0.02	0.005	0.005	0.005	0.005	0.005	0.005	0.005	0.005	0.005	0.005	0.0049	0.005	0.005	0.005	0.005	0.005	0.005	0.005	0.005	0.005	0.0029	0.0029	0.0029	0.0029	0.0029	0.0029	0.0029	0.0029	0.0029	0.0029	0.0028	0.0029	0.0029	0.0029	0.0029	0.0029	0.0029	0.0029	0.0029	0.0029	0.0019	0.0019	0.0019	0.0019	0.002	0.0019	0.0019	0.0019	0.0019	0.002	0.0015	0.0015
0.0	0.8882	0.0083	0.0083	0.0083	0.0083	0.0084	0.0067	0.0067	0.0068	0.0068	0.0068	0.0011	0.0011	0.0011	0.0011	0.0011	0.0011	0.0011	0.0011	0.0011	0.0011	0.0011	0.0011	0.0011	0.0011	0.0011	0.0011	0.0011	0.0011	0.0011	0.0011	0.0005	0.0005	0.0005	0.0005	0.0005	0.0005	0.0005	0.0005	0.0005	0.0005	0.0005	0.0005	0.0005	0.0005	0.0005	0.0005	0.0005	0.0005	0.0005	0.0005	0.0003	0.0003	0.0003	0.0003	0.0003	0.0003	0.0003	0.0003	0.0003	0.0003	0.0002	0.0002
0.0	0.4719	0.0359	0.0362	0.0365	0.0369	0.0372	0.0228	0.0231	0.0233	0.0236	0.0238	0.0062	0.0063	0.0063	0.0063	0.0063	0.0063	0.0063	0.0063	0.0064	0.0064	0.0062	0.0062	0.0063	0.0063	0.0063	0.0063	0.0063	0.0063	0.0063	0.0064	0.0037	0.0037	0.0037	0.0037	0.0037	0.0037	0.0037	0.0037	0.0037	0.0037	0.0036	0.0037	0.0037	0.0037	0.0037	0.0037	0.0037	0.0037	0.0037	0.0037	0.0025	0.0025	0.0025	0.0025	0.0026	0.0025	0.0025	0.0025	0.0025	0.0025	0.002	0.002
0.0	0.8151	0.015	0.0151	0.0152	0.0152	0.0153	0.0097	0.0097	0.0098	0.0099	0.0099	0.0018	0.0018	0.0018	0.0018	0.0018	0.0018	0.0018	0.0018	0.0018	0.0018	0.0018	0.0018	0.0018	0.0018	0.0018	0.0018	0.0018	0.0018	0.0018	0.0018	0.0009	0.0009	0.0009	0.0009	0.0009	0.0009	0.0009	0.0009	0.0009	0.0009	0.0009	0.0009	0.0009	0.0009	0.0009	0.0009	0.0009	0.0009	0.0009	0.0009	0.0006	0.0006	0.0006	0.0006	0.0006	0.0006	0.0006	0.0006	0.0006	0.0006	0.0004	0.0004
0.0	0.9621	0.0028	0.0028	0.0029	0.0029	0.0029	0.0025	0.0026	0.0026	0.0026	0.0026	0.0003	0.0003	0.0003	0.0003	0.0003	0.0003	0.0003	0.0003	0.0003	0.0003	0.0003	0.0003	0.0003	0.0003	0.0003	0.0003	0.0003	0.0003	0.0003	0.0003	0.0002	0.0002	0.0002	0.0002	0.0002	0.0002	0.0002	0.0002	0.0002	0.0002	0.0002	0.0002	0.0002	0.0002	0.0002	0.0002	0.0002	0.0002	0.0002	0.0002	0.0001	0.0001	0.0001	0.0001	0.0001	0.0001	0.0001	0.0001	0.0001	0.0001	0.0001	0.0001
0.0	0.7114	0.0189	0.0189	0.019	0.019	0.019	0.0139	0.0139	0.0139	0.0139	0.014	0.0035	0.0035	0.0035	0.0035	0.0035	0.0035	0.0035	0.0035	0.0035	0.0035	0.0034	0.0034	0.0034	0.0034	0.0034	0.0034	0.0035	0.0035	0.0035	0.0035	0.002	0.002	0.002	0.002	0.002	0.002	0.002	0.002	0.002	0.002	0.002	0.002	0.002	0.002	0.002	0.002	0.002	0.002	0.002	0.002	0.0013	0.0013	0.0013	0.0013	0.0013	0.0013	0.0013	0.0013	0.0013	0.0013	0.001	0.001
0.0	0.8258	0.0113	0.0113	0.0113	0.0113	0.0113	0.0093	0.0093	0.0093	0.0093	0.0093	0.002	0.002	0.002	0.002	0.002	0.002	0.002	0.002	0.002	0.002	0.002	0.002	0.002	0.002	0.002	0.002	0.002	0.002	0.002	0.002	0.0011	0.0011	0.0011	0.0011	0.0011	0.0011	0.0011	0.0011	0.0011	0.0011	0.0011	0.0011	0.0011	0.0011	0.0011	0.0011	0.0011	0.0011	0.0011	0.0011	0.0007	0.0007	0.0007	0.0007	0.0007	0.0007	0.0007	0.0007	0.0007	0.0007	0.0005	0.0005
0.0	0.8963	0.0067	0.0067	0.0067	0.0067	0.0067	0.0058	0.0058	0.0058	0.0058	0.0058	0.0012	0.0012	0.0012	0.0012	0.0012	0.0012	0.0012	0.0012	0.0012	0.0012	0.0012	0.0012	0.0012	0.0012	0.0012	0.0012	0.0012	0.0012	0.0012	0.0012	0.0006	0.0006	0.0006	0.0006	0.0006	0.0006	0.0006	0.0006	0.0006	0.0006	0.0006	0.0006	0.0006	0.0006	0.0006	0.0006	0.0006	0.0006	0.0006	0.0006	0.0004	0.0004	0.0004	0.0004	0.0004	0.0004	0.0004	0.0004	0.0004	0.0004	0.0003	0.0003
0.0	0.96	0.0032	0.0033	0.0033	0.0033	0.0033	0.0025	0.0026	0.0026	0.0026	0.0026	0.0003	0.0003	0.0003	0.0003	0.0003	0.0003	0.0003	0.0003	0.0003	0.0003	0.0003	0.0003	0.0003	0.0003	0.0003	0.0003	0.0003	0.0003	0.0003	0.0003	0.0002	0.0002	0.0002	0.0002	0.0002	0.0002	0.0002	0.0002	0.0002	0.0002	0.0002	0.0002	0.0002	0.0002	0.0002	0.0002	0.0002	0.0002	0.0002	0.0002	0.0001	0.0001	0.0001	0.0001	0.0001	0.0001	0.0001	0.0001	0.0001	0.0001	0.0001	0.0001
0.0	0.9579	0.0033	0.0033	0.0033	0.0033	0.0033	0.0021	0.0021	0.0021	0.0021	0.0021	0.0004	0.0004	0.0004	0.0004	0.0004	0.0004	0.0004	0.0004	0.0004	0.0004	0.0004	0.0004	0.0004	0.0004	0.0004	0.0004	0.0004	0.0004	0.0004	0.0004	0.0002	0.0002	0.0002	0.0002	0.0002	0.0002	0.0002	0.0002	0.0002	0.0002	0.0002	0.0002	0.0002	0.0002	0.0002	0.0002	0.0002	0.0002	0.0002	0.0002	0.0001	0.0001	0.0001	0.0001	0.0001	0.0001	0.0001	0.0001	0.0001	0.0001	0.0001	0.0001
0.0	0.7677	0.0149	0.0149	0.0149	0.015	0.015	0.0115	0.0115	0.0115	0.0115	0.0115	0.0028	0.0028	0.0028	0.0028	0.0028	0.0028	0.0028	0.0028	0.0028	0.0028	0.0028	0.0028	0.0028	0.0028	0.0028	0.0028	0.0028	0.0028	0.0028	0.0028	0.0016	0.0016	0.0016	0.0016	0.0016	0.0016	0.0016	0.0016	0.0016	0.0016	0.0016	0.0016	0.0016	0.0016	0.0016	0.0016	0.0016	0.0016	0.0016	0.0016	0.0011	0.0011	0.0011	0.0011	0.0011	0.0011	0.0011	0.0011	0.0011	0.0011	0.0008	0.0008
0.0	0.8655	0.0091	0.0092	0.0092	0.0092	0.0092	0.0072	0.0072	0.0072	0.0072	0.0072	0.0015	0.0015	0.0015	0.0015	0.0015	0.0015	0.0015	0.0015	0.0015	0.0015	0.0015	0.0015	0.0015	0.0015	0.0015	0.0015	0.0015	0.0015	0.0015	0.0015	0.0008	0.0008	0.0008	0.0008	0.0008	0.0008	0.0008	0.0008	0.0008	0.0008	0.0008	0.0008	0.0008	0.0008	0.0008	0.0008	0.0008	0.0008	0.0008	0.0008	0.0005	0.0005	0.0005	0.0005	0.0005	0.0005	0.0005	0.0005	0.0005	0.0005	0.0004	0.0004
0.0	0.7733	0.0135	0.0135	0.0135	0.0135	0.0136	0.0116	0.0116	0.0116	0.0116	0.0116	0.0028	0.0028	0.0028	0.0028	0.0028	0.0028	0.0028	0.0028	0.0028	0.0028	0.0028	0.0028	0.0028	0.0028	0.0028	0.0028	0.0028	0.0028	0.0028	0.0028	0.0016	0.0016	0.0016	0.0016	0.0016	0.0016	0.0016	0.0016	0.0016	0.0016	0.0016	0.0016	0.0016	0.0016	0.0016	0.0016	0.0016	0.0016	0.0016	0.0016	0.0011	0.0011	0.0011	0.0011	0.0011	0.0011	0.0011	0.0011	0.0011	0.0011	0.0008	0.0008
0.0	0.1873	0.1563	0.1125	0.1772	0.1128	0.1141	0.0062	0.0052	0.0065	0.0052	0.0054	0.0038	0.0053	0.0038	0.0039	0.0042	0.0027	0.0027	0.0042	0.0043	0.0027	0.0023	0.0025	0.0023	0.0023	0.0024	0.0021	0.0021	0.0024	0.0024	0.0021	0.0021	0.0019	0.0019	0.0021	0.0021	0.0019	0.0019	0.0019	0.0017	0.0019	0.0016	0.0015	0.0015	0.0016	0.0016	0.0015	0.0015	0.0016	0.0015	0.0016	0.0014	0.0015	0.0014	0.0015	0.0014	0.0012	0.0013	0.0012	0.0013	0.0012	0.0012	0.0011
0.0	0.1087	0.0573	0.0585	0.0613	0.0632	0.0661	0.0302	0.0311	0.033	0.0343	0.0363	0.0105	0.0107	0.0109	0.0111	0.0108	0.011	0.0112	0.0112	0.0115	0.0116	0.0104	0.0106	0.0108	0.011	0.0107	0.0109	0.0111	0.0111	0.0114	0.0115	0.0067	0.0068	0.0069	0.0069	0.007	0.007	0.0069	0.007	0.0071	0.0072	0.0067	0.0067	0.0068	0.0068	0.0069	0.007	0.0069	0.007	0.0071	0.0072	0.0051	0.0052	0.0052	0.0053	0.0053	0.0051	0.0052	0.0052	0.0053	0.0053	0.0046	0.0046
0.0	0.35	0.0406	0.0412	0.0422	0.043	0.044	0.0288	0.0293	0.0301	0.0308	0.0317	0.0078	0.0079	0.0079	0.008	0.0079	0.008	0.008	0.008	0.0081	0.0082	0.0078	0.0079	0.0079	0.008	0.0079	0.008	0.008	0.008	0.0081	0.0082	0.0045	0.0046	0.0046	0.0046	0.0046	0.0046	0.0046	0.0046	0.0046	0.0047	0.0045	0.0045	0.0046	0.0046	0.0046	0.0046	0.0046	0.0046	0.0046	0.0047	0.0032	0.0032	0.0032	0.0032	0.0032	0.0032	0.0032	0.0032	0.0032	0.0032	0.0025	0.0025
0.0	0.2536	0.0438	0.0447	0.0456	0.0467	0.048	0.0299	0.0305	0.0313	0.0322	0.0332	0.0094	0.0095	0.0096	0.0097	0.0095	0.0096	0.0098	0.0097	0.0098	0.0099	0.0093	0.0094	0.0095	0.0096	0.0095	0.0096	0.0097	0.0097	0.0098	0.0099	0.0058	0.0058	0.0059	0.0058	0.0059	0.0059	0.0059	0.0059	0.006	0.006	0.0058	0.0058	0.0058	0.0058	0.0059	0.0059	0.0059	0.0059	0.006	0.006	0.0042	0.0043	0.0043	0.0043	0.0043	0.0042	0.0043	0.0043	0.0043	0.0043	0.0036	0.0036
0.0	0.2537	0.0437	0.0445	0.0455	0.0466	0.0478	0.0299	0.0306	0.0313	0.0322	0.0332	0.0094	0.0095	0.0096	0.0097	0.0095	0.0096	0.0098	0.0097	0.0099	0.01	0.0093	0.0094	0.0095	0.0097	0.0095	0.0096	0.0097	0.0097	0.0098	0.0099	0.0058	0.0058	0.0059	0.0059	0.0059	0.0059	0.0059	0.0059	0.006	0.006	0.0058	0.0058	0.0059	0.0058	0.0059	0.0059	0.0059	0.0059	0.006	0.006	0.0043	0.0043	0.0043	0.0043	0.0043	0.0042	0.0043	0.0043	0.0043	0.0043	0.0036	0.0036
0.0	0.3231	0.061	0.0619	0.0633	0.0645	0.066	0.0231	0.0235	0.0242	0.0247	0.0254	0.0066	0.0067	0.0067	0.0068	0.0067	0.0068	0.0068	0.0068	0.0069	0.0069	0.0063	0.0064	0.0064	0.0065	0.0064	0.0065	0.0065	0.0065	0.0066	0.0066	0.0038	0.0038	0.0038	0.0038	0.0038	0.0039	0.0038	0.0039	0.0039	0.0039	0.0037	0.0037	0.0038	0.0037	0.0038	0.0038	0.0038	0.0038	0.0038	0.0038	0.0026	0.0026	0.0027	0.0027	0.0027	0.0026	0.0026	0.0026	0.0026	0.0026	0.0021	0.002
0.0	0.739	0.0261	0.0264	0.0268	0.0272	0.0276	0.0112	0.0113	0.0116	0.0117	0.012	0.0021	0.0021	0.0021	0.0021	0.0021	0.0021	0.0021	0.0021	0.0021	0.0021	0.002	0.002	0.002	0.002	0.002	0.002	0.002	0.002	0.002	0.0021	0.001	0.001	0.001	0.001	0.001	0.001	0.001	0.001	0.001	0.001	0.001	0.001	0.001	0.001	0.001	0.001	0.001	0.001	0.001	0.001	0.0006	0.0006	0.0006	0.0006	0.0006	0.0006	0.0006	0.0006	0.0006	0.0006	0.0004	0.0004
0.0	0.5798	0.0306	0.0307	0.0309	0.031	0.0312	0.0182	0.0183	0.0184	0.0185	0.0186	0.0048	0.0048	0.0048	0.0048	0.0048	0.0048	0.0048	0.0048	0.0048	0.0048	0.0048	0.0048	0.0048	0.0048	0.0048	0.0048	0.0048	0.0048	0.0048	0.0048	0.0028	0.0028	0.0028	0.0028	0.0028	0.0028	0.0028	0.0028	0.0028	0.0028	0.0028	0.0028	0.0028	0.0028	0.0028	0.0028	0.0028	0.0028	0.0028	0.0028	0.0019	0.0019	0.0019	0.0019	0.0019	0.0019	0.0019	0.0019	0.0019	0.0019	0.0015	0.0015
0.0	0.5738	0.0325	0.0327	0.0329	0.033	0.0332	0.0179	0.018	0.0181	0.0182	0.0183	0.0047	0.0047	0.0047	0.0047	0.0047	0.0047	0.0048	0.0048	0.0048	0.0048	0.0047	0.0047	0.0047	0.0047	0.0047	0.0047	0.0047	0.0047	0.0047	0.0047	0.0027	0.0028	0.0028	0.0028	0.0028	0.0028	0.0028	0.0028	0.0028	0.0028	0.0027	0.0027	0.0027	0.0027	0.0027	0.0028	0.0027	0.0028	0.0028	0.0028	0.0019	0.0019	0.0019	0.0019	0.0019	0.0019	0.0019	0.0019	0.0019	0.0019	0.0014	0.0014
0.0	0.6103	0.0318	0.0319	0.0321	0.0322	0.0323	0.0162	0.0162	0.0163	0.0163	0.0164	0.0041	0.0041	0.0041	0.0041	0.0041	0.0041	0.0042	0.0042	0.0042	0.0042	0.0041	0.0041	0.0041	0.0041	0.0041	0.0041	0.0041	0.0041	0.0041	0.0041	0.0024	0.0024	0.0024	0.0024	0.0024	0.0024	0.0024	0.0024	0.0024	0.0024	0.0023	0.0023	0.0024	0.0024	0.0024	0.0024	0.0024	0.0024	0.0024	0.0024	0.0016	0.0016	0.0016	0.0016	0.0016	0.0016	0.0016	0.0016	0.0016	0.0016	0.0012	0.0012
0.0	0.7615	0.019	0.0191	0.0191	0.0191	0.0192	0.011	0.011	0.011	0.0111	0.0111	0.0025	0.0025	0.0025	0.0025	0.0025	0.0025	0.0025	0.0025	0.0025	0.0025	0.0025	0.0025	0.0025	0.0025	0.0025	0.0025	0.0025	0.0025	0.0025	0.0025	0.0014	0.0014	0.0014	0.0014	0.0014	0.0014	0.0014	0.0014	0.0014	0.0014	0.0014	0.0014	0.0014	0.0014	0.0014	0.0014	0.0014	0.0014	0.0014	0.0014	0.0009	0.0009	0.0009	0.0009	0.0009	0.0009	0.0009	0.0009	0.0009	0.0009	0.0007	0.0006
0.0	0.8404	0.0095	0.0095	0.0095	0.0095	0.0095	0.0088	0.0088	0.0088	0.0088	0.0088	0.0019	0.0019	0.0019	0.0019	0.0019	0.0019	0.0019	0.0019	0.0019	0.0019	0.0019	0.0019	0.0019	0.0019	0.0019	0.0019	0.0019	0.0019	0.0019	0.0019	0.0011	0.0011	0.0011	0.0011	0.0011	0.0011	0.0011	0.0011	0.0011	0.0011	0.0011	0.0011	0.0011	0.0011	0.0011	0.0011	0.0011	0.0011	0.0011	0.0011	0.0007	0.0007	0.0007	0.0007	0.0007	0.0007	0.0007	0.0007	0.0007	0.0007	0.0005	0.0005
0.0	0.8268	0.0126	0.0126	0.0126	0.0126	0.0127	0.0086	0.0086	0.0086	0.0086	0.0086	0.0019	0.0019	0.0019	0.0019	0.0019	0.0019	0.0019	0.0019	0.0019	0.0019	0.0019	0.0019	0.0019	0.0019	0.0019	0.0019	0.0019	0.0019	0.0019	0.0019	0.0011	0.0011	0.0011	0.0011	0.0011	0.0011	0.0011	0.0011	0.0011	0.0011	0.0011	0.0011	0.0011	0.0011	0.0011	0.0011	0.0011	0.0011	0.0011	0.0011	0.0007	0.0007	0.0007	0.0007	0.0007	0.0007	0.0007	0.0007	0.0007	0.0007	0.0005	0.0005
0.0	0.9533	0.0031	0.0031	0.0031	0.0031	0.0031	0.0029	0.0029	0.0029	0.0029	0.0029	0.0005	0.0005	0.0005	0.0005	0.0005	0.0005	0.0005	0.0005	0.0005	0.0005	0.0005	0.0005	0.0005	0.0005	0.0005	0.0005	0.0005	0.0005	0.0005	0.0005	0.0002	0.0002	0.0002	0.0002	0.0002	0.0002	0.0002	0.0002	0.0002	0.0002	0.0002	0.0002	0.0002	0.0002	0.0002	0.0002	0.0002	0.0002	0.0002	0.0002	0.0002	0.0002	0.0002	0.0002	0.0002	0.0002	0.0002	0.0002	0.0002	0.0002	0.0001	0.0001
0.0	0.8004	0.0137	0.0137	0.0137	0.0137	0.0137	0.0097	0.0097	0.0097	0.0097	0.0097	0.0023	0.0023	0.0023	0.0023	0.0023	0.0023	0.0023	0.0023	0.0023	0.0023	0.0023	0.0023	0.0023	0.0023	0.0023	0.0023	0.0023	0.0023	0.0023	0.0023	0.0013	0.0013	0.0013	0.0013	0.0013	0.0013	0.0013	0.0013	0.0013	0.0013	0.0013	0.0013	0.0013	0.0013	0.0013	0.0013	0.0013	0.0013	0.0013	0.0013	0.0009	0.0009	0.0009	0.0009	0.0009	0.0009	0.0009	0.0009	0.0009	0.0009	0.0006	0.0006
0.0	0.9511	0.0036	0.0036	0.0036	0.0036	0.0036	0.0029	0.0029	0.0029	0.0029	0.0029	0.0005	0.0005	0.0005	0.0005	0.0005	0.0005	0.0005	0.0005	0.0005	0.0005	0.0005	0.0005	0.0005	0.0005	0.0005	0.0005	0.0005	0.0005	0.0005	0.0005	0.0002	0.0002	0.0002	0.0002	0.0002	0.0002	0.0002	0.0002	0.0002	0.0002	0.0002	0.0002	0.0002	0.0002	0.0002	0.0002	0.0002	0.0002	0.0002	0.0002	0.0002	0.0002	0.0002	0.0002	0.0002	0.0002	0.0002	0.0002	0.0002	0.0002	0.0001	0.0001
0.0	0.9883	0.0009	0.0009	0.0009	0.0009	0.0009	0.0008	0.0008	0.0008	0.0008	0.0008	0.0001	0.0001	0.0001	0.0001	0.0001	0.0001	0.0001	0.0001	0.0001	0.0001	0.0001	0.0001	0.0001	0.0001	0.0001	0.0001	0.0001	0.0001	0.0001	0.0001	0.0001	0.0001	0.0001	0.0001	0.0001	0.0001	0.0001	0.0001	0.0001	0.0001	0.0001	0.0001	0.0001	0.0001	0.0001	0.0001	0.0001	0.0001	0.0001	0.0001	0.0	0.0	0.0	0.0	0.0	0.0	0.0	0.0	0.0	0.0	0.0	0.0
0.0	0.9879	0.001	0.001	0.001	0.001	0.001	0.0008	0.0008	0.0008	0.0008	0.0008	0.0001	0.0001	0.0001	0.0001	0.0001	0.0001	0.0001	0.0001	0.0001	0.0001	0.0001	0.0001	0.0001	0.0001	0.0001	0.0001	0.0001	0.0001	0.0001	0.0001	0.0001	0.0001	0.0001	0.0001	0.0001	0.0001	0.0001	0.0001	0.0001	0.0001	0.0001	0.0001	0.0001	0.0001	0.0001	0.0001	0.0001	0.0001	0.0001	0.0001	0.0	0.0	0.0	0.0	0.0	0.0	0.0	0.0	0.0	0.0	0.0	0.0
0.0	0.855	0.0102	0.0102	0.0102	0.0102	0.0102	0.007	0.007	0.007	0.007	0.007	0.0017	0.0017	0.0017	0.0017	0.0017	0.0017	0.0017	0.0017	0.0017	0.0017	0.0016	0.0016	0.0016	0.0016	0.0016	0.0016	0.0016	0.0016	0.0016	0.0016	0.0009	0.0009	0.0009	0.0009	0.0009	0.0009	0.0009	0.0009	0.0009	0.0009	0.0009	0.0009	0.0009	0.0009	0.0009	0.0009	0.0009	0.0009	0.0009	0.0009	0.0006	0.0006	0.0006	0.0006	0.0006	0.0006	0.0006	0.0006	0.0006	0.0006	0.0004	0.0004
0.0	0.9365	0.0047	0.0047	0.0047	0.0047	0.0047	0.0034	0.0034	0.0034	0.0034	0.0034	0.0007	0.0007	0.0007	0.0007	0.0007	0.0007	0.0007	0.0007	0.0007	0.0007	0.0007	0.0007	0.0007	0.0007	0.0007	0.0007	0.0007	0.0007	0.0007	0.0007	0.0004	0.0004	0.0004	0.0004	0.0004	0.0004	0.0004	0.0004	0.0004	0.0004	0.0004	0.0004	0.0004	0.0004	0.0004	0.0004	0.0004	0.0004	0.0004	0.0004	0.0002	0.0002	0.0002	0.0002	0.0002	0.0002	0.0002	0.0002	0.0002	0.0002	0.0002	0.0002
0.0	0.1147	0.0616	0.063	0.0658	0.0678	0.0709	0.0286	0.0295	0.0313	0.0325	0.0345	0.01	0.0102	0.0104	0.0106	0.0103	0.0105	0.0107	0.0107	0.0109	0.0111	0.0099	0.0101	0.0102	0.0105	0.0102	0.0103	0.0106	0.0106	0.0108	0.0109	0.0064	0.0064	0.0065	0.0065	0.0066	0.0067	0.0066	0.0067	0.0067	0.0068	0.0063	0.0064	0.0065	0.0065	0.0066	0.0067	0.0065	0.0066	0.0067	0.0068	0.0049	0.005	0.005	0.0051	0.0051	0.0049	0.0049	0.005	0.005	0.0051	0.0044	0.0044
0.0	0.3958	0.0423	0.0429	0.044	0.0448	0.0459	0.0262	0.0267	0.0275	0.0281	0.029	0.0068	0.0068	0.0069	0.0069	0.0069	0.0069	0.007	0.007	0.007	0.0071	0.0067	0.0068	0.0068	0.0069	0.0068	0.0069	0.0069	0.0069	0.007	0.0071	0.0038	0.0039	0.0039	0.0039	0.0039	0.0039	0.0039	0.0039	0.0039	0.004	0.0038	0.0039	0.0039	0.0039	0.0039	0.0039	0.0039	0.0039	0.0039	0.004	0.0026	0.0026	0.0027	0.0027	0.0027	0.0026	0.0026	0.0026	0.0027	0.0027	0.002	0.002
0.0	0.386	0.0485	0.0492	0.0503	0.0512	0.0525	0.0246	0.025	0.0258	0.0264	0.0272	0.0064	0.0065	0.0065	0.0066	0.0065	0.0065	0.0066	0.0066	0.0067	0.0067	0.0063	0.0064	0.0064	0.0065	0.0064	0.0065	0.0065	0.0065	0.0066	0.0066	0.0036	0.0037	0.0037	0.0037	0.0037	0.0037	0.0037	0.0037	0.0037	0.0038	0.0036	0.0036	0.0037	0.0037	0.0037	0.0037	0.0037	0.0037	0.0037	0.0037	0.0025	0.0025	0.0025	0.0025	0.0025	0.0025	0.0025	0.0025	0.0025	0.0025	0.0019	0.0019
0.0	0.637	0.0351	0.0354	0.0358	0.0361	0.0365	0.014	0.0141	0.0143	0.0144	0.0146	0.0033	0.0033	0.0033	0.0033	0.0033	0.0033	0.0033	0.0033	0.0033	0.0033	0.0031	0.0031	0.0031	0.0032	0.0031	0.0032	0.0032	0.0032	0.0032	0.0032	0.0018	0.0018	0.0018	0.0018	0.0018	0.0018	0.0018	0.0018	0.0018	0.0018	0.0017	0.0017	0.0017	0.0017	0.0017	0.0017	0.0017	0.0017	0.0017	0.0017	0.0012	0.0012	0.0012	0.0012	0.0012	0.0011	0.0011	0.0011	0.0011	0.0011	0.0008	0.0008
0.0	0.5497	0.0299	0.03	0.0302	0.0303	0.0305	0.0202	0.0203	0.0204	0.0205	0.0207	0.0054	0.0054	0.0054	0.0054	0.0054	0.0054	0.0054	0.0054	0.0055	0.0055	0.0054	0.0054	0.0054	0.0054	0.0054	0.0054	0.0054	0.0054	0.0054	0.0055	0.0032	0.0032	0.0032	0.0032	0.0032	0.0032	0.0032	0.0032	0.0032	0.0032	0.0032	0.0032	0.0032	0.0032	0.0032	0.0032	0.0032	0.0032	0.0032	0.0032	0.0022	0.0022	0.0022	0.0022	0.0022	0.0022	0.0022	0.0022	0.0022	0.0022	0.0017	0.0017
0.0	0.6028	0.0317	0.0318	0.0319	0.0321	0.0322	0.0168	0.0169	0.0169	0.017	0.0171	0.0043	0.0043	0.0043	0.0043	0.0043	0.0043	0.0043	0.0043	0.0043	0.0043	0.0042	0.0042	0.0042	0.0042	0.0042	0.0042	0.0042	0.0042	0.0042	0.0043	0.0024	0.0024	0.0024	0.0024	0.0024	0.0025	0.0024	0.0024	0.0025	0.0025	0.0024	0.0024	0.0024	0.0024	0.0024	0.0024	0.0024	0.0024	0.0024	0.0024	0.0017	0.0017	0.0017	0.0017	0.0017	0.0016	0.0016	0.0016	0.0016	0.0017	0.0012	0.0012
0.0	0.7992	0.0161	0.0161	0.0161	0.0162	0.0162	0.0096	0.0097	0.0097	0.0097	0.0097	0.0021	0.0021	0.0021	0.0021	0.0021	0.0021	0.0021	0.0021	0.0021	0.0021	0.002	0.002	0.002	0.002	0.002	0.002	0.0021	0.0021	0.0021	0.0021	0.0011	0.0011	0.0011	0.0011	0.0011	0.0011	0.0011	0.0011	0.0011	0.0011	0.0011	0.0011	0.0011	0.0011	0.0011	0.0011	0.0011	0.0011	0.0011	0.0011	0.0007	0.0007	0.0007	0.0007	0.0007	0.0007	0.0007	0.0007	0.0007	0.0007	0.0005	0.0005
0.0	0.5412	0.0331	0.0333	0.0334	0.0336	0.0338	0.0196	0.0197	0.0198	0.02	0.0201	0.0053	0.0053	0.0053	0.0053	0.0053	0.0053	0.0053	0.0053	0.0053	0.0053	0.0052	0.0052	0.0053	0.0053	0.0053	0.0053	0.0053	0.0053	0.0053	0.0053	0.0031	0.0031	0.0031	0.0031	0.0031	0.0031	0.0031	0.0031	0.0031	0.0031	0.0031	0.0031	0.0031	0.0031	0.0031	0.0031	0.0031	0.0031	0.0031	0.0031	0.0021	0.0021	0.0021	0.0021	0.0021	0.0021	0.0021	0.0021	0.0021	0.0021	0.0017	0.0016
0.0	0.7008	0.0173	0.0174	0.0174	0.0175	0.0176	0.0157	0.0157	0.0158	0.0158	0.0159	0.0037	0.0037	0.0037	0.0037	0.0037	0.0037	0.0037	0.0037	0.0037	0.0038	0.0037	0.0037	0.0037	0.0037	0.0037	0.0037	0.0037	0.0037	0.0037	0.0038	0.0021	0.0021	0.0021	0.0021	0.0021	0.0021	0.0021	0.0021	0.0021	0.0021	0.0021	0.0021	0.0021	0.0021	0.0021	0.0021	0.0021	0.0021	0.0021	0.0021	0.0014	0.0014	0.0014	0.0014	0.0014	0.0014	0.0014	0.0014	0.0014	0.0014	0.001	0.001
0.0	0.7799	0.0178	0.0178	0.0178	0.0179	0.0179	0.0102	0.0102	0.0103	0.0103	0.0103	0.0023	0.0023	0.0023	0.0023	0.0023	0.0023	0.0023	0.0023	0.0023	0.0023	0.0022	0.0022	0.0023	0.0023	0.0022	0.0023	0.0023	0.0023	0.0023	0.0023	0.0013	0.0013	0.0013	0.0013	0.0013	0.0013	0.0013	0.0013	0.0013	0.0013	0.0012	0.0012	0.0012	0.0012	0.0012	0.0012	0.0012	0.0012	0.0012	0.0012	0.0008	0.0008	0.0008	0.0008	0.0008	0.0008	0.0008	0.0008	0.0008	0.0008	0.0006	0.0006
0.0	0.7542	0.0166	0.0166	0.0167	0.0167	0.0167	0.012	0.0121	0.0121	0.0121	0.0121	0.0029	0.0029	0.0029	0.0029	0.0029	0.0029	0.0029	0.0029	0.0029	0.0029	0.0029	0.0029	0.0029	0.0029	0.0029	0.0029	0.0029	0.0029	0.0029	0.0029	0.0016	0.0016	0.0016	0.0016	0.0016	0.0016	0.0016	0.0016	0.0016	0.0016	0.0016	0.0016	0.0016	0.0016	0.0016	0.0016	0.0016	0.0016	0.0016	0.0016	0.0011	0.0011	0.0011	0.0011	0.0011	0.0011	0.0011	0.0011	0.0011	0.0011	0.0008	0.0008
0.0	0.7517	0.0173	0.0173	0.0173	0.0173	0.0174	0.012	0.012	0.012	0.012	0.0121	0.0029	0.0029	0.0029	0.0029	0.0029	0.0029	0.0029	0.0029	0.0029	0.0029	0.0028	0.0028	0.0028	0.0028	0.0028	0.0028	0.0028	0.0028	0.0028	0.0029	0.0016	0.0016	0.0016	0.0016	0.0016	0.0016	0.0016	0.0016	0.0016	0.0016	0.0016	0.0016	0.0016	0.0016	0.0016	0.0016	0.0016	0.0016	0.0016	0.0016	0.0011	0.0011	0.0011	0.0011	0.0011	0.0011	0.0011	0.0011	0.0011	0.0011	0.0008	0.0008
0.0	0.6891	0.0208	0.0208	0.0209	0.0209	0.021	0.0152	0.0153	0.0153	0.0154	0.0154	0.0036	0.0036	0.0036	0.0036	0.0036	0.0036	0.0037	0.0037	0.0037	0.0037	0.0036	0.0036	0.0036	0.0036	0.0036	0.0036	0.0036	0.0036	0.0036	0.0037	0.0021	0.0021	0.0021	0.0021	0.0021	0.0021	0.0021	0.0021	0.0021	0.0021	0.0021	0.0021	0.0021	0.0021	0.0021	0.0021	0.0021	0.0021	0.0021	0.0021	0.0014	0.0014	0.0014	0.0014	0.0014	0.0014	0.0014	0.0014	0.0014	0.0014	0.001	0.001
0.0	0.9331	0.0051	0.0051	0.0051	0.0051	0.0051	0.0042	0.0043	0.0043	0.0043	0.0043	0.0006	0.0006	0.0006	0.0006	0.0006	0.0006	0.0006	0.0006	0.0006	0.0006	0.0006	0.0006	0.0006	0.0006	0.0006	0.0006	0.0006	0.0006	0.0006	0.0006	0.0003	0.0003	0.0003	0.0003	0.0003	0.0003	0.0003	0.0003	0.0003	0.0003	0.0003	0.0003	0.0003	0.0003	0.0003	0.0003	0.0003	0.0003	0.0003	0.0003	0.0002	0.0002	0.0002	0.0002	0.0002	0.0002	0.0002	0.0002	0.0002	0.0002	0.0001	0.0001
0.0	0.7916	0.0164	0.0164	0.0164	0.0164	0.0164	0.0094	0.0094	0.0094	0.0094	0.0094	0.0022	0.0022	0.0022	0.0022	0.0022	0.0022	0.0022	0.0022	0.0022	0.0022	0.0022	0.0022	0.0022	0.0022	0.0022	0.0022	0.0022	0.0022	0.0022	0.0022	0.0013	0.0013	0.0013	0.0013	0.0013	0.0013	0.0013	0.0013	0.0013	0.0013	0.0013	0.0013	0.0013	0.0013	0.0013	0.0013	0.0013	0.0013	0.0013	0.0013	0.0008	0.0008	0.0008	0.0008	0.0008	0.0008	0.0008	0.0008	0.0008	0.0008	0.0006	0.0006
0.0	0.8636	0.0106	0.0106	0.0106	0.0106	0.0106	0.0066	0.0066	0.0066	0.0066	0.0066	0.0014	0.0014	0.0014	0.0014	0.0014	0.0014	0.0014	0.0014	0.0014	0.0014	0.0014	0.0014	0.0014	0.0014	0.0014	0.0014	0.0014	0.0014	0.0014	0.0014	0.0008	0.0008	0.0008	0.0008	0.0008	0.0008	0.0008	0.0008	0.0008	0.0008	0.0008	0.0008	0.0008	0.0008	0.0008	0.0008	0.0008	0.0008	0.0008	0.0008	0.0005	0.0005	0.0005	0.0005	0.0005	0.0005	0.0005	0.0005	0.0005	0.0005	0.0004	0.0004
0.0	0.9318	0.0054	0.0054	0.0054	0.0054	0.0054	0.0042	0.0042	0.0043	0.0043	0.0043	0.0006	0.0006	0.0006	0.0006	0.0006	0.0006	0.0006	0.0006	0.0006	0.0006	0.0006	0.0006	0.0006	0.0006	0.0006	0.0006	0.0006	0.0006	0.0006	0.0006	0.0003	0.0003	0.0003	0.0003	0.0003	0.0003	0.0003	0.0003	0.0003	0.0003	0.0003	0.0003	0.0003	0.0003	0.0003	0.0003	0.0003	0.0003	0.0003	0.0003	0.0002	0.0002	0.0002	0.0002	0.0002	0.0002	0.0002	0.0002	0.0002	0.0002	0.0001	0.0001
0.0	0.8861	0.0094	0.0094	0.0094	0.0094	0.0094	0.0052	0.0052	0.0052	0.0053	0.0053	0.0012	0.0012	0.0012	0.0012	0.0012	0.0012	0.0012	0.0012	0.0012	0.0012	0.0011	0.0011	0.0011	0.0011	0.0011	0.0011	0.0011	0.0011	0.0011	0.0011	0.0006	0.0006	0.0006	0.0006	0.0006	0.0006	0.0006	0.0006	0.0006	0.0006	0.0006	0.0006	0.0006	0.0006	0.0006	0.0006	0.0006	0.0006	0.0006	0.0006	0.0004	0.0004	0.0004	0.0004	0.0004	0.0004	0.0004	0.0004	0.0004	0.0004	0.0003	0.0003
0.0	0.7439	0.0189	0.0189	0.019	0.019	0.019	0.0117	0.0118	0.0118	0.0118	0.0118	0.0029	0.0029	0.0029	0.0029	0.0029	0.0029	0.0029	0.0029	0.0029	0.0029	0.0028	0.0029	0.0029	0.0029	0.0029	0.0029	0.0029	0.0029	0.0029	0.0029	0.0016	0.0016	0.0016	0.0016	0.0016	0.0016	0.0016	0.0016	0.0016	0.0016	0.0016	0.0016	0.0016	0.0016	0.0016	0.0016	0.0016	0.0016	0.0016	0.0016	0.0011	0.0011	0.0011	0.0011	0.0011	0.0011	0.0011	0.0011	0.0011	0.0011	0.0008	0.0008
0.0	0.7483	0.0143	0.0144	0.0144	0.0144	0.0144	0.0133	0.0133	0.0133	0.0133	0.0133	0.0032	0.0032	0.0032	0.0032	0.0032	0.0032	0.0032	0.0032	0.0032	0.0032	0.0032	0.0032	0.0032	0.0032	0.0032	0.0032	0.0032	0.0032	0.0032	0.0032	0.0018	0.0018	0.0018	0.0018	0.0018	0.0018	0.0018	0.0018	0.0018	0.0018	0.0018	0.0018	0.0018	0.0018	0.0018	0.0018	0.0018	0.0018	0.0018	0.0018	0.0012	0.0012	0.0012	0.0012	0.0012	0.0012	0.0012	0.0012	0.0012	0.0012	0.0009	0.0009
0.0	0.7392	0.0168	0.0168	0.0168	0.0169	0.0169	0.013	0.013	0.0131	0.0131	0.0131	0.0031	0.0031	0.0031	0.0031	0.0031	0.0031	0.0031	0.0031	0.0031	0.0031	0.0031	0.0031	0.0031	0.0031	0.0031	0.0031	0.0031	0.0031	0.0031	0.0031	0.0018	0.0018	0.0018	0.0018	0.0018	0.0018	0.0018	0.0018	0.0018	0.0018	0.0018	0.0018	0.0018	0.0018	0.0018	0.0018	0.0018	0.0018	0.0018	0.0018	0.0012	0.0012	0.0012	0.0012	0.0012	0.0012	0.0012	0.0012	0.0012	0.0012	0.0009	0.0009
0.0	0.9302	0.0052	0.0052	0.0052	0.0052	0.0052	0.0042	0.0042	0.0042	0.0042	0.0042	0.0007	0.0007	0.0007	0.0007	0.0007	0.0007	0.0007	0.0007	0.0007	0.0007	0.0007	0.0007	0.0007	0.0007	0.0007	0.0007	0.0007	0.0007	0.0007	0.0007	0.0003	0.0003	0.0003	0.0003	0.0003	0.0003	0.0003	0.0003	0.0003	0.0003	0.0003	0.0003	0.0003	0.0003	0.0003	0.0003	0.0003	0.0003	0.0003	0.0003	0.0002	0.0002	0.0002	0.0002	0.0002	0.0002	0.0002	0.0002	0.0002	0.0002	0.0001	0.0001
0.0	0.9571	0.003	0.003	0.003	0.003	0.003	0.0024	0.0024	0.0024	0.0024	0.0024	0.0005	0.0005	0.0005	0.0005	0.0005	0.0005	0.0005	0.0005	0.0005	0.0005	0.0005	0.0005	0.0005	0.0005	0.0005	0.0005	0.0005	0.0005	0.0005	0.0005	0.0002	0.0002	0.0002	0.0002	0.0002	0.0002	0.0002	0.0002	0.0002	0.0002	0.0002	0.0002	0.0002	0.0002	0.0002	0.0002	0.0002	0.0002	0.0002	0.0002	0.0002	0.0002	0.0002	0.0002	0.0002	0.0002	0.0002	0.0002	0.0002	0.0002	0.0001	0.0001
