x1	x2	x3	x4	x5	x6	x7	x8	x9	x10	x11	x12	x13	x14	x15	x16	x17	x18	x19	x20	x21	x22	x23	x24	x25	x26	x27	x28	x29	x30	x31	x32	x33	x34	x35	x36	x37	x38	x39	x40	x41	x42	x43	x44	x45	x46	x47	x48	x49	x50	x51	x52	x53	x54	x55	x56	x57	x58	x59	x60	x61	x62	x63	x64
0.0	0.0042	0.0121	0.0215	0.0336	0.0487	0.068	0.0176	0.0183	0.0192	0.0203	0.0216	0.019	0.0198	0.0209	0.0223	0.0206	0.0216	0.023	0.0225	0.0239	0.0249	0.0122	0.0124	0.0126	0.013	0.0126	0.0128	0.0131	0.013	0.0133	0.0136	0.0127	0.013	0.0133	0.0132	0.0135	0.0138	0.0134	0.0137	0.0139	0.0141	0.0103	0.0105	0.0106	0.0106	0.0108	0.0109	0.0107	0.0109	0.011	0.0111	0.0108	0.011	0.0111	0.0112	0.0113	0.0098	0.0099	0.01	0.0101	0.0102	0.0103	0.0103
0.0	0.0072	0.0169	0.0262	0.037	0.05	0.0618	0.0181	0.0187	0.0194	0.0201	0.0207	0.0195	0.0202	0.021	0.0215	0.0208	0.0216	0.0221	0.0223	0.0228	0.0235	0.0123	0.0124	0.0126	0.0127	0.0126	0.0128	0.0129	0.0129	0.013	0.0132	0.0128	0.013	0.0131	0.0131	0.0132	0.0134	0.0133	0.0134	0.0136	0.0137	0.0103	0.0104	0.0105	0.0105	0.0106	0.0107	0.0106	0.0107	0.0108	0.0109	0.0107	0.0108	0.0109	0.011	0.0111	0.0096	0.0097	0.0097	0.0098	0.0099	0.01	0.0098
0.0	0.0043	0.0096	0.0162	0.0235	0.0323	0.0997	0.0172	0.0176	0.018	0.0185	0.0258	0.0179	0.0184	0.0189	0.0262	0.0188	0.0193	0.0266	0.0197	0.027	0.0275	0.0119	0.012	0.0121	0.0139	0.0121	0.0122	0.014	0.0123	0.0141	0.0142	0.0122	0.0123	0.0141	0.0124	0.0142	0.0143	0.0125	0.0143	0.0144	0.0145	0.01	0.01	0.0111	0.0101	0.0111	0.0112	0.0101	0.0112	0.0112	0.0113	0.0102	0.0112	0.0113	0.0113	0.0114	0.0093	0.01	0.0101	0.0101	0.0102	0.0102	0.0101
0.0	0.0126	0.0174	0.0179	0.0205	0.1761	0.0413	0.015	0.0148	0.0149	0.0271	0.0154	0.0152	0.0153	0.0291	0.0158	0.0151	0.0278	0.0156	0.028	0.0157	0.0289	0.0101	0.0101	0.0129	0.0102	0.01	0.0127	0.0102	0.0127	0.0102	0.0129	0.0102	0.013	0.0103	0.013	0.0103	0.0132	0.0128	0.0102	0.013	0.013	0.0081	0.0095	0.0081	0.0095	0.0081	0.0096	0.0094	0.0081	0.0095	0.0095	0.0096	0.0082	0.0096	0.0097	0.0096	0.0079	0.007	0.0079	0.0079	0.0079	0.008	0.0071
0.0	0.0127	0.1454	0.0308	0.0339	0.0373	0.0408	0.0259	0.0148	0.0149	0.015	0.0151	0.0269	0.0271	0.0273	0.0276	0.0154	0.0155	0.0156	0.0156	0.0157	0.0158	0.0123	0.0123	0.0124	0.0124	0.01	0.01	0.01	0.01	0.01	0.0101	0.0125	0.0125	0.0126	0.0126	0.0126	0.0126	0.0101	0.0102	0.0102	0.0102	0.0092	0.0092	0.0092	0.0092	0.0092	0.0093	0.008	0.008	0.008	0.008	0.0093	0.0093	0.0093	0.0094	0.0081	0.0077	0.0077	0.0077	0.0077	0.0069	0.0078	0.0069
0.0	0.005	0.0615	0.0281	0.0348	0.0431	0.0508	0.022	0.0172	0.0175	0.0179	0.0182	0.0233	0.0236	0.0242	0.0243	0.0188	0.0192	0.0195	0.0195	0.0198	0.0202	0.0128	0.0129	0.013	0.0131	0.0117	0.0118	0.0119	0.0119	0.012	0.0121	0.0132	0.0133	0.0134	0.0134	0.0134	0.0136	0.0122	0.0123	0.0124	0.0124	0.0103	0.0104	0.0104	0.0104	0.0104	0.0105	0.0097	0.0098	0.0098	0.0099	0.0106	0.0106	0.0107	0.0107	0.0101	0.0092	0.0092	0.0093	0.0093	0.0088	0.0094	0.0089
0.0	0.005	0.0615	0.0281	0.0348	0.0431	0.0508	0.022	0.0172	0.0175	0.0179	0.0182	0.0233	0.0236	0.0242	0.0243	0.0188	0.0192	0.0195	0.0195	0.0198	0.0202	0.0128	0.0129	0.013	0.0131	0.0117	0.0118	0.0119	0.0119	0.012	0.0121	0.0132	0.0133	0.0134	0.0134	0.0134	0.0136	0.0122	0.0123	0.0124	0.0124	0.0103	0.0104	0.0104	0.0104	0.0104	0.0105	0.0097	0.0098	0.0098	0.0099	0.0106	0.0106	0.0107	0.0107	0.0101	0.0092	0.0092	0.0093	0.0093	0.0088	0.0094	0.0089
0.0	0.0076	0.0314	0.0388	0.0364	0.0454	0.0556	0.0192	0.0193	0.0184	0.0188	0.0193	0.0218	0.0208	0.0213	0.0218	0.0209	0.0213	0.0218	0.0204	0.0209	0.0213	0.0127	0.0124	0.0125	0.0126	0.0124	0.0125	0.0126	0.0123	0.0124	0.0125	0.013	0.0131	0.0132	0.0129	0.013	0.0131	0.0129	0.013	0.0131	0.0129	0.0103	0.0104	0.0104	0.0102	0.0103	0.0104	0.0103	0.0103	0.0104	0.0102	0.0106	0.0107	0.0107	0.0106	0.0106	0.0094	0.0094	0.0094	0.0093	0.0094	0.0096	0.0092
0.0	0.0355	0.1272	0.1411	0.052	0.0546	0.0574	0.0145	0.0149	0.0122	0.0122	0.0123	0.0176	0.0148	0.0148	0.0149	0.0152	0.0152	0.0153	0.0124	0.0125	0.0125	0.0093	0.0087	0.0087	0.0087	0.0087	0.0087	0.0088	0.0082	0.0082	0.0082	0.0093	0.0093	0.0093	0.0087	0.0087	0.0087	0.0088	0.0088	0.0088	0.0082	0.0072	0.0072	0.0072	0.0069	0.0069	0.0069	0.0069	0.0069	0.0069	0.0066	0.0072	0.0072	0.0072	0.0069	0.0069	0.006	0.006	0.006	0.0058	0.0058	0.006	0.0052
0.0	0.0237	0.1131	0.0404	0.0365	0.039	0.0418	0.0289	0.0152	0.0144	0.0145	0.0146	0.0357	0.0307	0.0311	0.0316	0.0156	0.0156	0.0157	0.0149	0.015	0.0151	0.013	0.0124	0.0124	0.0125	0.0095	0.0096	0.0096	0.0093	0.0093	0.0093	0.0133	0.0133	0.0134	0.0127	0.0127	0.0128	0.0097	0.0097	0.0097	0.0095	0.0089	0.0089	0.0089	0.0087	0.0087	0.0087	0.0073	0.0074	0.0074	0.0072	0.009	0.0091	0.0091	0.0088	0.0074	0.007	0.0071	0.0071	0.0069	0.0062	0.0071	0.0061
0.0	0.0176	0.073	0.0334	0.0386	0.0428	0.0483	0.025	0.0166	0.0168	0.0168	0.017	0.0267	0.0273	0.0271	0.0276	0.0174	0.0175	0.0177	0.0177	0.0179	0.018	0.0128	0.0129	0.0128	0.0129	0.0109	0.0109	0.0109	0.0109	0.011	0.011	0.0131	0.0131	0.0132	0.0132	0.0133	0.0133	0.0111	0.0112	0.0112	0.0112	0.0097	0.0097	0.0097	0.0097	0.0097	0.0097	0.0087	0.0088	0.0088	0.0088	0.0098	0.0099	0.0099	0.0099	0.0089	0.0082	0.0082	0.0082	0.0083	0.0077	0.0084	0.0076
0.0	0.0176	0.073	0.0334	0.0386	0.0428	0.0483	0.025	0.0166	0.0168	0.0168	0.017	0.0267	0.0273	0.0271	0.0276	0.0174	0.0175	0.0177	0.0177	0.0179	0.018	0.0128	0.0129	0.0128	0.0129	0.0109	0.0109	0.0109	0.0109	0.011	0.011	0.0131	0.0131	0.0132	0.0132	0.0133	0.0133	0.0111	0.0112	0.0112	0.0112	0.0097	0.0097	0.0097	0.0097	0.0097	0.0097	0.0087	0.0088	0.0088	0.0088	0.0098	0.0099	0.0099	0.0099	0.0089	0.0082	0.0082	0.0082	0.0083	0.0077	0.0084	0.0076
0.0	0.0035	0.0106	0.0151	0.0588	0.0471	0.0596	0.0171	0.0172	0.0221	0.0193	0.02	0.0178	0.0229	0.02	0.0206	0.0229	0.0201	0.0207	0.025	0.0257	0.0229	0.0118	0.013	0.0123	0.0124	0.013	0.0123	0.0124	0.0135	0.0137	0.013	0.0132	0.0125	0.0126	0.0137	0.0139	0.0131	0.0137	0.0139	0.0131	0.0144	0.0105	0.0101	0.0101	0.0108	0.0109	0.0104	0.0108	0.0109	0.0104	0.0112	0.0109	0.011	0.0105	0.0113	0.0113	0.0097	0.0098	0.0095	0.01	0.01	0.0101	0.0098
0.0	0.0039	0.012	0.0187	0.0537	0.05	0.0588	0.0172	0.0176	0.0212	0.0197	0.0199	0.0183	0.022	0.0204	0.0206	0.0226	0.0208	0.021	0.0245	0.0246	0.0231	0.0119	0.0128	0.0124	0.0124	0.0129	0.0125	0.0125	0.0134	0.0134	0.013	0.0131	0.0127	0.0127	0.0136	0.0136	0.0132	0.0137	0.0137	0.0133	0.0142	0.0104	0.0102	0.0102	0.0107	0.0107	0.0105	0.0107	0.0108	0.0105	0.011	0.0108	0.0109	0.0106	0.0111	0.0112	0.0097	0.0097	0.0095	0.0099	0.0099	0.01	0.0098
0.0	0.029	0.0324	0.0337	0.1342	0.131	0.053	0.0131	0.0131	0.0166	0.0162	0.0134	0.0132	0.0167	0.0163	0.0135	0.0166	0.0163	0.0135	0.0198	0.017	0.0166	0.0089	0.0096	0.0096	0.009	0.0096	0.0096	0.009	0.0103	0.0097	0.0096	0.0096	0.0096	0.009	0.0103	0.0097	0.0097	0.0103	0.0097	0.0097	0.0104	0.0076	0.0076	0.0072	0.008	0.0076	0.0076	0.008	0.0076	0.0076	0.008	0.008	0.0076	0.0076	0.008	0.008	0.0067	0.0064	0.0064	0.0067	0.0067	0.0067	0.0059
0.0	0.004	0.0044	0.0046	0.4802	0.0208	0.0213	0.0089	0.0089	0.0202	0.009	0.009	0.0089	0.0203	0.009	0.009	0.0202	0.009	0.009	0.0204	0.0204	0.0092	0.0064	0.0086	0.0064	0.0064	0.0086	0.0064	0.0064	0.0086	0.0086	0.0065	0.0086	0.0064	0.0064	0.0086	0.0086	0.0065	0.0086	0.0086	0.0065	0.0087	0.0063	0.0051	0.0051	0.0063	0.0063	0.0051	0.0063	0.0063	0.0051	0.0064	0.0063	0.0063	0.0051	0.0064	0.0064	0.0051	0.0051	0.0043	0.0051	0.0051	0.0051	0.0043
0.0	0.0171	0.0181	0.0188	0.0423	0.2561	0.0304	0.0116	0.0116	0.0139	0.0255	0.0118	0.0117	0.014	0.0257	0.0118	0.014	0.0256	0.0118	0.0455	0.0141	0.0259	0.0076	0.0084	0.0107	0.0076	0.0084	0.0106	0.0076	0.0127	0.0084	0.0107	0.0084	0.0107	0.0076	0.0127	0.0085	0.0107	0.0127	0.0084	0.0107	0.0127	0.0061	0.0073	0.0057	0.0081	0.0061	0.0073	0.0081	0.0061	0.0073	0.0081	0.0081	0.0061	0.0073	0.0081	0.0081	0.006	0.0049	0.0055	0.006	0.006	0.006	0.0048
0.0	0.0291	0.1398	0.0379	0.1658	0.0489	0.0502	0.0145	0.0117	0.0151	0.0118	0.0118	0.0146	0.018	0.0147	0.0147	0.0152	0.0119	0.0119	0.0154	0.0153	0.0121	0.0086	0.0093	0.0086	0.0086	0.0087	0.008	0.008	0.0087	0.0087	0.0081	0.0093	0.0086	0.0086	0.0094	0.0094	0.0087	0.0088	0.0088	0.0081	0.0088	0.0072	0.0068	0.0068	0.0072	0.0072	0.0068	0.0069	0.0069	0.0065	0.0069	0.0073	0.0073	0.0068	0.0073	0.0069	0.006	0.006	0.0057	0.006	0.0058	0.006	0.0052
0.0	0.0202	0.1432	0.0281	0.0657	0.0327	0.0341	0.0264	0.0129	0.0161	0.0129	0.0129	0.0265	0.0562	0.0268	0.0267	0.0162	0.013	0.013	0.0164	0.0163	0.0131	0.0113	0.014	0.0113	0.0113	0.0093	0.0081	0.0081	0.0093	0.0093	0.0082	0.0141	0.0113	0.0113	0.0141	0.0141	0.0113	0.0093	0.0093	0.0082	0.0094	0.0087	0.0076	0.0076	0.0088	0.0087	0.0076	0.0067	0.0067	0.0061	0.0067	0.0088	0.0088	0.0077	0.0088	0.0067	0.0064	0.0064	0.0058	0.0064	0.0052	0.0064	0.0051
0.0	0.0011	0.0014	0.0016	0.4561	0.0208	0.0214	0.0095	0.0095	0.0203	0.0097	0.0097	0.0095	0.0203	0.0097	0.0097	0.0203	0.0097	0.0097	0.0206	0.0206	0.0099	0.007	0.0092	0.007	0.007	0.0092	0.007	0.007	0.0093	0.0093	0.0071	0.0092	0.007	0.007	0.0093	0.0093	0.0071	0.0093	0.0093	0.0071	0.0093	0.0069	0.0056	0.0056	0.007	0.007	0.0057	0.007	0.007	0.0057	0.007	0.007	0.007	0.0057	0.007	0.007	0.0057	0.0057	0.0048	0.0057	0.0057	0.0057	0.0048
0.0	0.0206	0.0231	0.023	0.2854	0.0884	0.0407	0.0109	0.0108	0.0181	0.0122	0.011	0.0109	0.0183	0.0123	0.0111	0.0181	0.0122	0.0111	0.0195	0.0183	0.0125	0.0076	0.0091	0.0079	0.0076	0.0091	0.0079	0.0076	0.0094	0.0091	0.0079	0.0091	0.0079	0.0076	0.0094	0.0092	0.0079	0.0094	0.0091	0.0079	0.0094	0.0069	0.0062	0.0061	0.0071	0.007	0.0063	0.0071	0.007	0.0063	0.0071	0.0071	0.007	0.0063	0.0072	0.0071	0.0058	0.0057	0.0053	0.0059	0.0058	0.0059	0.005
0.0	0.0006	0.001	0.0011	0.4453	0.0211	0.0217	0.0097	0.0097	0.0206	0.0099	0.0099	0.0097	0.0207	0.0099	0.0099	0.0206	0.0099	0.0099	0.0209	0.0209	0.0102	0.0072	0.0095	0.0072	0.0072	0.0095	0.0072	0.0072	0.0095	0.0095	0.0073	0.0095	0.0072	0.0072	0.0095	0.0095	0.0073	0.0095	0.0095	0.0073	0.0096	0.0071	0.0058	0.0058	0.0071	0.0071	0.0058	0.0071	0.0071	0.0058	0.0072	0.0071	0.0071	0.0058	0.0072	0.0072	0.0058	0.0058	0.0049	0.0058	0.0058	0.0058	0.005
0.0	0.0115	0.0129	0.013	0.3213	0.0998	0.0322	0.0102	0.0102	0.0177	0.0121	0.0104	0.0102	0.0178	0.0122	0.0105	0.0178	0.0122	0.0105	0.0199	0.018	0.0124	0.0073	0.0089	0.0078	0.0074	0.0089	0.0077	0.0074	0.0094	0.009	0.0078	0.0089	0.0078	0.0074	0.0094	0.009	0.0078	0.0094	0.009	0.0078	0.0094	0.0068	0.0061	0.0059	0.0071	0.0069	0.0062	0.0071	0.0069	0.0062	0.0071	0.0071	0.0069	0.0062	0.0071	0.0071	0.0058	0.0057	0.0052	0.0058	0.0058	0.0058	0.005
0.0	0.0047	0.0171	0.0228	0.0343	0.048	0.065	0.0183	0.0183	0.0191	0.02	0.0211	0.0197	0.0205	0.0214	0.0225	0.0204	0.0213	0.0224	0.0221	0.0232	0.0242	0.0123	0.0125	0.0127	0.013	0.0125	0.0127	0.013	0.0129	0.0131	0.0134	0.0128	0.0131	0.0133	0.0133	0.0135	0.0137	0.0132	0.0135	0.0137	0.0139	0.0103	0.0105	0.0106	0.0106	0.0107	0.0109	0.0106	0.0107	0.0108	0.011	0.0108	0.0109	0.011	0.0112	0.0111	0.0097	0.0098	0.0099	0.01	0.01	0.0102	0.0101
0.0	0.0155	0.0987	0.032	0.0363	0.0409	0.046	0.0255	0.0159	0.0161	0.0162	0.0164	0.0265	0.027	0.0274	0.028	0.0166	0.0168	0.017	0.0169	0.0171	0.0173	0.0126	0.0127	0.0127	0.0128	0.0105	0.0106	0.0106	0.0106	0.0107	0.0107	0.0128	0.0129	0.013	0.013	0.0131	0.0131	0.0107	0.0108	0.0108	0.0109	0.0095	0.0095	0.0096	0.0096	0.0096	0.0096	0.0085	0.0085	0.0085	0.0086	0.0096	0.0097	0.0097	0.0098	0.0087	0.008	0.0081	0.0081	0.0081	0.0075	0.0082	0.0074
0.0	0.0155	0.0987	0.032	0.0363	0.0409	0.046	0.0255	0.0159	0.0161	0.0162	0.0164	0.0265	0.027	0.0274	0.028	0.0166	0.0168	0.017	0.0169	0.0171	0.0173	0.0126	0.0127	0.0127	0.0128	0.0105	0.0106	0.0106	0.0106	0.0107	0.0107	0.0128	0.0129	0.013	0.013	0.0131	0.0131	0.0107	0.0108	0.0108	0.0109	0.0095	0.0095	0.0096	0.0096	0.0096	0.0096	0.0085	0.0085	0.0085	0.0086	0.0096	0.0097	0.0097	0.0098	0.0087	0.008	0.0081	0.0081	0.0081	0.0075	0.0082	0.0074
0.0	0.0018	0.0082	0.0165	0.0359	0.0491	0.071	0.0169	0.0176	0.0196	0.0202	0.0219	0.0181	0.0201	0.0208	0.0224	0.0208	0.0214	0.0231	0.0234	0.0251	0.0257	0.0119	0.0124	0.0126	0.0129	0.0126	0.0127	0.0131	0.0132	0.0136	0.0138	0.0127	0.0128	0.0132	0.0134	0.0137	0.0139	0.0135	0.0139	0.014	0.0145	0.0103	0.0104	0.0106	0.0107	0.0109	0.011	0.0108	0.011	0.0111	0.0114	0.0108	0.0111	0.0111	0.0114	0.0115	0.0099	0.0101	0.0101	0.0103	0.0104	0.0105	0.0106
0.0	0.0045	0.0091	0.0145	0.0668	0.0459	0.0579	0.0168	0.0171	0.023	0.0191	0.0197	0.0174	0.0233	0.0193	0.02	0.0236	0.0197	0.0203	0.0257	0.0263	0.0223	0.0116	0.0131	0.0121	0.0122	0.0132	0.0122	0.0123	0.0136	0.0138	0.0128	0.0132	0.0122	0.0124	0.0137	0.0139	0.0128	0.0138	0.0139	0.0129	0.0144	0.0105	0.0099	0.01	0.0107	0.0108	0.0103	0.0108	0.0109	0.0103	0.0111	0.0108	0.0109	0.0103	0.0112	0.0112	0.0096	0.0097	0.0093	0.0099	0.0099	0.0099	0.0096
0.0	0.0023	0.0054	0.009	0.0909	0.0438	0.0534	0.016	0.0162	0.0248	0.0182	0.0187	0.0164	0.025	0.0184	0.0189	0.0251	0.0186	0.019	0.0272	0.0277	0.0211	0.0113	0.0134	0.0118	0.0119	0.0134	0.0118	0.0119	0.0139	0.014	0.0124	0.0135	0.0119	0.012	0.0139	0.014	0.0124	0.014	0.0141	0.0125	0.0146	0.0105	0.0096	0.0097	0.0108	0.0109	0.01	0.0108	0.0109	0.01	0.0112	0.0109	0.0109	0.01	0.0112	0.0112	0.0095	0.0096	0.0089	0.0098	0.0098	0.0098	0.0094
0.0	0.0023	0.0054	0.009	0.0909	0.0438	0.0534	0.016	0.0162	0.0248	0.0182	0.0187	0.0164	0.025	0.0184	0.0189	0.0251	0.0186	0.019	0.0272	0.0277	0.0211	0.0113	0.0134	0.0118	0.0119	0.0134	0.0118	0.0119	0.0139	0.014	0.0124	0.0135	0.0119	0.012	0.0139	0.014	0.0124	0.014	0.0141	0.0125	0.0146	0.0105	0.0096	0.0097	0.0108	0.0109	0.01	0.0108	0.0109	0.01	0.0112	0.0109	0.0109	0.01	0.0112	0.0112	0.0095	0.0096	0.0089	0.0098	0.0098	0.0098	0.0094
0.0	0.0162	0.0265	0.0269	0.0358	0.0461	0.0579	0.0199	0.0192	0.0197	0.0203	0.021	0.02	0.0205	0.021	0.0217	0.0198	0.0204	0.021	0.0209	0.0215	0.0221	0.0126	0.0127	0.0128	0.013	0.0125	0.0126	0.0128	0.0128	0.0129	0.013	0.0127	0.0128	0.013	0.0129	0.0131	0.0132	0.0128	0.0129	0.013	0.0132	0.0103	0.0104	0.0105	0.0105	0.0106	0.0106	0.0104	0.0105	0.0105	0.0106	0.0105	0.0106	0.0106	0.0107	0.0106	0.0095	0.0095	0.0096	0.0096	0.0096	0.0096	0.0094
0.0	0.0166	0.0182	0.0263	0.0359	0.0471	0.0602	0.0195	0.02	0.0206	0.0213	0.0221	0.019	0.0196	0.0202	0.021	0.0201	0.0207	0.0215	0.0213	0.022	0.0227	0.0125	0.0126	0.0128	0.013	0.0128	0.0129	0.0131	0.013	0.0132	0.0134	0.0125	0.0126	0.0128	0.0128	0.0129	0.0131	0.0129	0.0131	0.0132	0.0133	0.0103	0.0104	0.0105	0.0105	0.0106	0.0107	0.0105	0.0106	0.0107	0.0108	0.0104	0.0105	0.0106	0.0107	0.0107	0.0095	0.0096	0.0096	0.0097	0.0097	0.0096	0.0095
0.0	0.0249	0.0188	0.0263	0.0352	0.0455	0.0573	0.0202	0.0207	0.0212	0.0218	0.0224	0.0188	0.0193	0.0199	0.0205	0.0197	0.0203	0.0209	0.0208	0.0214	0.022	0.0126	0.0127	0.0129	0.013	0.0128	0.013	0.0131	0.0131	0.0132	0.0134	0.0124	0.0125	0.0126	0.0126	0.0128	0.0129	0.0127	0.0129	0.013	0.0131	0.0103	0.0104	0.0105	0.0105	0.0106	0.0107	0.0105	0.0106	0.0107	0.0108	0.0103	0.0104	0.0104	0.0105	0.0106	0.0095	0.0095	0.0096	0.0096	0.0097	0.0095	0.0095
0.0	0.0814	0.0248	0.0293	0.0343	0.0396	0.0454	0.0237	0.0239	0.0241	0.0244	0.0246	0.017	0.0172	0.0174	0.0176	0.0174	0.0176	0.0178	0.0177	0.0179	0.0181	0.0127	0.0128	0.0128	0.0129	0.0128	0.0129	0.0129	0.0129	0.013	0.013	0.0113	0.0113	0.0113	0.0113	0.0114	0.0114	0.0114	0.0114	0.0115	0.0115	0.01	0.01	0.01	0.01	0.01	0.0101	0.01	0.0101	0.0101	0.0101	0.0092	0.0092	0.0092	0.0093	0.0093	0.0086	0.0087	0.0087	0.0087	0.0087	0.0081	0.0081
0.0	0.0814	0.0248	0.0293	0.0343	0.0396	0.0454	0.0237	0.0239	0.0241	0.0244	0.0246	0.017	0.0172	0.0174	0.0176	0.0174	0.0176	0.0178	0.0177	0.0179	0.0181	0.0127	0.0128	0.0128	0.0129	0.0128	0.0129	0.0129	0.0129	0.013	0.013	0.0113	0.0113	0.0113	0.0113	0.0114	0.0114	0.0114	0.0114	0.0115	0.0115	0.01	0.01	0.01	0.01	0.01	0.0101	0.01	0.0101	0.0101	0.0101	0.0092	0.0092	0.0092	0.0093	0.0093	0.0086	0.0087	0.0087	0.0087	0.0087	0.0081	0.0081
0.0	0.019	0.0165	0.0247	0.0344	0.0461	0.0598	0.0195	0.0201	0.0207	0.0214	0.0222	0.0189	0.0195	0.0202	0.021	0.02	0.0207	0.0215	0.0213	0.0221	0.0228	0.0125	0.0127	0.0129	0.013	0.0128	0.013	0.0132	0.0131	0.0133	0.0135	0.0125	0.0126	0.0128	0.0128	0.013	0.0131	0.0129	0.0131	0.0133	0.0134	0.0104	0.0105	0.0106	0.0106	0.0107	0.0108	0.0106	0.0107	0.0108	0.0109	0.0105	0.0106	0.0107	0.0107	0.0108	0.0096	0.0097	0.0098	0.0098	0.0099	0.0098	0.0098
0.0	0.0936	0.0241	0.0282	0.0327	0.0375	0.0426	0.024	0.0242	0.0243	0.0245	0.0247	0.0167	0.0169	0.017	0.0172	0.017	0.0172	0.0173	0.0173	0.0175	0.0176	0.0128	0.0128	0.0129	0.0129	0.0129	0.0129	0.0129	0.0129	0.013	0.013	0.0112	0.0112	0.0112	0.0112	0.0113	0.0113	0.0113	0.0113	0.0113	0.0114	0.01	0.01	0.0101	0.01	0.0101	0.0101	0.0101	0.0101	0.0101	0.0101	0.0091	0.0091	0.0092	0.0092	0.0092	0.0087	0.0087	0.0087	0.0087	0.0087	0.0081	0.0081
0.0	0.1141	0.0239	0.0275	0.0312	0.0352	0.0395	0.0242	0.0243	0.0244	0.0245	0.0246	0.0162	0.0163	0.0164	0.0165	0.0164	0.0165	0.0166	0.0166	0.0167	0.0168	0.0127	0.0128	0.0128	0.0128	0.0128	0.0128	0.0128	0.0128	0.0129	0.0129	0.0109	0.0109	0.011	0.011	0.011	0.011	0.011	0.011	0.0111	0.0111	0.0099	0.01	0.01	0.01	0.01	0.01	0.01	0.01	0.01	0.01	0.0089	0.0089	0.009	0.009	0.009	0.0086	0.0086	0.0086	0.0086	0.0086	0.0079	0.0079
0.0	0.1596	0.0243	0.0269	0.0296	0.0324	0.0354	0.0244	0.0245	0.0246	0.0246	0.0247	0.0149	0.015	0.0151	0.0151	0.0151	0.0151	0.0152	0.0152	0.0153	0.0153	0.0123	0.0123	0.0123	0.0124	0.0123	0.0124	0.0124	0.0124	0.0124	0.0124	0.0102	0.0102	0.0103	0.0103	0.0103	0.0103	0.0103	0.0103	0.0103	0.0103	0.0095	0.0095	0.0095	0.0095	0.0095	0.0095	0.0095	0.0095	0.0095	0.0095	0.0083	0.0083	0.0083	0.0083	0.0083	0.0081	0.0081	0.0081	0.0081	0.0081	0.0072	0.0073
0.0	0.1596	0.0243	0.0269	0.0296	0.0324	0.0354	0.0244	0.0245	0.0246	0.0246	0.0247	0.0149	0.015	0.0151	0.0151	0.0151	0.0151	0.0152	0.0152	0.0153	0.0153	0.0123	0.0123	0.0123	0.0124	0.0123	0.0124	0.0124	0.0124	0.0124	0.0124	0.0102	0.0102	0.0103	0.0103	0.0103	0.0103	0.0103	0.0103	0.0103	0.0103	0.0095	0.0095	0.0095	0.0095	0.0095	0.0095	0.0095	0.0095	0.0095	0.0095	0.0083	0.0083	0.0083	0.0083	0.0083	0.0081	0.0081	0.0081	0.0081	0.0081	0.0072	0.0073
0.0	0.0574	0.0217	0.0273	0.0336	0.0405	0.0481	0.0225	0.0227	0.023	0.0233	0.0236	0.0178	0.0181	0.0184	0.0187	0.0184	0.0187	0.019	0.0189	0.0193	0.0196	0.0129	0.013	0.013	0.0131	0.013	0.0131	0.0132	0.0132	0.0132	0.0133	0.0118	0.0119	0.012	0.012	0.012	0.0121	0.012	0.0121	0.0122	0.0122	0.0103	0.0104	0.0104	0.0104	0.0105	0.0105	0.0105	0.0105	0.0105	0.0106	0.0098	0.0098	0.0099	0.0099	0.0099	0.0092	0.0093	0.0093	0.0093	0.0093	0.0088	0.0089
0.0	0.0969	0.0239	0.0279	0.0323	0.0369	0.0419	0.0239	0.0241	0.0242	0.0244	0.0245	0.0166	0.0168	0.0169	0.0171	0.0169	0.0171	0.0172	0.0172	0.0174	0.0175	0.0128	0.0128	0.0129	0.0129	0.0129	0.0129	0.0129	0.0129	0.013	0.013	0.0112	0.0112	0.0112	0.0112	0.0113	0.0113	0.0113	0.0113	0.0113	0.0114	0.01	0.0101	0.0101	0.0101	0.0101	0.0101	0.0101	0.0101	0.0101	0.0102	0.0091	0.0091	0.0092	0.0092	0.0092	0.0087	0.0087	0.0088	0.0088	0.0088	0.0081	0.0081
0.0	0.1339	0.0242	0.0273	0.0305	0.0339	0.0375	0.0244	0.0245	0.0246	0.0247	0.0248	0.0156	0.0157	0.0158	0.0159	0.0158	0.0159	0.016	0.016	0.016	0.0161	0.0126	0.0126	0.0126	0.0126	0.0126	0.0126	0.0126	0.0126	0.0127	0.0127	0.0106	0.0106	0.0106	0.0106	0.0107	0.0107	0.0107	0.0107	0.0107	0.0107	0.0097	0.0098	0.0098	0.0098	0.0098	0.0098	0.0098	0.0098	0.0098	0.0098	0.0086	0.0086	0.0087	0.0087	0.0087	0.0083	0.0084	0.0084	0.0084	0.0084	0.0076	0.0076
0.0	0.165	0.024	0.0265	0.0291	0.0318	0.0346	0.0244	0.0244	0.0245	0.0245	0.0246	0.0148	0.0149	0.0149	0.015	0.0149	0.015	0.0151	0.015	0.0151	0.0152	0.0123	0.0123	0.0123	0.0123	0.0123	0.0123	0.0123	0.0123	0.0124	0.0124	0.0102	0.0102	0.0102	0.0102	0.0102	0.0102	0.0102	0.0102	0.0102	0.0103	0.0095	0.0095	0.0095	0.0095	0.0095	0.0095	0.0095	0.0095	0.0095	0.0095	0.0083	0.0083	0.0083	0.0083	0.0083	0.008	0.008	0.0081	0.0081	0.0081	0.0072	0.0073
0.0	0.2102	0.0235	0.0254	0.0273	0.0293	0.0314	0.024	0.024	0.0241	0.0241	0.0242	0.0137	0.0138	0.0138	0.0138	0.0138	0.0138	0.0139	0.0139	0.0139	0.014	0.0118	0.0118	0.0118	0.0118	0.0118	0.0118	0.0118	0.0118	0.0118	0.0118	0.0095	0.0096	0.0096	0.0096	0.0096	0.0096	0.0096	0.0096	0.0096	0.0096	0.009	0.009	0.009	0.009	0.009	0.009	0.009	0.009	0.009	0.009	0.0077	0.0077	0.0077	0.0077	0.0077	0.0076	0.0076	0.0076	0.0076	0.0076	0.0067	0.0067
0.0	0.2102	0.0235	0.0254	0.0273	0.0293	0.0314	0.024	0.024	0.0241	0.0241	0.0242	0.0137	0.0138	0.0138	0.0138	0.0138	0.0138	0.0139	0.0139	0.0139	0.014	0.0118	0.0118	0.0118	0.0118	0.0118	0.0118	0.0118	0.0118	0.0118	0.0118	0.0095	0.0096	0.0096	0.0096	0.0096	0.0096	0.0096	0.0096	0.0096	0.0096	0.009	0.009	0.009	0.009	0.009	0.009	0.009	0.009	0.009	0.009	0.0077	0.0077	0.0077	0.0077	0.0077	0.0076	0.0076	0.0076	0.0076	0.0076	0.0067	0.0067
0.0	0.0637	0.0221	0.0274	0.0332	0.0396	0.0467	0.0227	0.023	0.0232	0.0235	0.0238	0.0176	0.0179	0.0182	0.0184	0.0181	0.0184	0.0187	0.0186	0.0189	0.0192	0.0129	0.013	0.013	0.0131	0.013	0.0131	0.0132	0.0132	0.0132	0.0133	0.0117	0.0118	0.0119	0.0119	0.0119	0.012	0.0119	0.012	0.012	0.0121	0.0103	0.0104	0.0104	0.0104	0.0104	0.0105	0.0104	0.0105	0.0105	0.0105	0.0097	0.0097	0.0098	0.0098	0.0098	0.0092	0.0092	0.0093	0.0093	0.0093	0.0087	0.0089
0.0	0.1136	0.024	0.0275	0.0313	0.0353	0.0396	0.0241	0.0242	0.0244	0.0245	0.0246	0.0162	0.0163	0.0164	0.0165	0.0164	0.0165	0.0166	0.0166	0.0167	0.0169	0.0127	0.0128	0.0128	0.0128	0.0128	0.0128	0.0128	0.0128	0.0129	0.0129	0.0109	0.011	0.011	0.011	0.011	0.011	0.011	0.011	0.0111	0.0111	0.01	0.01	0.01	0.01	0.01	0.01	0.01	0.01	0.01	0.01	0.0089	0.0089	0.009	0.009	0.009	0.0086	0.0086	0.0086	0.0086	0.0086	0.0079	0.0079
0.0	0.1785	0.0244	0.0266	0.029	0.0315	0.0341	0.0245	0.0245	0.0246	0.0246	0.0247	0.0145	0.0145	0.0146	0.0146	0.0146	0.0146	0.0147	0.0147	0.0147	0.0148	0.0121	0.0121	0.0121	0.0121	0.0121	0.0121	0.0121	0.0121	0.0121	0.0122	0.0099	0.0099	0.0099	0.0099	0.01	0.01	0.01	0.01	0.01	0.01	0.0093	0.0093	0.0093	0.0093	0.0093	0.0093	0.0093	0.0093	0.0093	0.0093	0.008	0.008	0.008	0.0081	0.0081	0.0078	0.0078	0.0078	0.0078	0.0078	0.007	0.007
0.0	0.1785	0.0244	0.0266	0.029	0.0315	0.0341	0.0245	0.0245	0.0246	0.0246	0.0247	0.0145	0.0145	0.0146	0.0146	0.0146	0.0146	0.0147	0.0147	0.0147	0.0148	0.0121	0.0121	0.0121	0.0121	0.0121	0.0121	0.0121	0.0121	0.0121	0.0122	0.0099	0.0099	0.0099	0.0099	0.01	0.01	0.01	0.01	0.01	0.01	0.0093	0.0093	0.0093	0.0093	0.0093	0.0093	0.0093	0.0093	0.0093	0.0093	0.008	0.008	0.008	0.0081	0.0081	0.0078	0.0078	0.0078	0.0078	0.0078	0.007	0.007
0.0	0.1651	0.0248	0.0273	0.0299	0.0326	0.0355	0.0246	0.0247	0.0248	0.0248	0.0249	0.0148	0.0148	0.0149	0.015	0.0149	0.0149	0.015	0.015	0.0151	0.0151	0.0122	0.0122	0.0122	0.0122	0.0122	0.0122	0.0123	0.0123	0.0123	0.0123	0.0101	0.0101	0.0101	0.0101	0.0101	0.0101	0.0101	0.0101	0.0101	0.0101	0.0093	0.0093	0.0094	0.0094	0.0094	0.0094	0.0094	0.0094	0.0094	0.0094	0.0081	0.0082	0.0082	0.0082	0.0082	0.0079	0.0079	0.0079	0.0079	0.0079	0.0071	0.0071
0.0	0.1651	0.0248	0.0273	0.0299	0.0326	0.0355	0.0246	0.0247	0.0248	0.0248	0.0249	0.0148	0.0148	0.0149	0.015	0.0149	0.0149	0.015	0.015	0.0151	0.0151	0.0122	0.0122	0.0122	0.0122	0.0122	0.0122	0.0123	0.0123	0.0123	0.0123	0.0101	0.0101	0.0101	0.0101	0.0101	0.0101	0.0101	0.0101	0.0101	0.0101	0.0093	0.0093	0.0094	0.0094	0.0094	0.0094	0.0094	0.0094	0.0094	0.0094	0.0081	0.0082	0.0082	0.0082	0.0082	0.0079	0.0079	0.0079	0.0079	0.0079	0.0071	0.0071
0.0	0.1163	0.0253	0.0288	0.0326	0.0366	0.0408	0.0246	0.0247	0.0248	0.025	0.0251	0.016	0.0161	0.0162	0.0164	0.0162	0.0163	0.0165	0.0165	0.0166	0.0167	0.0126	0.0126	0.0126	0.0126	0.0126	0.0126	0.0127	0.0127	0.0127	0.0127	0.0107	0.0107	0.0108	0.0108	0.0108	0.0108	0.0108	0.0108	0.0108	0.0109	0.0097	0.0097	0.0097	0.0097	0.0097	0.0098	0.0097	0.0097	0.0098	0.0098	0.0087	0.0087	0.0087	0.0087	0.0087	0.0083	0.0083	0.0083	0.0083	0.0083	0.0076	0.0076
0.0	0.1163	0.0253	0.0288	0.0326	0.0366	0.0408	0.0246	0.0247	0.0248	0.025	0.0251	0.016	0.0161	0.0162	0.0164	0.0162	0.0163	0.0165	0.0165	0.0166	0.0167	0.0126	0.0126	0.0126	0.0126	0.0126	0.0126	0.0127	0.0127	0.0127	0.0127	0.0107	0.0107	0.0108	0.0108	0.0108	0.0108	0.0108	0.0108	0.0108	0.0109	0.0097	0.0097	0.0097	0.0097	0.0097	0.0098	0.0097	0.0097	0.0098	0.0098	0.0087	0.0087	0.0087	0.0087	0.0087	0.0083	0.0083	0.0083	0.0083	0.0083	0.0076	0.0076
0.0	0.1181	0.0253	0.0288	0.0325	0.0365	0.0407	0.0246	0.0247	0.0249	0.025	0.0252	0.016	0.0161	0.0162	0.0163	0.0162	0.0163	0.0164	0.0164	0.0165	0.0166	0.0125	0.0126	0.0126	0.0126	0.0126	0.0126	0.0126	0.0126	0.0127	0.0127	0.0107	0.0107	0.0107	0.0107	0.0107	0.0108	0.0107	0.0108	0.0108	0.0108	0.0097	0.0097	0.0097	0.0097	0.0097	0.0097	0.0097	0.0097	0.0097	0.0098	0.0087	0.0087	0.0087	0.0087	0.0087	0.0083	0.0083	0.0083	0.0083	0.0083	0.0076	0.0075
0.0	0.1181	0.0253	0.0288	0.0325	0.0365	0.0407	0.0246	0.0247	0.0249	0.025	0.0252	0.016	0.0161	0.0162	0.0163	0.0162	0.0163	0.0164	0.0164	0.0165	0.0166	0.0125	0.0126	0.0126	0.0126	0.0126	0.0126	0.0126	0.0126	0.0127	0.0127	0.0107	0.0107	0.0107	0.0107	0.0107	0.0108	0.0107	0.0108	0.0108	0.0108	0.0097	0.0097	0.0097	0.0097	0.0097	0.0097	0.0097	0.0097	0.0097	0.0098	0.0087	0.0087	0.0087	0.0087	0.0087	0.0083	0.0083	0.0083	0.0083	0.0083	0.0076	0.0075
0.0	0.0142	0.0145	0.0231	0.0337	0.0467	0.0626	0.0189	0.0195	0.0202	0.0211	0.0221	0.0188	0.0195	0.0204	0.0214	0.0201	0.021	0.022	0.0217	0.0227	0.0236	0.0124	0.0126	0.0128	0.0131	0.0128	0.013	0.0132	0.0131	0.0134	0.0136	0.0125	0.0128	0.013	0.0129	0.0132	0.0134	0.0131	0.0133	0.0135	0.0137	0.0104	0.0105	0.0106	0.0106	0.0107	0.0109	0.0107	0.0108	0.0109	0.011	0.0106	0.0107	0.0108	0.0109	0.011	0.0098	0.0099	0.0099	0.01	0.0101	0.01	0.0101
0.0	0.039	0.0201	0.0268	0.0344	0.043	0.0528	0.0213	0.0216	0.022	0.0225	0.0229	0.0184	0.0188	0.0192	0.0197	0.0191	0.0196	0.02	0.02	0.0204	0.0209	0.0128	0.0129	0.013	0.0131	0.013	0.0131	0.0132	0.0131	0.0133	0.0134	0.0121	0.0122	0.0124	0.0123	0.0124	0.0125	0.0124	0.0125	0.0126	0.0127	0.0104	0.0104	0.0105	0.0105	0.0105	0.0106	0.0105	0.0106	0.0107	0.0107	0.0101	0.0101	0.0102	0.0102	0.0103	0.0094	0.0095	0.0095	0.0095	0.0096	0.0092	0.0093
0.0	0.039	0.0201	0.0268	0.0344	0.043	0.0528	0.0213	0.0216	0.022	0.0225	0.0229	0.0184	0.0188	0.0192	0.0197	0.0191	0.0196	0.02	0.02	0.0204	0.0209	0.0128	0.0129	0.013	0.0131	0.013	0.0131	0.0132	0.0131	0.0133	0.0134	0.0121	0.0122	0.0124	0.0123	0.0124	0.0125	0.0124	0.0125	0.0126	0.0127	0.0104	0.0104	0.0105	0.0105	0.0105	0.0106	0.0105	0.0106	0.0107	0.0107	0.0101	0.0101	0.0102	0.0102	0.0103	0.0094	0.0095	0.0095	0.0095	0.0096	0.0092	0.0093
0.0	0.0371	0.0197	0.0265	0.0342	0.0431	0.0532	0.0212	0.0216	0.022	0.0224	0.0229	0.0184	0.0188	0.0193	0.0198	0.0192	0.0197	0.0202	0.0201	0.0206	0.021	0.0128	0.0129	0.013	0.0131	0.013	0.0131	0.0132	0.0132	0.0133	0.0134	0.0122	0.0123	0.0124	0.0124	0.0125	0.0126	0.0125	0.0126	0.0127	0.0128	0.0104	0.0105	0.0105	0.0105	0.0106	0.0106	0.0106	0.0106	0.0107	0.0107	0.0101	0.0102	0.0102	0.0103	0.0103	0.0095	0.0095	0.0096	0.0096	0.0096	0.0093	0.0094
0.0	0.0497	0.0211	0.0271	0.0339	0.0414	0.0498	0.022	0.0223	0.0227	0.023	0.0234	0.0181	0.0184	0.0187	0.0191	0.0187	0.019	0.0194	0.0193	0.0197	0.0201	0.0129	0.013	0.013	0.0131	0.013	0.0131	0.0132	0.0132	0.0133	0.0133	0.012	0.012	0.0121	0.0121	0.0122	0.0123	0.0122	0.0123	0.0123	0.0124	0.0104	0.0104	0.0105	0.0105	0.0105	0.0106	0.0105	0.0105	0.0106	0.0106	0.0099	0.0099	0.01	0.01	0.0101	0.0093	0.0094	0.0094	0.0094	0.0095	0.009	0.0091
0.0	0.1265	0.0249	0.0282	0.0316	0.0353	0.0391	0.0245	0.0246	0.0247	0.0248	0.0249	0.0158	0.0159	0.016	0.0161	0.016	0.0161	0.0162	0.0162	0.0163	0.0164	0.0125	0.0126	0.0126	0.0126	0.0126	0.0126	0.0126	0.0126	0.0127	0.0127	0.0106	0.0106	0.0107	0.0107	0.0107	0.0107	0.0107	0.0107	0.0107	0.0108	0.0097	0.0097	0.0097	0.0097	0.0097	0.0097	0.0097	0.0097	0.0098	0.0098	0.0086	0.0086	0.0087	0.0087	0.0087	0.0083	0.0083	0.0083	0.0083	0.0083	0.0076	0.0076
0.0	0.1265	0.0249	0.0282	0.0316	0.0353	0.0391	0.0245	0.0246	0.0247	0.0248	0.0249	0.0158	0.0159	0.016	0.0161	0.016	0.0161	0.0162	0.0162	0.0163	0.0164	0.0125	0.0126	0.0126	0.0126	0.0126	0.0126	0.0126	0.0126	0.0127	0.0127	0.0106	0.0106	0.0107	0.0107	0.0107	0.0107	0.0107	0.0107	0.0107	0.0108	0.0097	0.0097	0.0097	0.0097	0.0097	0.0097	0.0097	0.0097	0.0098	0.0098	0.0086	0.0086	0.0087	0.0087	0.0087	0.0083	0.0083	0.0083	0.0083	0.0083	0.0076	0.0076
0.0	0.0891	0.0235	0.0277	0.0323	0.0373	0.0427	0.0237	0.0238	0.024	0.0242	0.0243	0.0169	0.017	0.0172	0.0174	0.0172	0.0174	0.0175	0.0175	0.0177	0.0179	0.0129	0.0129	0.0129	0.013	0.0129	0.013	0.013	0.013	0.0131	0.0131	0.0113	0.0113	0.0114	0.0114	0.0114	0.0115	0.0114	0.0115	0.0115	0.0115	0.0101	0.0102	0.0102	0.0102	0.0102	0.0102	0.0102	0.0102	0.0102	0.0103	0.0093	0.0093	0.0093	0.0093	0.0094	0.0089	0.0089	0.0089	0.0089	0.0089	0.0083	0.0083
0.0	0.1029	0.0237	0.0275	0.0317	0.036	0.0407	0.0239	0.0241	0.0242	0.0243	0.0245	0.0165	0.0166	0.0167	0.0169	0.0167	0.0169	0.017	0.017	0.0171	0.0173	0.0128	0.0128	0.0129	0.0129	0.0129	0.0129	0.0129	0.0129	0.013	0.013	0.0111	0.0111	0.0112	0.0112	0.0112	0.0112	0.0112	0.0112	0.0113	0.0113	0.0101	0.0101	0.0101	0.0101	0.0101	0.0101	0.0101	0.0101	0.0101	0.0102	0.0091	0.0091	0.0091	0.0091	0.0092	0.0087	0.0087	0.0088	0.0088	0.0088	0.0081	0.0081
0.0	0.1029	0.0237	0.0275	0.0317	0.036	0.0407	0.0239	0.0241	0.0242	0.0243	0.0245	0.0165	0.0166	0.0167	0.0169	0.0167	0.0169	0.017	0.017	0.0171	0.0173	0.0128	0.0128	0.0129	0.0129	0.0129	0.0129	0.0129	0.0129	0.013	0.013	0.0111	0.0111	0.0112	0.0112	0.0112	0.0112	0.0112	0.0112	0.0113	0.0113	0.0101	0.0101	0.0101	0.0101	0.0101	0.0101	0.0101	0.0101	0.0101	0.0102	0.0091	0.0091	0.0091	0.0091	0.0092	0.0087	0.0087	0.0088	0.0088	0.0088	0.0081	0.0081
0.0	0.109	0.0243	0.028	0.0319	0.0361	0.0406	0.0241	0.0242	0.0244	0.0245	0.0246	0.0163	0.0164	0.0165	0.0167	0.0165	0.0167	0.0168	0.0168	0.0169	0.017	0.0127	0.0127	0.0128	0.0128	0.0128	0.0128	0.0128	0.0128	0.0129	0.0129	0.011	0.011	0.011	0.011	0.011	0.0111	0.011	0.0111	0.0111	0.0111	0.0099	0.0099	0.01	0.01	0.01	0.01	0.01	0.01	0.01	0.01	0.0089	0.009	0.009	0.009	0.009	0.0086	0.0086	0.0086	0.0086	0.0086	0.0079	0.0079
0.0	0.109	0.0243	0.028	0.0319	0.0361	0.0406	0.0241	0.0242	0.0244	0.0245	0.0246	0.0163	0.0164	0.0165	0.0167	0.0165	0.0167	0.0168	0.0168	0.0169	0.017	0.0127	0.0127	0.0128	0.0128	0.0128	0.0128	0.0128	0.0128	0.0129	0.0129	0.011	0.011	0.011	0.011	0.011	0.0111	0.011	0.0111	0.0111	0.0111	0.0099	0.0099	0.01	0.01	0.01	0.01	0.01	0.01	0.01	0.01	0.0089	0.009	0.009	0.009	0.009	0.0086	0.0086	0.0086	0.0086	0.0086	0.0079	0.0079
0.0	0.0822	0.0231	0.0276	0.0325	0.0378	0.0436	0.0235	0.0236	0.0238	0.024	0.0242	0.0171	0.0173	0.0175	0.0177	0.0174	0.0176	0.0178	0.0178	0.018	0.0182	0.0129	0.0129	0.013	0.013	0.013	0.013	0.0131	0.0131	0.0131	0.0132	0.0114	0.0115	0.0115	0.0115	0.0116	0.0116	0.0115	0.0116	0.0116	0.0117	0.0102	0.0102	0.0103	0.0103	0.0103	0.0103	0.0103	0.0103	0.0103	0.0104	0.0094	0.0094	0.0094	0.0095	0.0095	0.009	0.009	0.009	0.009	0.009	0.0084	0.0085
0.0	0.1612	0.0247	0.0273	0.03	0.0328	0.0358	0.0246	0.0247	0.0247	0.0248	0.0249	0.0149	0.0149	0.015	0.0151	0.015	0.0151	0.0151	0.0151	0.0152	0.0152	0.0122	0.0123	0.0123	0.0123	0.0123	0.0123	0.0123	0.0123	0.0123	0.0123	0.0101	0.0101	0.0102	0.0102	0.0102	0.0102	0.0102	0.0102	0.0102	0.0102	0.0094	0.0094	0.0094	0.0094	0.0094	0.0094	0.0094	0.0094	0.0094	0.0094	0.0082	0.0082	0.0082	0.0082	0.0082	0.0079	0.0079	0.0079	0.0079	0.008	0.0071	0.0071
0.0	0.1612	0.0247	0.0273	0.03	0.0328	0.0358	0.0246	0.0247	0.0247	0.0248	0.0249	0.0149	0.0149	0.015	0.0151	0.015	0.0151	0.0151	0.0151	0.0152	0.0152	0.0122	0.0123	0.0123	0.0123	0.0123	0.0123	0.0123	0.0123	0.0123	0.0123	0.0101	0.0101	0.0102	0.0102	0.0102	0.0102	0.0102	0.0102	0.0102	0.0102	0.0094	0.0094	0.0094	0.0094	0.0094	0.0094	0.0094	0.0094	0.0094	0.0094	0.0082	0.0082	0.0082	0.0082	0.0082	0.0079	0.0079	0.0079	0.0079	0.008	0.0071	0.0071
0.0	0.0899	0.0233	0.0276	0.0321	0.0371	0.0424	0.0236	0.0238	0.0239	0.0241	0.0243	0.0169	0.017	0.0172	0.0174	0.0172	0.0173	0.0175	0.0175	0.0177	0.0178	0.0129	0.0129	0.013	0.013	0.013	0.013	0.013	0.013	0.0131	0.0131	0.0113	0.0114	0.0114	0.0114	0.0114	0.0115	0.0114	0.0115	0.0115	0.0115	0.0102	0.0102	0.0102	0.0102	0.0102	0.0103	0.0102	0.0103	0.0103	0.0103	0.0093	0.0093	0.0093	0.0093	0.0094	0.0089	0.0089	0.0089	0.0089	0.009	0.0083	0.0084
0.0	0.016	0.0152	0.0237	0.034	0.0465	0.0615	0.0191	0.0197	0.0204	0.0212	0.0221	0.0188	0.0195	0.0203	0.0212	0.0201	0.0209	0.0218	0.0216	0.0225	0.0233	0.0125	0.0126	0.0128	0.013	0.0128	0.013	0.0132	0.0131	0.0133	0.0135	0.0125	0.0127	0.0129	0.0129	0.0131	0.0133	0.013	0.0132	0.0134	0.0136	0.0104	0.0105	0.0106	0.0106	0.0107	0.0108	0.0107	0.0108	0.0109	0.011	0.0105	0.0107	0.0108	0.0109	0.0109	0.0097	0.0098	0.0099	0.01	0.01	0.0099	0.01
0.0	0.016	0.0152	0.0237	0.034	0.0465	0.0615	0.0191	0.0197	0.0204	0.0212	0.0221	0.0188	0.0195	0.0203	0.0212	0.0201	0.0209	0.0218	0.0216	0.0225	0.0233	0.0125	0.0126	0.0128	0.013	0.0128	0.013	0.0132	0.0131	0.0133	0.0135	0.0125	0.0127	0.0129	0.0129	0.0131	0.0133	0.013	0.0132	0.0134	0.0136	0.0104	0.0105	0.0106	0.0106	0.0107	0.0108	0.0107	0.0108	0.0109	0.011	0.0105	0.0107	0.0108	0.0109	0.0109	0.0097	0.0098	0.0099	0.01	0.01	0.0099	0.01
0.0	0.0139	0.0144	0.023	0.0337	0.0468	0.0627	0.0189	0.0195	0.0202	0.0211	0.0221	0.0188	0.0195	0.0204	0.0214	0.0201	0.021	0.022	0.0217	0.0227	0.0236	0.0124	0.0126	0.0128	0.0131	0.0127	0.013	0.0132	0.0131	0.0134	0.0136	0.0126	0.0128	0.013	0.0129	0.0132	0.0134	0.0131	0.0133	0.0135	0.0137	0.0104	0.0105	0.0106	0.0106	0.0107	0.0109	0.0107	0.0108	0.0109	0.011	0.0106	0.0107	0.0108	0.0109	0.011	0.0098	0.0099	0.0099	0.01	0.0101	0.01	0.0101
0.0	0.0412	0.0202	0.0268	0.0342	0.0426	0.0521	0.0215	0.0218	0.0222	0.0226	0.0231	0.0183	0.0187	0.0191	0.0196	0.019	0.0194	0.0199	0.0198	0.0203	0.0207	0.0128	0.0129	0.013	0.0131	0.013	0.0131	0.0132	0.0132	0.0133	0.0134	0.0121	0.0122	0.0123	0.0123	0.0124	0.0125	0.0124	0.0125	0.0126	0.0127	0.0104	0.0104	0.0105	0.0105	0.0106	0.0106	0.0105	0.0106	0.0107	0.0107	0.01	0.0101	0.0102	0.0102	0.0102	0.0094	0.0095	0.0095	0.0095	0.0096	0.0092	0.0093
0.0	0.0528	0.0214	0.0272	0.0337	0.041	0.0491	0.0222	0.0225	0.0228	0.0231	0.0235	0.018	0.0183	0.0186	0.019	0.0185	0.0189	0.0192	0.0192	0.0195	0.0199	0.0129	0.013	0.013	0.0131	0.013	0.0131	0.0132	0.0132	0.0132	0.0133	0.0119	0.012	0.0121	0.0121	0.0121	0.0122	0.0121	0.0122	0.0123	0.0123	0.0104	0.0104	0.0105	0.0104	0.0105	0.0105	0.0105	0.0105	0.0106	0.0106	0.0098	0.0099	0.0099	0.01	0.01	0.0093	0.0093	0.0094	0.0094	0.0094	0.0089	0.009
0.0	0.0643	0.0223	0.0275	0.0334	0.0397	0.0468	0.0228	0.023	0.0232	0.0235	0.0238	0.0176	0.0179	0.0181	0.0184	0.0181	0.0184	0.0186	0.0186	0.0189	0.0191	0.0129	0.013	0.013	0.0131	0.013	0.0131	0.0131	0.0131	0.0132	0.0133	0.0117	0.0118	0.0118	0.0118	0.0119	0.012	0.0119	0.0119	0.012	0.0121	0.0103	0.0103	0.0104	0.0104	0.0104	0.0104	0.0104	0.0104	0.0105	0.0105	0.0097	0.0097	0.0097	0.0098	0.0098	0.0092	0.0092	0.0092	0.0092	0.0093	0.0087	0.0088
0.0	0.0643	0.0223	0.0275	0.0334	0.0397	0.0468	0.0228	0.023	0.0232	0.0235	0.0238	0.0176	0.0179	0.0181	0.0184	0.0181	0.0184	0.0186	0.0186	0.0189	0.0191	0.0129	0.013	0.013	0.0131	0.013	0.0131	0.0131	0.0131	0.0132	0.0133	0.0117	0.0118	0.0118	0.0118	0.0119	0.012	0.0119	0.0119	0.012	0.0121	0.0103	0.0103	0.0104	0.0104	0.0104	0.0104	0.0104	0.0104	0.0105	0.0105	0.0097	0.0097	0.0097	0.0098	0.0098	0.0092	0.0092	0.0092	0.0092	0.0093	0.0087	0.0088
0.0	0.0477	0.0209	0.027	0.0339	0.0417	0.0503	0.0219	0.0222	0.0225	0.0229	0.0233	0.0181	0.0185	0.0188	0.0192	0.0188	0.0191	0.0195	0.0194	0.0198	0.0202	0.0129	0.0129	0.013	0.0131	0.013	0.0131	0.0132	0.0132	0.0133	0.0133	0.012	0.0121	0.0122	0.0122	0.0122	0.0123	0.0122	0.0123	0.0124	0.0125	0.0104	0.0104	0.0105	0.0105	0.0105	0.0106	0.0105	0.0106	0.0106	0.0107	0.0099	0.01	0.01	0.0101	0.0101	0.0094	0.0094	0.0094	0.0095	0.0095	0.0091	0.0092
0.0	0.1376	0.025	0.028	0.0312	0.0346	0.0381	0.0246	0.0247	0.0248	0.0249	0.025	0.0155	0.0156	0.0156	0.0157	0.0156	0.0157	0.0158	0.0158	0.0159	0.016	0.0124	0.0125	0.0125	0.0125	0.0125	0.0125	0.0125	0.0125	0.0125	0.0126	0.0104	0.0105	0.0105	0.0105	0.0105	0.0105	0.0105	0.0105	0.0105	0.0106	0.0096	0.0096	0.0096	0.0096	0.0096	0.0096	0.0096	0.0096	0.0096	0.0096	0.0085	0.0085	0.0085	0.0085	0.0085	0.0081	0.0082	0.0082	0.0082	0.0082	0.0074	0.0074
0.0	0.1376	0.025	0.028	0.0312	0.0346	0.0381	0.0246	0.0247	0.0248	0.0249	0.025	0.0155	0.0156	0.0156	0.0157	0.0156	0.0157	0.0158	0.0158	0.0159	0.016	0.0124	0.0125	0.0125	0.0125	0.0125	0.0125	0.0125	0.0125	0.0125	0.0126	0.0104	0.0105	0.0105	0.0105	0.0105	0.0105	0.0105	0.0105	0.0105	0.0106	0.0096	0.0096	0.0096	0.0096	0.0096	0.0096	0.0096	0.0096	0.0096	0.0096	0.0085	0.0085	0.0085	0.0085	0.0085	0.0081	0.0082	0.0082	0.0082	0.0082	0.0074	0.0074
0.0	0.1134	0.0244	0.028	0.0318	0.0359	0.0402	0.0242	0.0243	0.0244	0.0246	0.0247	0.0162	0.0163	0.0164	0.0165	0.0164	0.0165	0.0166	0.0166	0.0167	0.0169	0.0127	0.0127	0.0127	0.0128	0.0127	0.0128	0.0128	0.0128	0.0128	0.0128	0.0109	0.0109	0.0109	0.0109	0.011	0.011	0.011	0.011	0.011	0.011	0.0099	0.0099	0.0099	0.0099	0.0099	0.0099	0.0099	0.0099	0.0099	0.01	0.0089	0.0089	0.0089	0.0089	0.0089	0.0085	0.0085	0.0085	0.0085	0.0085	0.0078	0.0078
0.0	0.1134	0.0244	0.028	0.0318	0.0359	0.0402	0.0242	0.0243	0.0244	0.0246	0.0247	0.0162	0.0163	0.0164	0.0165	0.0164	0.0165	0.0166	0.0166	0.0167	0.0169	0.0127	0.0127	0.0127	0.0128	0.0127	0.0128	0.0128	0.0128	0.0128	0.0128	0.0109	0.0109	0.0109	0.0109	0.011	0.011	0.011	0.011	0.011	0.011	0.0099	0.0099	0.0099	0.0099	0.0099	0.0099	0.0099	0.0099	0.0099	0.01	0.0089	0.0089	0.0089	0.0089	0.0089	0.0085	0.0085	0.0085	0.0085	0.0085	0.0078	0.0078
0.0	0.0514	0.0212	0.0271	0.0338	0.0412	0.0494	0.0221	0.0224	0.0227	0.0231	0.0234	0.018	0.0183	0.0187	0.019	0.0186	0.0189	0.0193	0.0192	0.0196	0.0199	0.0129	0.013	0.013	0.0131	0.013	0.0131	0.0132	0.0132	0.0133	0.0133	0.0119	0.012	0.0121	0.0121	0.0122	0.0122	0.0121	0.0122	0.0123	0.0124	0.0104	0.0104	0.0105	0.0105	0.0105	0.0105	0.0105	0.0105	0.0106	0.0106	0.0099	0.0099	0.01	0.01	0.01	0.0093	0.0094	0.0094	0.0094	0.0094	0.009	0.0091
0.0	0.0604	0.0219	0.0274	0.0334	0.0401	0.0474	0.0226	0.0228	0.0231	0.0234	0.0237	0.0177	0.018	0.0183	0.0186	0.0182	0.0185	0.0188	0.0188	0.0191	0.0194	0.0129	0.013	0.013	0.0131	0.013	0.0131	0.0132	0.0132	0.0132	0.0133	0.0118	0.0119	0.0119	0.0119	0.012	0.012	0.012	0.012	0.0121	0.0122	0.0103	0.0104	0.0104	0.0104	0.0104	0.0105	0.0104	0.0105	0.0105	0.0106	0.0097	0.0098	0.0098	0.0098	0.0099	0.0092	0.0092	0.0093	0.0093	0.0093	0.0088	0.0089
0.0	0.0792	0.0231	0.0278	0.0328	0.0383	0.0443	0.0233	0.0235	0.0237	0.0239	0.0241	0.0172	0.0174	0.0176	0.0178	0.0175	0.0177	0.018	0.0179	0.0181	0.0183	0.0129	0.0129	0.013	0.013	0.013	0.013	0.0131	0.0131	0.0131	0.0131	0.0115	0.0115	0.0116	0.0116	0.0116	0.0116	0.0116	0.0116	0.0117	0.0117	0.0102	0.0102	0.0103	0.0103	0.0103	0.0103	0.0103	0.0103	0.0103	0.0104	0.0094	0.0094	0.0095	0.0095	0.0095	0.009	0.009	0.009	0.009	0.009	0.0084	0.0085
0.0	0.0792	0.0231	0.0278	0.0328	0.0383	0.0443	0.0233	0.0235	0.0237	0.0239	0.0241	0.0172	0.0174	0.0176	0.0178	0.0175	0.0177	0.018	0.0179	0.0181	0.0183	0.0129	0.0129	0.013	0.013	0.013	0.013	0.0131	0.0131	0.0131	0.0131	0.0115	0.0115	0.0116	0.0116	0.0116	0.0116	0.0116	0.0116	0.0117	0.0117	0.0102	0.0102	0.0103	0.0103	0.0103	0.0103	0.0103	0.0103	0.0103	0.0104	0.0094	0.0094	0.0095	0.0095	0.0095	0.009	0.009	0.009	0.009	0.009	0.0084	0.0085
0.0	0.0454	0.0205	0.0268	0.0339	0.0419	0.0508	0.0218	0.0221	0.0224	0.0228	0.0232	0.0182	0.0185	0.0189	0.0193	0.0188	0.0192	0.0196	0.0196	0.02	0.0204	0.0129	0.0129	0.013	0.0131	0.013	0.0131	0.0132	0.0132	0.0133	0.0134	0.012	0.0121	0.0122	0.0122	0.0123	0.0124	0.0123	0.0124	0.0125	0.0125	0.0104	0.0105	0.0105	0.0105	0.0106	0.0106	0.0105	0.0106	0.0106	0.0107	0.01	0.01	0.0101	0.0101	0.0102	0.0094	0.0094	0.0095	0.0095	0.0095	0.0091	0.0092
0.0	0.0629	0.0222	0.0276	0.0335	0.04	0.0471	0.0227	0.023	0.0232	0.0235	0.0238	0.0177	0.0179	0.0182	0.0185	0.0182	0.0184	0.0187	0.0187	0.019	0.0192	0.0129	0.013	0.013	0.0131	0.013	0.0131	0.0131	0.0131	0.0132	0.0133	0.0117	0.0118	0.0119	0.0119	0.0119	0.012	0.0119	0.012	0.012	0.0121	0.0103	0.0103	0.0104	0.0104	0.0104	0.0104	0.0104	0.0104	0.0105	0.0105	0.0097	0.0097	0.0097	0.0098	0.0098	0.0092	0.0092	0.0092	0.0092	0.0093	0.0087	0.0088
0.0	0.1932	0.0247	0.0269	0.029	0.0313	0.0337	0.0247	0.0247	0.0248	0.0248	0.0249	0.0141	0.0141	0.0141	0.0142	0.0141	0.0142	0.0142	0.0142	0.0143	0.0143	0.0119	0.0119	0.0119	0.0119	0.0119	0.0119	0.0119	0.0119	0.0119	0.0119	0.0096	0.0096	0.0096	0.0096	0.0097	0.0097	0.0097	0.0097	0.0097	0.0097	0.009	0.009	0.009	0.009	0.009	0.009	0.009	0.009	0.009	0.009	0.0078	0.0078	0.0078	0.0078	0.0078	0.0075	0.0075	0.0075	0.0075	0.0075	0.0067	0.0067
0.0	0.1932	0.0247	0.0269	0.029	0.0313	0.0337	0.0247	0.0247	0.0248	0.0248	0.0249	0.0141	0.0141	0.0141	0.0142	0.0141	0.0142	0.0142	0.0142	0.0143	0.0143	0.0119	0.0119	0.0119	0.0119	0.0119	0.0119	0.0119	0.0119	0.0119	0.0119	0.0096	0.0096	0.0096	0.0096	0.0097	0.0097	0.0097	0.0097	0.0097	0.0097	0.009	0.009	0.009	0.009	0.009	0.009	0.009	0.009	0.009	0.009	0.0078	0.0078	0.0078	0.0078	0.0078	0.0075	0.0075	0.0075	0.0075	0.0075	0.0067	0.0067
0.0	0.109	0.0238	0.0274	0.0313	0.0355	0.0399	0.024	0.0242	0.0243	0.0244	0.0245	0.0163	0.0164	0.0165	0.0167	0.0165	0.0167	0.0168	0.0168	0.0169	0.017	0.0128	0.0128	0.0128	0.0129	0.0128	0.0129	0.0129	0.0129	0.0129	0.0129	0.011	0.011	0.0111	0.0111	0.0111	0.0111	0.0111	0.0111	0.0112	0.0112	0.01	0.01	0.01	0.01	0.0101	0.0101	0.0101	0.0101	0.0101	0.0101	0.009	0.009	0.009	0.0091	0.0091	0.0087	0.0087	0.0087	0.0087	0.0087	0.008	0.0081
0.0	0.1167	0.0238	0.0272	0.0309	0.0348	0.0389	0.0241	0.0242	0.0243	0.0244	0.0246	0.0161	0.0162	0.0163	0.0164	0.0163	0.0164	0.0165	0.0165	0.0166	0.0168	0.0127	0.0128	0.0128	0.0128	0.0128	0.0128	0.0128	0.0128	0.0129	0.0129	0.0109	0.0109	0.011	0.011	0.011	0.011	0.011	0.011	0.011	0.0111	0.01	0.01	0.01	0.01	0.01	0.01	0.01	0.01	0.01	0.0101	0.0089	0.0089	0.0089	0.009	0.009	0.0086	0.0086	0.0086	0.0086	0.0086	0.0079	0.008
0.0	0.1435	0.0241	0.027	0.03	0.0332	0.0365	0.0243	0.0244	0.0245	0.0246	0.0246	0.0154	0.0154	0.0155	0.0156	0.0155	0.0156	0.0157	0.0157	0.0158	0.0158	0.0125	0.0125	0.0125	0.0126	0.0125	0.0126	0.0126	0.0126	0.0126	0.0126	0.0105	0.0105	0.0105	0.0105	0.0105	0.0106	0.0105	0.0106	0.0106	0.0106	0.0097	0.0097	0.0097	0.0097	0.0097	0.0097	0.0097	0.0097	0.0097	0.0098	0.0085	0.0085	0.0086	0.0086	0.0086	0.0083	0.0083	0.0083	0.0083	0.0083	0.0075	0.0075
0.0	0.1435	0.0241	0.027	0.03	0.0332	0.0365	0.0243	0.0244	0.0245	0.0246	0.0246	0.0154	0.0154	0.0155	0.0156	0.0155	0.0156	0.0157	0.0157	0.0158	0.0158	0.0125	0.0125	0.0125	0.0126	0.0125	0.0126	0.0126	0.0126	0.0126	0.0126	0.0105	0.0105	0.0105	0.0105	0.0105	0.0106	0.0105	0.0106	0.0106	0.0106	0.0097	0.0097	0.0097	0.0097	0.0097	0.0097	0.0097	0.0097	0.0097	0.0098	0.0085	0.0085	0.0086	0.0086	0.0086	0.0083	0.0083	0.0083	0.0083	0.0083	0.0075	0.0075
0.0156	0.0156	0.0156	0.0156	0.0156	0.0156	0.0156	0.0156	0.0156	0.0156	0.0156	0.0156	0.0156	0.0156	0.0156	0.0156	0.0156	0.0156	0.0156	0.0156	0.0156	0.0156	0.0156	0.0156	0.0156	0.0156	0.0156	0.0156	0.0156	0.0156	0.0156	0.0156	0.0156	0.0156	0.0156	0.0156	0.0156	0.0156	0.0156	0.0156	0.0156	0.0156	0.0156	0.0156	0.0156	0.0156	0.0156	0.0156	0.0156	0.0156	0.0156	0.0156	0.0156	0.0156	0.0156	0.0156	0.0156	0.0156	0.0156	0.0156	0.0156	0.0156	0.0156	0.0156
0.0	0.0325	0.0218	0.0241	0.0285	0.0308	0.0343	0.0127	0.0128	0.013	0.013	0.0131	0.0111	0.0113	0.0113	0.0114	0.0113	0.0113	0.0114	0.0115	0.0117	0.0116	0.0077	0.0077	0.0077	0.0077	0.0077	0.0077	0.0077	0.0078	0.0078	0.0078	0.0073	0.0073	0.0073	0.0073	0.0073	0.0073	0.0073	0.0073	0.0073	0.0074	0.0064	0.0064	0.0064	0.0064	0.0064	0.0064	0.0064	0.0064	0.0064	0.0064	0.0061	0.0062	0.0061	0.0062	0.0062	0.006	0.006	0.006	0.006	0.006	0.0058	0.0061
0.0	0.0015	0.0104	0.0191	0.0318	0.0486	0.0708	0.0171	0.0177	0.0188	0.0201	0.0217	0.0187	0.0197	0.021	0.0227	0.0203	0.0216	0.0233	0.0226	0.0243	0.0256	0.0121	0.0123	0.0126	0.013	0.0125	0.0128	0.0132	0.013	0.0134	0.0137	0.0127	0.013	0.0134	0.0133	0.0137	0.014	0.0134	0.0138	0.0141	0.0144	0.0103	0.0105	0.0108	0.0107	0.0109	0.0111	0.0108	0.011	0.0112	0.0113	0.0109	0.0111	0.0113	0.0115	0.0115	0.0101	0.0102	0.0104	0.0105	0.0105	0.0106	0.011
0.0	0.0133	0.0179	0.0415	0.0324	0.0392	0.0909	0.017	0.0191	0.0176	0.0179	0.0222	0.0193	0.0178	0.0181	0.0224	0.02	0.0203	0.0247	0.0187	0.0231	0.0234	0.0119	0.0115	0.0116	0.0126	0.012	0.0121	0.0131	0.0118	0.0127	0.0128	0.0121	0.0122	0.0132	0.0118	0.0128	0.0129	0.0123	0.0133	0.0134	0.013	0.0097	0.0097	0.0103	0.0095	0.0101	0.0101	0.0098	0.0104	0.0104	0.0102	0.0098	0.0104	0.0104	0.0102	0.0105	0.0086	0.009	0.0091	0.0089	0.0091	0.0091	0.0086
0.0	0.0019	0.0086	0.0186	0.0309	0.0478	0.073	0.0169	0.0178	0.0188	0.0201	0.0222	0.0184	0.0193	0.0207	0.0228	0.0202	0.0216	0.0237	0.0225	0.0246	0.0259	0.012	0.0123	0.0126	0.0131	0.0125	0.0128	0.0133	0.013	0.0135	0.0139	0.0126	0.0129	0.0135	0.0132	0.0137	0.014	0.0134	0.0139	0.0142	0.0145	0.0103	0.0105	0.0108	0.0106	0.0109	0.0111	0.0108	0.0111	0.0113	0.0114	0.0109	0.0112	0.0113	0.0115	0.0116	0.0101	0.0103	0.0104	0.0105	0.0106	0.0107	0.0111
0.0	0.0145	0.0276	0.0398	0.0446	0.048	0.0574	0.0183	0.0192	0.019	0.0189	0.0193	0.0202	0.02	0.0199	0.0203	0.0209	0.0208	0.0212	0.0206	0.021	0.0209	0.0123	0.0122	0.0122	0.0123	0.0124	0.0124	0.0125	0.0123	0.0124	0.0124	0.0126	0.0126	0.0127	0.0126	0.0127	0.0126	0.0128	0.0129	0.0128	0.0128	0.0101	0.0101	0.0101	0.0101	0.0101	0.0101	0.0102	0.0102	0.0102	0.0102	0.0103	0.0104	0.0103	0.0103	0.0104	0.0091	0.0091	0.0091	0.0091	0.0092	0.0093	0.0088
0.0	0.0065	0.043	0.0278	0.0357	0.0447	0.055	0.0209	0.0178	0.0182	0.0187	0.0192	0.0222	0.0226	0.0231	0.0236	0.0195	0.02	0.0205	0.0204	0.0209	0.0213	0.0127	0.0128	0.0129	0.013	0.0121	0.0122	0.0123	0.0123	0.0124	0.0125	0.0131	0.0132	0.0134	0.0133	0.0134	0.0135	0.0126	0.0127	0.0128	0.0129	0.0103	0.0104	0.0105	0.0105	0.0105	0.0106	0.01	0.0101	0.0102	0.0102	0.0106	0.0107	0.0108	0.0108	0.0104	0.0094	0.0094	0.0095	0.0095	0.0092	0.0096	0.0092
0.0	0.0191	0.057	0.0322	0.0367	0.0846	0.0527	0.0188	0.0165	0.0166	0.0199	0.0171	0.0193	0.0194	0.0227	0.0199	0.0171	0.0204	0.0176	0.0205	0.0177	0.021	0.0115	0.0115	0.0122	0.0116	0.011	0.0117	0.0111	0.0117	0.0111	0.0118	0.0116	0.0123	0.0117	0.0124	0.0117	0.0125	0.0118	0.0112	0.012	0.012	0.0092	0.0096	0.0092	0.0096	0.0093	0.0097	0.0093	0.009	0.0094	0.0094	0.0097	0.0093	0.0097	0.0098	0.0095	0.0083	0.008	0.0083	0.0083	0.0081	0.0084	0.0076
0.0	0.0547	0.1257	0.061	0.064	0.1037	0.0738	0.0201	0.0105	0.0106	0.0118	0.0111	0.0213	0.0222	0.0243	0.0251	0.0108	0.0121	0.0113	0.0122	0.0114	0.0129	0.0087	0.0088	0.0091	0.0092	0.0068	0.007	0.0069	0.0071	0.007	0.0073	0.009	0.0093	0.0093	0.0094	0.0094	0.0098	0.0071	0.0071	0.0073	0.0074	0.0061	0.0063	0.0063	0.0063	0.0064	0.0065	0.0054	0.0054	0.0056	0.0056	0.0064	0.0064	0.0066	0.0066	0.0056	0.005	0.0051	0.0051	0.0052	0.0048	0.0052	0.0045
0.0	0.0084	0.0266	0.0302	0.0437	0.0465	0.0571	0.0187	0.0185	0.0195	0.0191	0.0196	0.0202	0.0212	0.0208	0.0213	0.021	0.0207	0.0212	0.0216	0.0221	0.0218	0.0124	0.0126	0.0125	0.0126	0.0125	0.0124	0.0126	0.0127	0.0128	0.0127	0.0129	0.0129	0.013	0.0131	0.0132	0.0131	0.013	0.0131	0.013	0.0133	0.0103	0.0103	0.0103	0.0104	0.0105	0.0104	0.0104	0.0104	0.0104	0.0105	0.0106	0.0107	0.0106	0.0108	0.0107	0.0094	0.0095	0.0094	0.0095	0.0095	0.0097	0.0093
0.0	0.0085	0.0135	0.0623	0.0366	0.0445	0.0536	0.0169	0.0223	0.0181	0.0185	0.0189	0.0227	0.0184	0.0187	0.0192	0.024	0.0243	0.0248	0.0199	0.0204	0.0207	0.0128	0.0117	0.0118	0.0119	0.0131	0.0131	0.0132	0.0121	0.0122	0.0123	0.0131	0.0132	0.0133	0.0122	0.0123	0.0123	0.0135	0.0136	0.0137	0.0126	0.0103	0.0103	0.0104	0.0098	0.0098	0.0099	0.0105	0.0105	0.0106	0.01	0.0105	0.0106	0.0106	0.0101	0.0108	0.0092	0.0093	0.0093	0.0089	0.0094	0.0094	0.0089
0.0	0.0113	0.0461	0.1199	0.0355	0.0403	0.0439	0.0169	0.0216	0.0153	0.0155	0.0156	0.0254	0.0177	0.0179	0.018	0.0223	0.0227	0.0226	0.0162	0.0163	0.0165	0.0123	0.0108	0.0108	0.0108	0.0118	0.0119	0.0119	0.0105	0.0105	0.0105	0.0125	0.0126	0.0126	0.011	0.011	0.0111	0.012	0.0121	0.0121	0.0107	0.0095	0.0095	0.0095	0.0087	0.0087	0.0087	0.0093	0.0093	0.0093	0.0085	0.0096	0.0096	0.0096	0.0088	0.0094	0.0081	0.0081	0.0081	0.0075	0.0079	0.0082	0.0073
0.0	0.0066	0.0126	0.0312	0.0444	0.0471	0.0596	0.0174	0.0192	0.02	0.0195	0.0202	0.0196	0.0204	0.0199	0.0206	0.0222	0.0217	0.0223	0.0225	0.0232	0.0227	0.0123	0.0125	0.0123	0.0125	0.0129	0.0128	0.0129	0.013	0.0131	0.013	0.013	0.0128	0.013	0.013	0.0132	0.0131	0.0135	0.0136	0.0135	0.0137	0.0104	0.0103	0.0104	0.0104	0.0105	0.0104	0.0107	0.0108	0.0107	0.0108	0.0107	0.0108	0.0107	0.0109	0.0111	0.0096	0.0097	0.0096	0.0097	0.0099	0.0099	0.0097
0.0	0.019	0.1439	0.042	0.0388	0.0421	0.0455	0.023	0.0151	0.0147	0.0147	0.0148	0.0263	0.0237	0.0239	0.024	0.0156	0.0157	0.0158	0.0152	0.0153	0.0154	0.0119	0.0116	0.0116	0.0116	0.0099	0.0099	0.0099	0.0098	0.0098	0.0098	0.012	0.012	0.012	0.0117	0.0117	0.0117	0.01	0.01	0.0101	0.0099	0.0089	0.0089	0.0089	0.0088	0.0088	0.0088	0.0079	0.0079	0.0079	0.0078	0.009	0.009	0.009	0.0089	0.008	0.0074	0.0074	0.0074	0.0073	0.0068	0.0075	0.0065
0.0	0.0353	0.0551	0.2833	0.0436	0.0446	0.0457	0.0109	0.0214	0.0097	0.0098	0.0098	0.0318	0.011	0.011	0.011	0.0219	0.022	0.022	0.0099	0.0099	0.0099	0.0095	0.0066	0.0066	0.0066	0.0086	0.0086	0.0086	0.0062	0.0062	0.0062	0.0096	0.0096	0.0096	0.0066	0.0066	0.0067	0.0086	0.0087	0.0087	0.0063	0.0062	0.0062	0.0062	0.0049	0.0049	0.0049	0.0058	0.0058	0.0058	0.0047	0.0062	0.0062	0.0063	0.0049	0.0059	0.0046	0.0047	0.0047	0.0039	0.0045	0.0047	0.0038
0.0	0.0052	0.0095	0.0188	0.0818	0.0437	0.0527	0.0165	0.0173	0.0235	0.0183	0.0186	0.0176	0.0238	0.0185	0.0189	0.0253	0.0193	0.0197	0.0256	0.026	0.0207	0.0116	0.0131	0.0118	0.0119	0.0133	0.012	0.0121	0.0135	0.0136	0.0123	0.0134	0.0121	0.0121	0.0136	0.0136	0.0123	0.0138	0.0139	0.0125	0.014	0.0105	0.0097	0.0098	0.0106	0.0106	0.0099	0.0107	0.0107	0.01	0.0108	0.0107	0.0108	0.01	0.0109	0.011	0.0094	0.0094	0.0089	0.0095	0.0096	0.0096	0.0092
0.0	0.0279	0.0884	0.0359	0.1719	0.0507	0.0506	0.0143	0.0126	0.0186	0.0129	0.0128	0.0145	0.0206	0.0148	0.0147	0.019	0.013	0.013	0.0193	0.0193	0.0133	0.0089	0.0101	0.0089	0.0089	0.0097	0.0085	0.0085	0.0098	0.0098	0.0086	0.0101	0.009	0.0089	0.0102	0.0102	0.009	0.0098	0.0098	0.0086	0.0099	0.0077	0.007	0.007	0.0077	0.0077	0.0071	0.0075	0.0075	0.0069	0.0075	0.0077	0.0077	0.0071	0.0078	0.0076	0.0064	0.0064	0.006	0.0064	0.0063	0.0064	0.0056
0.0	0.0083	0.0096	0.0093	0.4414	0.0235	0.0241	0.0094	0.0093	0.0217	0.0095	0.0095	0.0094	0.0225	0.0096	0.0096	0.0219	0.0095	0.0095	0.0221	0.0221	0.0096	0.0065	0.0089	0.0066	0.0066	0.0089	0.0065	0.0065	0.0089	0.0089	0.0066	0.009	0.0066	0.0066	0.009	0.009	0.0066	0.0089	0.0089	0.0066	0.009	0.0064	0.0051	0.0051	0.0064	0.0064	0.0051	0.0064	0.0064	0.0051	0.0064	0.0064	0.0064	0.0051	0.0065	0.0064	0.0051	0.0051	0.0043	0.0051	0.0051	0.0051	0.0043
0.0	0.0316	0.0337	0.0364	0.1617	0.1291	0.0538	0.0122	0.0122	0.0169	0.0148	0.0125	0.0123	0.017	0.0148	0.0125	0.0172	0.0149	0.0126	0.0198	0.0175	0.0152	0.0082	0.0092	0.0088	0.0083	0.0092	0.0088	0.0083	0.0098	0.0093	0.0089	0.0092	0.0088	0.0083	0.0098	0.0093	0.0089	0.0098	0.0093	0.0089	0.0099	0.0071	0.0069	0.0066	0.0075	0.0072	0.007	0.0075	0.0072	0.007	0.0075	0.0075	0.0072	0.007	0.0075	0.0075	0.0062	0.006	0.0059	0.0062	0.0062	0.0062	0.0054
0.0	0.0202	0.0207	0.0213	0.4513	0.0749	0.0315	0.0075	0.0075	0.0166	0.0082	0.0076	0.0075	0.0166	0.0082	0.0076	0.0167	0.0082	0.0076	0.0183	0.0168	0.0082	0.0051	0.0068	0.0053	0.0051	0.0068	0.0053	0.0051	0.007	0.0068	0.0053	0.0068	0.0053	0.0051	0.007	0.0068	0.0053	0.007	0.0068	0.0053	0.0071	0.0049	0.0041	0.004	0.005	0.0049	0.0041	0.005	0.0049	0.0041	0.005	0.005	0.0049	0.0041	0.005	0.005	0.0039	0.0038	0.0033	0.0039	0.0039	0.0039	0.0032
0.0	0.0047	0.0048	0.0048	0.748	0.0113	0.011	0.004	0.004	0.0109	0.004	0.004	0.004	0.0109	0.004	0.004	0.011	0.004	0.004	0.0114	0.011	0.0041	0.0028	0.0039	0.0028	0.0028	0.0039	0.0028	0.0028	0.004	0.0039	0.0028	0.0039	0.0028	0.0028	0.004	0.0039	0.0028	0.004	0.0039	0.0028	0.004	0.0028	0.0021	0.0021	0.0028	0.0028	0.0022	0.0028	0.0028	0.0022	0.0028	0.0028	0.0028	0.0022	0.0028	0.0028	0.0021	0.0021	0.0018	0.0021	0.0021	0.0021	0.0018
0.0	0.0469	0.1715	0.0522	0.2344	0.0618	0.0605	0.01	0.0083	0.0113	0.0084	0.0083	0.01	0.0131	0.0101	0.0101	0.0114	0.0084	0.0084	0.0116	0.0115	0.0085	0.006	0.0066	0.006	0.006	0.0062	0.0056	0.0056	0.0063	0.0062	0.0056	0.0066	0.006	0.006	0.0066	0.0066	0.006	0.0063	0.0062	0.0056	0.0063	0.005	0.0047	0.0047	0.0051	0.005	0.0047	0.0048	0.0048	0.0045	0.0048	0.0051	0.005	0.0047	0.0051	0.0049	0.0041	0.0041	0.0039	0.0041	0.004	0.0041	0.0035
0.0	0.0071	0.0082	0.0071	0.8528	0.0074	0.0073	0.0021	0.002	0.0071	0.002	0.002	0.0021	0.0081	0.0021	0.0021	0.0071	0.002	0.002	0.0072	0.0071	0.002	0.0012	0.0021	0.0012	0.0012	0.002	0.0012	0.0012	0.002	0.002	0.0012	0.0021	0.0012	0.0012	0.0021	0.0021	0.0012	0.002	0.002	0.0012	0.002	0.0012	0.0008	0.0008	0.0012	0.0012	0.0008	0.0012	0.0012	0.0008	0.0012	0.0012	0.0012	0.0008	0.0012	0.0012	0.0008	0.0008	0.0006	0.0008	0.0008	0.0008	0.0006
0.0	0.0114	0.0209	0.0234	0.0258	0.0305	0.0373	0.0122	0.0121	0.012	0.0122	0.0126	0.013	0.0129	0.0131	0.0135	0.0128	0.013	0.0134	0.0129	0.0133	0.0134	0.008	0.008	0.008	0.0081	0.008	0.008	0.0081	0.008	0.0081	0.0081	0.0082	0.0082	0.0083	0.0082	0.0083	0.0083	0.0082	0.0082	0.0083	0.0082	0.0068	0.0068	0.0069	0.0068	0.0068	0.0069	0.0068	0.0068	0.0068	0.0068	0.0069	0.0069	0.007	0.0069	0.0069	0.0065	0.0065	0.0065	0.0065	0.0065	0.0066	0.0068
0.0	0.1293	0.0584	0.0604	0.0625	0.0656	0.0696	0.0214	0.0214	0.0213	0.0215	0.0219	0.0127	0.0127	0.0128	0.0129	0.0127	0.0128	0.0129	0.0128	0.0129	0.013	0.0096	0.0096	0.0097	0.0097	0.0096	0.0096	0.0097	0.0096	0.0097	0.0097	0.008	0.008	0.008	0.008	0.008	0.008	0.008	0.008	0.008	0.008	0.007	0.007	0.0071	0.007	0.0071	0.0071	0.007	0.0071	0.0071	0.0071	0.0063	0.0063	0.0063	0.0063	0.0063	0.0058	0.0058	0.0058	0.0058	0.0058	0.0055	0.0052
0.0	0.1039	0.0262	0.03	0.0341	0.0385	0.0433	0.0235	0.0236	0.0237	0.0238	0.024	0.0163	0.0164	0.0166	0.0167	0.0165	0.0167	0.0168	0.0168	0.0169	0.0171	0.0125	0.0125	0.0125	0.0126	0.0125	0.0126	0.0126	0.0126	0.0126	0.0126	0.0109	0.0109	0.011	0.011	0.011	0.011	0.011	0.011	0.011	0.0111	0.0098	0.0098	0.0099	0.0099	0.0099	0.0099	0.0099	0.0099	0.0099	0.0099	0.009	0.009	0.009	0.009	0.009	0.0086	0.0086	0.0086	0.0087	0.0087	0.008	0.0081
0.0	0.003	0.009	0.0172	0.0376	0.0486	0.0685	0.0171	0.0177	0.0198	0.0202	0.0216	0.0181	0.0202	0.0206	0.022	0.0209	0.0212	0.0226	0.0234	0.0248	0.0251	0.012	0.0125	0.0126	0.0129	0.0127	0.0127	0.0131	0.0133	0.0136	0.0137	0.0128	0.0128	0.0132	0.0134	0.0137	0.0138	0.0135	0.0138	0.0139	0.0144	0.0104	0.0104	0.0106	0.0107	0.0109	0.011	0.0108	0.011	0.0111	0.0114	0.0109	0.0111	0.0111	0.0114	0.0115	0.01	0.0101	0.0102	0.0104	0.0105	0.0105	0.0107
0.0	0.0069	0.0216	0.0248	0.0354	0.0475	0.0622	0.0189	0.0184	0.0191	0.0198	0.0207	0.0201	0.0209	0.0216	0.0225	0.0203	0.021	0.0219	0.0217	0.0226	0.0233	0.0124	0.0126	0.0128	0.013	0.0124	0.0126	0.0128	0.0128	0.013	0.0131	0.0129	0.0131	0.0133	0.0132	0.0134	0.0136	0.0131	0.0133	0.0134	0.0136	0.0103	0.0104	0.0106	0.0105	0.0107	0.0108	0.0105	0.0106	0.0107	0.0108	0.0107	0.0108	0.0109	0.011	0.0109	0.0096	0.0097	0.0098	0.0098	0.0098	0.01	0.0098
0.0	0.0073	0.0246	0.0249	0.0348	0.0465	0.0602	0.0192	0.0183	0.0189	0.0197	0.0205	0.0202	0.0208	0.0215	0.0224	0.0201	0.0208	0.0216	0.0214	0.0222	0.0229	0.0125	0.0127	0.0128	0.013	0.0124	0.0126	0.0128	0.0127	0.0129	0.0131	0.0129	0.0131	0.0133	0.0132	0.0134	0.0136	0.013	0.0132	0.0133	0.0135	0.0105	0.0106	0.0107	0.0106	0.0107	0.0108	0.0105	0.0106	0.0107	0.0108	0.0108	0.0109	0.011	0.0111	0.0109	0.0098	0.0099	0.01	0.01	0.0099	0.0101	0.0102
0.0	0.0057	0.012	0.0191	0.0481	0.0476	0.0622	0.0174	0.0178	0.021	0.0197	0.0206	0.0183	0.0214	0.0202	0.0211	0.0219	0.0206	0.0215	0.0238	0.0247	0.0234	0.012	0.0128	0.0124	0.0126	0.0129	0.0125	0.0127	0.0133	0.0135	0.0132	0.013	0.0126	0.0128	0.0134	0.0136	0.0133	0.0135	0.0137	0.0134	0.0142	0.0104	0.0102	0.0103	0.0107	0.0108	0.0106	0.0107	0.0109	0.0107	0.0111	0.0108	0.0109	0.0107	0.0112	0.0112	0.0097	0.0098	0.0097	0.01	0.0101	0.0101	0.01
0.0	0.0281	0.0301	0.0321	0.2189	0.0453	0.0482	0.0124	0.0124	0.0246	0.0127	0.0128	0.0125	0.0249	0.0128	0.0129	0.0251	0.0129	0.013	0.0264	0.0269	0.0133	0.0081	0.0105	0.0082	0.0083	0.0105	0.0083	0.0083	0.0107	0.0108	0.0084	0.0106	0.0083	0.0083	0.0107	0.0108	0.0084	0.0108	0.0108	0.0084	0.011	0.0076	0.0065	0.0065	0.0076	0.0077	0.0065	0.0076	0.0077	0.0066	0.0078	0.0077	0.0077	0.0066	0.0078	0.0078	0.0062	0.0062	0.0056	0.0062	0.0062	0.0062	0.0054
0.0	0.0065	0.0203	0.0212	0.0454	0.046	0.0588	0.0183	0.0178	0.0203	0.0193	0.0201	0.0191	0.0216	0.0207	0.0214	0.0211	0.0202	0.0209	0.0227	0.0234	0.0225	0.0122	0.0128	0.0126	0.0128	0.0127	0.0124	0.0126	0.0131	0.0132	0.013	0.013	0.0128	0.0129	0.0134	0.0136	0.0133	0.0132	0.0134	0.0132	0.0138	0.0105	0.0104	0.0105	0.0108	0.0109	0.0107	0.0107	0.0108	0.0106	0.011	0.0109	0.011	0.0108	0.0112	0.0111	0.0099	0.01	0.0099	0.0102	0.0101	0.0102	0.0104
0.0	0.0066	0.0124	0.0215	0.0335	0.0481	0.0665	0.0179	0.0186	0.0195	0.0205	0.0218	0.0188	0.0197	0.0207	0.022	0.0204	0.0214	0.0227	0.0223	0.0236	0.0246	0.0122	0.0125	0.0127	0.013	0.0126	0.0129	0.0132	0.0131	0.0134	0.0136	0.0127	0.0129	0.0132	0.0131	0.0134	0.0137	0.0133	0.0136	0.0138	0.014	0.0104	0.0105	0.0107	0.0106	0.0108	0.0109	0.0107	0.0109	0.011	0.0112	0.0107	0.0109	0.0111	0.0112	0.0113	0.0099	0.01	0.0101	0.0102	0.0103	0.0103	0.0104
0.0	0.0293	0.0295	0.0326	0.0413	0.0484	0.0574	0.0204	0.0202	0.0209	0.021	0.0215	0.0188	0.0193	0.0195	0.0199	0.0191	0.0194	0.0198	0.0198	0.0202	0.0205	0.0123	0.0125	0.0125	0.0126	0.0124	0.0125	0.0126	0.0126	0.0127	0.0127	0.0121	0.0121	0.0122	0.0122	0.0123	0.0124	0.0122	0.0123	0.0123	0.0124	0.01	0.01	0.0101	0.0101	0.0101	0.0102	0.0101	0.0101	0.0101	0.0102	0.0099	0.0099	0.01	0.01	0.01	0.0089	0.009	0.009	0.009	0.009	0.0089	0.0086
0.0	0.0214	0.0178	0.0256	0.035	0.0458	0.0586	0.0197	0.0202	0.0208	0.0214	0.0221	0.0188	0.0194	0.02	0.0207	0.0199	0.0205	0.0212	0.0211	0.0218	0.0224	0.0126	0.0127	0.0128	0.013	0.0128	0.013	0.0131	0.0131	0.0133	0.0134	0.0125	0.0126	0.0128	0.0127	0.0129	0.013	0.0128	0.013	0.0131	0.0133	0.0104	0.0105	0.0106	0.0105	0.0106	0.0107	0.0106	0.0107	0.0108	0.0109	0.0104	0.0105	0.0106	0.0107	0.0107	0.0096	0.0097	0.0097	0.0098	0.0098	0.0097	0.0097
0.0	0.0541	0.026	0.0316	0.0377	0.0444	0.0518	0.0223	0.0226	0.0229	0.0233	0.0237	0.0178	0.018	0.0183	0.0186	0.0183	0.0185	0.0188	0.0188	0.0191	0.0193	0.0126	0.0126	0.0127	0.0128	0.0127	0.0128	0.0128	0.0128	0.0129	0.013	0.0116	0.0116	0.0117	0.0117	0.0118	0.0118	0.0118	0.0118	0.0119	0.0119	0.0099	0.01	0.01	0.01	0.01	0.0101	0.01	0.0101	0.0101	0.0102	0.0095	0.0095	0.0095	0.0096	0.0096	0.0087	0.0088	0.0088	0.0088	0.0088	0.0084	0.0082
0.0	0.032	0.021	0.0279	0.036	0.045	0.0553	0.0206	0.021	0.0214	0.0218	0.0224	0.0186	0.0191	0.0195	0.02	0.0194	0.0199	0.0204	0.0203	0.0208	0.0212	0.0126	0.0127	0.0128	0.0129	0.0128	0.0129	0.013	0.013	0.0131	0.0132	0.0122	0.0123	0.0124	0.0124	0.0125	0.0126	0.0125	0.0126	0.0127	0.0128	0.0103	0.0104	0.0104	0.0104	0.0105	0.0105	0.0105	0.0105	0.0106	0.0106	0.0101	0.0102	0.0103	0.0103	0.0104	0.0094	0.0094	0.0095	0.0095	0.0095	0.0093	0.0093
0.0	0.0746	0.0286	0.0334	0.0385	0.0441	0.05	0.0228	0.023	0.0232	0.0235	0.0238	0.0171	0.0173	0.0174	0.0176	0.0174	0.0176	0.0178	0.0178	0.018	0.0182	0.0124	0.0124	0.0125	0.0125	0.0125	0.0125	0.0126	0.0126	0.0126	0.0127	0.0111	0.0112	0.0112	0.0112	0.0113	0.0113	0.0113	0.0113	0.0114	0.0114	0.0097	0.0097	0.0097	0.0097	0.0097	0.0098	0.0097	0.0098	0.0098	0.0098	0.009	0.0091	0.0091	0.0091	0.0091	0.0084	0.0084	0.0084	0.0084	0.0084	0.008	0.0078
0.0	0.1213	0.0257	0.0291	0.0327	0.0365	0.0405	0.0248	0.0249	0.0251	0.0252	0.0254	0.0158	0.0159	0.016	0.0162	0.016	0.0161	0.0163	0.0162	0.0164	0.0165	0.0125	0.0125	0.0126	0.0126	0.0126	0.0126	0.0126	0.0126	0.0126	0.0127	0.0106	0.0106	0.0106	0.0106	0.0106	0.0107	0.0106	0.0107	0.0107	0.0107	0.0096	0.0096	0.0096	0.0096	0.0096	0.0097	0.0096	0.0097	0.0097	0.0097	0.0086	0.0086	0.0086	0.0086	0.0086	0.0082	0.0082	0.0082	0.0082	0.0082	0.0075	0.0074
0.0	0.4738	0.0268	0.0272	0.0277	0.0281	0.0286	0.0216	0.0217	0.0217	0.0218	0.0219	0.0074	0.0074	0.0074	0.0074	0.0074	0.0074	0.0074	0.0074	0.0075	0.0075	0.007	0.007	0.007	0.007	0.007	0.007	0.007	0.007	0.007	0.0071	0.0047	0.0047	0.0047	0.0047	0.0047	0.0048	0.0047	0.0048	0.0048	0.0048	0.0046	0.0046	0.0046	0.0046	0.0046	0.0046	0.0046	0.0046	0.0046	0.0046	0.0035	0.0035	0.0035	0.0035	0.0035	0.0035	0.0035	0.0035	0.0035	0.0035	0.0029	0.0028
0.0	0.3376	0.0216	0.0225	0.0235	0.0245	0.0255	0.0219	0.0219	0.022	0.022	0.022	0.011	0.011	0.011	0.011	0.011	0.011	0.011	0.011	0.0111	0.0111	0.01	0.01	0.01	0.01	0.01	0.01	0.01	0.01	0.01	0.01	0.0078	0.0078	0.0078	0.0078	0.0078	0.0078	0.0078	0.0078	0.0078	0.0078	0.0075	0.0075	0.0075	0.0075	0.0075	0.0075	0.0075	0.0075	0.0075	0.0075	0.0062	0.0062	0.0062	0.0062	0.0062	0.0061	0.0061	0.0061	0.0061	0.0061	0.0053	0.0053
0.0	0.3374	0.0329	0.0339	0.0349	0.0359	0.0369	0.0243	0.0244	0.0246	0.0247	0.0249	0.0097	0.0098	0.0098	0.0098	0.0098	0.0098	0.0098	0.0098	0.0099	0.0099	0.0088	0.0088	0.0088	0.0089	0.0088	0.0089	0.0089	0.0089	0.0089	0.0089	0.0063	0.0063	0.0063	0.0063	0.0063	0.0063	0.0063	0.0063	0.0063	0.0063	0.006	0.006	0.006	0.006	0.006	0.006	0.006	0.006	0.006	0.0061	0.0048	0.0048	0.0048	0.0048	0.0048	0.0046	0.0046	0.0046	0.0047	0.0047	0.0039	0.0039
0.0	0.7401	0.0164	0.0165	0.0166	0.0168	0.0169	0.0118	0.0118	0.0119	0.012	0.012	0.0031	0.0032	0.0032	0.0032	0.0032	0.0032	0.0032	0.0032	0.0032	0.0032	0.0031	0.0031	0.0031	0.0031	0.0031	0.0031	0.0031	0.0031	0.0031	0.0031	0.0019	0.002	0.002	0.002	0.002	0.002	0.002	0.002	0.002	0.002	0.0019	0.0019	0.0019	0.0019	0.0019	0.0019	0.0019	0.0019	0.0019	0.0019	0.0014	0.0014	0.0014	0.0014	0.0014	0.0014	0.0014	0.0014	0.0014	0.0014	0.0011	0.0011
0.0	0.2027	0.0234	0.0253	0.0274	0.0294	0.0316	0.024	0.024	0.0241	0.0241	0.0242	0.0139	0.014	0.014	0.014	0.014	0.014	0.0141	0.0141	0.0141	0.0141	0.0119	0.0119	0.0119	0.0119	0.0119	0.0119	0.0119	0.0119	0.0119	0.012	0.0097	0.0097	0.0097	0.0097	0.0097	0.0097	0.0097	0.0097	0.0097	0.0097	0.0091	0.0091	0.0092	0.0092	0.0092	0.0092	0.0092	0.0092	0.0092	0.0092	0.0079	0.0079	0.0079	0.0079	0.0079	0.0077	0.0077	0.0077	0.0077	0.0077	0.0068	0.0069
0.0	0.3324	0.0241	0.0251	0.0261	0.0271	0.0282	0.0226	0.0226	0.0226	0.0226	0.0226	0.0109	0.0109	0.0109	0.011	0.0109	0.0109	0.011	0.011	0.011	0.011	0.0098	0.0098	0.0098	0.0098	0.0098	0.0098	0.0098	0.0098	0.0098	0.0098	0.0075	0.0075	0.0075	0.0075	0.0075	0.0075	0.0075	0.0075	0.0075	0.0075	0.0072	0.0072	0.0072	0.0072	0.0072	0.0072	0.0072	0.0072	0.0072	0.0072	0.006	0.006	0.006	0.006	0.006	0.0058	0.0058	0.0058	0.0058	0.0058	0.005	0.005
0.0	0.4823	0.0191	0.0195	0.02	0.0205	0.0209	0.0187	0.0187	0.0187	0.0188	0.0188	0.0082	0.0082	0.0082	0.0082	0.0082	0.0082	0.0082	0.0082	0.0082	0.0082	0.0077	0.0077	0.0077	0.0077	0.0077	0.0077	0.0077	0.0077	0.0077	0.0077	0.0057	0.0057	0.0057	0.0057	0.0057	0.0057	0.0057	0.0057	0.0057	0.0057	0.0056	0.0056	0.0056	0.0056	0.0056	0.0056	0.0056	0.0056	0.0056	0.0056	0.0045	0.0045	0.0045	0.0045	0.0045	0.0044	0.0044	0.0044	0.0044	0.0044	0.0038	0.0037
0.0	0.473	0.0179	0.0184	0.0188	0.0193	0.0198	0.0184	0.0184	0.0184	0.0184	0.0184	0.0085	0.0085	0.0085	0.0085	0.0085	0.0085	0.0085	0.0085	0.0085	0.0085	0.008	0.008	0.008	0.008	0.008	0.008	0.008	0.008	0.008	0.008	0.0061	0.0061	0.0061	0.0061	0.0061	0.0061	0.0061	0.0061	0.0061	0.0061	0.0059	0.0059	0.0059	0.0059	0.0059	0.0059	0.0059	0.0059	0.0059	0.0059	0.0048	0.0048	0.0048	0.0048	0.0048	0.0048	0.0048	0.0048	0.0048	0.0048	0.004	0.004
0.0	0.7378	0.0097	0.0098	0.0099	0.01	0.0101	0.0098	0.0098	0.0098	0.0098	0.0098	0.004	0.004	0.004	0.004	0.004	0.004	0.004	0.004	0.004	0.004	0.0039	0.0039	0.0039	0.0039	0.0039	0.0039	0.0039	0.0039	0.0039	0.0039	0.0029	0.0029	0.0029	0.0029	0.0029	0.0029	0.0029	0.0029	0.0029	0.0029	0.0029	0.0029	0.0029	0.0029	0.0029	0.0029	0.0029	0.0029	0.0029	0.0029	0.0023	0.0023	0.0023	0.0023	0.0023	0.0023	0.0023	0.0023	0.0023	0.0023	0.0019	0.0019
0.0	0.2558	0.0225	0.0239	0.0254	0.0269	0.0285	0.0231	0.0231	0.0232	0.0232	0.0232	0.0128	0.0128	0.0128	0.0128	0.0128	0.0128	0.0128	0.0128	0.0129	0.0129	0.0112	0.0112	0.0112	0.0113	0.0112	0.0113	0.0113	0.0113	0.0113	0.0113	0.009	0.009	0.009	0.009	0.009	0.009	0.009	0.009	0.009	0.009	0.0086	0.0086	0.0086	0.0086	0.0086	0.0086	0.0086	0.0086	0.0086	0.0086	0.0073	0.0073	0.0073	0.0073	0.0073	0.0071	0.0071	0.0071	0.0071	0.0071	0.0062	0.0063
0.0	0.413	0.0216	0.0223	0.0229	0.0236	0.0243	0.0206	0.0206	0.0206	0.0206	0.0206	0.0094	0.0094	0.0094	0.0094	0.0094	0.0094	0.0094	0.0094	0.0094	0.0094	0.0087	0.0087	0.0087	0.0087	0.0087	0.0087	0.0087	0.0087	0.0087	0.0087	0.0065	0.0065	0.0065	0.0065	0.0065	0.0065	0.0065	0.0065	0.0065	0.0065	0.0063	0.0063	0.0063	0.0063	0.0063	0.0063	0.0063	0.0063	0.0063	0.0063	0.0052	0.0052	0.0052	0.0052	0.0052	0.0051	0.0051	0.0051	0.0051	0.0051	0.0043	0.0043
0.0	0.2755	0.0229	0.0242	0.0255	0.0269	0.0283	0.0231	0.0231	0.0231	0.0231	0.0232	0.0123	0.0123	0.0123	0.0123	0.0123	0.0123	0.0124	0.0124	0.0124	0.0124	0.0109	0.0109	0.0109	0.0109	0.0109	0.0109	0.0109	0.0109	0.0109	0.0109	0.0086	0.0086	0.0086	0.0086	0.0086	0.0086	0.0086	0.0086	0.0086	0.0086	0.0082	0.0082	0.0082	0.0082	0.0082	0.0082	0.0082	0.0082	0.0082	0.0082	0.0069	0.0069	0.0069	0.0069	0.0069	0.0068	0.0068	0.0068	0.0068	0.0068	0.0059	0.0059
0.0	0.2023	0.0243	0.0263	0.0283	0.0305	0.0327	0.0243	0.0244	0.0244	0.0245	0.0245	0.0139	0.0139	0.014	0.014	0.014	0.014	0.014	0.014	0.0141	0.0141	0.0118	0.0118	0.0118	0.0118	0.0118	0.0118	0.0118	0.0118	0.0118	0.0118	0.0096	0.0096	0.0096	0.0096	0.0096	0.0096	0.0096	0.0096	0.0096	0.0096	0.009	0.009	0.009	0.009	0.009	0.009	0.009	0.009	0.009	0.009	0.0077	0.0077	0.0077	0.0077	0.0077	0.0075	0.0075	0.0075	0.0075	0.0075	0.0066	0.0067
0.0	0.0061	0.0131	0.0212	0.0348	0.0478	0.0654	0.0178	0.0183	0.0194	0.0202	0.0214	0.0188	0.0199	0.0207	0.0219	0.0204	0.0212	0.0224	0.0223	0.0235	0.0243	0.0122	0.0125	0.0127	0.013	0.0126	0.0128	0.0131	0.0131	0.0134	0.0135	0.0127	0.0129	0.0132	0.0132	0.0135	0.0137	0.0133	0.0136	0.0138	0.0141	0.0104	0.0105	0.0107	0.0107	0.0109	0.011	0.0108	0.0109	0.0111	0.0112	0.0109	0.011	0.0111	0.0113	0.0114	0.0101	0.0102	0.0102	0.0104	0.0104	0.0105	0.0108
0.0	0.0433	0.0304	0.0356	0.0418	0.0482	0.0554	0.023	0.0234	0.024	0.0246	0.0253	0.0174	0.0177	0.0179	0.0182	0.0179	0.0181	0.0184	0.0184	0.0187	0.0189	0.0124	0.0125	0.0126	0.0127	0.0126	0.0127	0.0128	0.0128	0.0129	0.013	0.0112	0.0113	0.0113	0.0113	0.0114	0.0115	0.0114	0.0115	0.0115	0.0116	0.0096	0.0097	0.0097	0.0097	0.0098	0.0098	0.0098	0.0098	0.0099	0.0099	0.0091	0.0092	0.0092	0.0093	0.0093	0.0084	0.0084	0.0085	0.0085	0.0085	0.0082	0.0079
0.0	0.0259	0.018	0.0256	0.0345	0.0449	0.057	0.0203	0.0207	0.0212	0.0218	0.0225	0.0187	0.0192	0.0198	0.0205	0.0197	0.0202	0.0209	0.0208	0.0214	0.022	0.0127	0.0128	0.0129	0.0131	0.0129	0.013	0.0132	0.0131	0.0133	0.0134	0.0124	0.0125	0.0126	0.0126	0.0128	0.0129	0.0127	0.0129	0.013	0.0131	0.0104	0.0105	0.0106	0.0105	0.0106	0.0107	0.0106	0.0107	0.0108	0.0109	0.0103	0.0104	0.0105	0.0106	0.0106	0.0096	0.0096	0.0097	0.0098	0.0098	0.0096	0.0097
0.0	0.1003	0.0295	0.0333	0.0373	0.0415	0.0461	0.0251	0.0254	0.0257	0.026	0.0264	0.016	0.0161	0.0162	0.0164	0.0162	0.0163	0.0165	0.0165	0.0166	0.0168	0.0123	0.0124	0.0124	0.0125	0.0124	0.0125	0.0125	0.0125	0.0126	0.0126	0.0104	0.0105	0.0105	0.0105	0.0105	0.0106	0.0105	0.0106	0.0106	0.0106	0.0093	0.0093	0.0094	0.0094	0.0094	0.0094	0.0094	0.0094	0.0094	0.0095	0.0084	0.0084	0.0084	0.0084	0.0085	0.0079	0.0079	0.0079	0.0079	0.0079	0.0073	0.0071
0.0	0.0986	0.0293	0.0331	0.0372	0.0415	0.0462	0.025	0.0253	0.0256	0.0259	0.0263	0.016	0.0162	0.0163	0.0165	0.0163	0.0164	0.0166	0.0166	0.0167	0.0169	0.0124	0.0124	0.0125	0.0125	0.0124	0.0125	0.0126	0.0126	0.0126	0.0127	0.0105	0.0105	0.0105	0.0105	0.0106	0.0106	0.0106	0.0106	0.0106	0.0107	0.0093	0.0094	0.0094	0.0094	0.0094	0.0094	0.0094	0.0094	0.0095	0.0095	0.0084	0.0084	0.0085	0.0085	0.0085	0.0079	0.0079	0.0079	0.008	0.008	0.0074	0.0072
0.0	0.2544	0.0521	0.0536	0.0556	0.0574	0.0595	0.0235	0.0238	0.0243	0.0247	0.0253	0.0095	0.0096	0.0097	0.0097	0.0096	0.0097	0.0098	0.0098	0.0098	0.0099	0.0082	0.0083	0.0083	0.0083	0.0083	0.0083	0.0084	0.0084	0.0084	0.0085	0.0059	0.0059	0.0059	0.0059	0.006	0.006	0.0059	0.006	0.006	0.006	0.0055	0.0055	0.0055	0.0055	0.0055	0.0055	0.0055	0.0055	0.0056	0.0056	0.0044	0.0045	0.0045	0.0045	0.0045	0.0042	0.0042	0.0042	0.0042	0.0042	0.0036	0.0035
0.0	0.1224	0.0251	0.0286	0.0322	0.0361	0.0402	0.024	0.0241	0.0242	0.0243	0.0245	0.0159	0.016	0.0161	0.0162	0.0161	0.0162	0.0163	0.0163	0.0164	0.0165	0.0125	0.0125	0.0125	0.0126	0.0125	0.0126	0.0126	0.0126	0.0126	0.0126	0.0107	0.0107	0.0108	0.0108	0.0108	0.0108	0.0108	0.0108	0.0108	0.0109	0.0097	0.0097	0.0098	0.0098	0.0098	0.0098	0.0098	0.0098	0.0098	0.0098	0.0087	0.0088	0.0088	0.0088	0.0088	0.0084	0.0084	0.0084	0.0084	0.0084	0.0077	0.0077
0.0	0.1222	0.0257	0.0291	0.0327	0.0366	0.0406	0.0242	0.0243	0.0244	0.0245	0.0247	0.0159	0.016	0.0161	0.0162	0.0161	0.0162	0.0163	0.0163	0.0164	0.0165	0.0125	0.0125	0.0125	0.0125	0.0125	0.0125	0.0126	0.0126	0.0126	0.0126	0.0106	0.0107	0.0107	0.0107	0.0107	0.0107	0.0107	0.0107	0.0108	0.0108	0.0096	0.0097	0.0097	0.0097	0.0097	0.0097	0.0097	0.0097	0.0097	0.0097	0.0086	0.0087	0.0087	0.0087	0.0087	0.0083	0.0083	0.0083	0.0083	0.0083	0.0076	0.0076
0.0	0.1467	0.0267	0.0296	0.0327	0.0359	0.0393	0.0243	0.0244	0.0245	0.0245	0.0246	0.0152	0.0152	0.0153	0.0154	0.0153	0.0154	0.0155	0.0155	0.0155	0.0156	0.0121	0.0122	0.0122	0.0122	0.0122	0.0122	0.0122	0.0122	0.0122	0.0122	0.0102	0.0102	0.0102	0.0102	0.0102	0.0103	0.0102	0.0103	0.0103	0.0103	0.0093	0.0093	0.0093	0.0093	0.0093	0.0094	0.0093	0.0094	0.0094	0.0094	0.0082	0.0083	0.0083	0.0083	0.0083	0.0079	0.0079	0.0079	0.0079	0.0079	0.0072	0.0071
0.0	0.2638	0.0286	0.0301	0.0317	0.0333	0.035	0.0233	0.0233	0.0233	0.0234	0.0234	0.0121	0.0122	0.0122	0.0122	0.0122	0.0122	0.0122	0.0122	0.0122	0.0123	0.0104	0.0104	0.0104	0.0104	0.0104	0.0104	0.0104	0.0104	0.0104	0.0104	0.0082	0.0082	0.0082	0.0082	0.0082	0.0082	0.0082	0.0082	0.0083	0.0083	0.0077	0.0077	0.0077	0.0077	0.0077	0.0077	0.0077	0.0077	0.0077	0.0077	0.0065	0.0065	0.0065	0.0065	0.0065	0.0063	0.0063	0.0063	0.0063	0.0063	0.0055	0.0054
0.0	0.345	0.0242	0.0252	0.0262	0.0272	0.0282	0.0217	0.0217	0.0217	0.0218	0.0218	0.0107	0.0107	0.0107	0.0107	0.0107	0.0107	0.0107	0.0107	0.0107	0.0107	0.0095	0.0095	0.0095	0.0095	0.0095	0.0095	0.0096	0.0096	0.0096	0.0096	0.0074	0.0074	0.0074	0.0074	0.0074	0.0074	0.0074	0.0074	0.0074	0.0074	0.0071	0.0071	0.0071	0.0071	0.0071	0.0071	0.0071	0.0071	0.0071	0.0071	0.0059	0.0059	0.0059	0.0059	0.0059	0.0057	0.0057	0.0057	0.0057	0.0057	0.005	0.0049
0.0	0.1431	0.0242	0.0271	0.0301	0.0333	0.0366	0.0244	0.0245	0.0246	0.0247	0.0248	0.0154	0.0154	0.0155	0.0156	0.0155	0.0156	0.0157	0.0157	0.0157	0.0158	0.0125	0.0125	0.0125	0.0125	0.0125	0.0125	0.0126	0.0126	0.0126	0.0126	0.0105	0.0105	0.0105	0.0105	0.0105	0.0105	0.0105	0.0105	0.0106	0.0106	0.0097	0.0097	0.0097	0.0097	0.0097	0.0097	0.0097	0.0097	0.0097	0.0097	0.0085	0.0085	0.0085	0.0086	0.0086	0.0083	0.0083	0.0083	0.0083	0.0083	0.0075	0.0075
0.0	0.6882	0.0156	0.0157	0.0158	0.0159	0.0161	0.0127	0.0127	0.0127	0.0127	0.0127	0.0044	0.0044	0.0044	0.0044	0.0044	0.0044	0.0044	0.0044	0.0044	0.0044	0.0042	0.0042	0.0042	0.0042	0.0042	0.0042	0.0042	0.0042	0.0042	0.0042	0.0029	0.0029	0.0029	0.0029	0.0029	0.0029	0.0029	0.0029	0.0029	0.0029	0.0029	0.0029	0.0029	0.0029	0.0029	0.0029	0.0029	0.0029	0.0029	0.0029	0.0022	0.0022	0.0022	0.0022	0.0022	0.0022	0.0022	0.0022	0.0022	0.0022	0.0018	0.0018
0.0	0.3042	0.0214	0.0225	0.0236	0.0247	0.0259	0.0223	0.0223	0.0223	0.0223	0.0223	0.0118	0.0118	0.0118	0.0118	0.0118	0.0118	0.0118	0.0118	0.0118	0.0118	0.0106	0.0106	0.0106	0.0106	0.0106	0.0106	0.0106	0.0106	0.0106	0.0106	0.0083	0.0083	0.0083	0.0083	0.0084	0.0084	0.0084	0.0084	0.0084	0.0084	0.008	0.008	0.008	0.008	0.008	0.008	0.008	0.008	0.008	0.008	0.0067	0.0067	0.0067	0.0067	0.0067	0.0066	0.0066	0.0066	0.0066	0.0066	0.0057	0.0058
0.0	0.5186	0.0194	0.0197	0.0201	0.0205	0.0209	0.0176	0.0176	0.0176	0.0176	0.0176	0.0074	0.0074	0.0074	0.0074	0.0074	0.0074	0.0074	0.0074	0.0074	0.0074	0.007	0.007	0.007	0.007	0.007	0.007	0.007	0.007	0.007	0.007	0.0052	0.0052	0.0052	0.0052	0.0052	0.0052	0.0052	0.0052	0.0052	0.0052	0.005	0.005	0.005	0.005	0.005	0.005	0.005	0.005	0.005	0.005	0.004	0.004	0.004	0.004	0.004	0.004	0.004	0.004	0.004	0.004	0.0033	0.0033
0.0	0.9108	0.0048	0.0048	0.0048	0.0048	0.0048	0.0042	0.0042	0.0042	0.0042	0.0042	0.0011	0.0011	0.0011	0.0011	0.0011	0.0011	0.0011	0.0011	0.0011	0.0011	0.0011	0.0011	0.0011	0.0011	0.0011	0.0011	0.0011	0.0011	0.0011	0.0011	0.0007	0.0007	0.0007	0.0007	0.0007	0.0007	0.0007	0.0007	0.0007	0.0007	0.0007	0.0007	0.0007	0.0007	0.0007	0.0007	0.0007	0.0007	0.0007	0.0007	0.0006	0.0006	0.0006	0.0006	0.0006	0.0006	0.0006	0.0006	0.0006	0.0006	0.0004	0.0004
0.0	0.2055	0.0232	0.0251	0.0271	0.0291	0.0312	0.0239	0.0239	0.024	0.024	0.024	0.0139	0.0139	0.0139	0.014	0.0139	0.014	0.014	0.014	0.0141	0.0141	0.0119	0.0119	0.0119	0.0119	0.0119	0.0119	0.0119	0.0119	0.0119	0.0119	0.0097	0.0097	0.0097	0.0097	0.0097	0.0097	0.0097	0.0097	0.0097	0.0097	0.0091	0.0092	0.0092	0.0092	0.0092	0.0092	0.0092	0.0092	0.0092	0.0092	0.0079	0.0079	0.0079	0.0079	0.0079	0.0077	0.0077	0.0077	0.0077	0.0077	0.0068	0.0069
0.0	0.3993	0.0187	0.0193	0.0199	0.0206	0.0213	0.0197	0.0197	0.0197	0.0197	0.0197	0.01	0.01	0.01	0.01	0.01	0.01	0.01	0.01	0.01	0.01	0.0093	0.0093	0.0093	0.0093	0.0093	0.0093	0.0093	0.0093	0.0093	0.0093	0.0072	0.0072	0.0072	0.0072	0.0072	0.0072	0.0072	0.0072	0.0072	0.0072	0.007	0.007	0.007	0.007	0.007	0.007	0.007	0.007	0.007	0.007	0.0058	0.0058	0.0058	0.0058	0.0058	0.0057	0.0057	0.0057	0.0057	0.0057	0.0049	0.0049
0.0	0.6297	0.0155	0.0157	0.0159	0.0161	0.0163	0.0138	0.0138	0.0138	0.0138	0.0138	0.0056	0.0056	0.0056	0.0056	0.0056	0.0056	0.0056	0.0056	0.0056	0.0056	0.0054	0.0054	0.0054	0.0054	0.0054	0.0054	0.0054	0.0054	0.0054	0.0054	0.0039	0.0039	0.0039	0.0039	0.0039	0.0039	0.0039	0.0039	0.0039	0.0039	0.0038	0.0038	0.0038	0.0038	0.0038	0.0038	0.0038	0.0038	0.0038	0.0038	0.003	0.003	0.003	0.003	0.003	0.003	0.003	0.003	0.003	0.003	0.0025	0.0025
0.0	0.2018	0.0236	0.0255	0.0275	0.0297	0.0318	0.024	0.024	0.0241	0.0241	0.0241	0.0139	0.014	0.014	0.0141	0.014	0.0141	0.0141	0.0141	0.0141	0.0142	0.0119	0.0119	0.0119	0.0119	0.0119	0.0119	0.0119	0.0119	0.0119	0.0119	0.0097	0.0097	0.0097	0.0097	0.0097	0.0097	0.0097	0.0097	0.0097	0.0097	0.0091	0.0091	0.0091	0.0091	0.0091	0.0092	0.0091	0.0092	0.0092	0.0092	0.0079	0.0079	0.0079	0.0079	0.0079	0.0077	0.0077	0.0077	0.0077	0.0077	0.0068	0.0068
0.0	0.0544	0.0357	0.0402	0.0456	0.051	0.0573	0.0235	0.0239	0.0247	0.0252	0.026	0.0165	0.0167	0.0169	0.0171	0.0169	0.017	0.0173	0.0173	0.0175	0.0177	0.0121	0.0122	0.0123	0.0124	0.0122	0.0123	0.0124	0.0124	0.0126	0.0126	0.0106	0.0106	0.0107	0.0107	0.0108	0.0108	0.0107	0.0108	0.0109	0.0109	0.0092	0.0092	0.0093	0.0093	0.0093	0.0094	0.0093	0.0094	0.0094	0.0094	0.0085	0.0086	0.0086	0.0087	0.0087	0.0078	0.0079	0.0079	0.0079	0.008	0.0076	0.0073
0.0	0.1056	0.0273	0.0311	0.0353	0.0397	0.0444	0.0244	0.0245	0.0248	0.025	0.0253	0.0161	0.0163	0.0164	0.0166	0.0164	0.0165	0.0167	0.0167	0.0168	0.0169	0.0124	0.0124	0.0125	0.0125	0.0124	0.0125	0.0125	0.0125	0.0126	0.0126	0.0107	0.0107	0.0107	0.0107	0.0108	0.0108	0.0107	0.0108	0.0108	0.0108	0.0095	0.0095	0.0096	0.0096	0.0096	0.0096	0.0096	0.0096	0.0096	0.0096	0.0086	0.0086	0.0087	0.0087	0.0087	0.0081	0.0082	0.0082	0.0082	0.0082	0.0076	0.0075
0.0	0.1816	0.0343	0.0367	0.0395	0.0422	0.0452	0.0249	0.0251	0.0254	0.0257	0.026	0.0134	0.0135	0.0135	0.0136	0.0135	0.0136	0.0137	0.0137	0.0138	0.0138	0.0109	0.0109	0.011	0.011	0.011	0.011	0.011	0.011	0.0111	0.0111	0.0088	0.0088	0.0088	0.0088	0.0088	0.0088	0.0088	0.0088	0.0088	0.0089	0.008	0.008	0.008	0.008	0.008	0.008	0.008	0.008	0.008	0.0081	0.0069	0.0069	0.0069	0.007	0.007	0.0065	0.0065	0.0065	0.0065	0.0065	0.0059	0.0057
0.0	0.1038	0.0253	0.0292	0.0334	0.0379	0.0427	0.0236	0.0237	0.0239	0.024	0.0242	0.0164	0.0165	0.0167	0.0168	0.0167	0.0168	0.017	0.0169	0.0171	0.0172	0.0126	0.0126	0.0126	0.0127	0.0126	0.0127	0.0127	0.0127	0.0127	0.0128	0.011	0.011	0.011	0.011	0.0111	0.0111	0.0111	0.0111	0.0111	0.0112	0.0098	0.0099	0.0099	0.0099	0.0099	0.0099	0.0099	0.0099	0.0099	0.0099	0.009	0.009	0.009	0.009	0.009	0.0085	0.0085	0.0086	0.0086	0.0086	0.0079	0.0079
0.0	0.1413	0.0262	0.0292	0.0324	0.0356	0.0391	0.0246	0.0247	0.0248	0.0249	0.025	0.0153	0.0154	0.0155	0.0155	0.0155	0.0155	0.0156	0.0156	0.0157	0.0158	0.0123	0.0123	0.0123	0.0123	0.0123	0.0123	0.0123	0.0123	0.0124	0.0124	0.0103	0.0103	0.0103	0.0103	0.0103	0.0104	0.0103	0.0104	0.0104	0.0104	0.0094	0.0094	0.0094	0.0094	0.0094	0.0094	0.0094	0.0094	0.0094	0.0095	0.0083	0.0083	0.0083	0.0083	0.0084	0.008	0.008	0.008	0.008	0.008	0.0072	0.0072
0.0	0.3102	0.0291	0.0303	0.0316	0.0328	0.0341	0.0227	0.0228	0.0228	0.0228	0.0229	0.011	0.011	0.011	0.011	0.011	0.011	0.0111	0.0111	0.0111	0.0111	0.0096	0.0096	0.0096	0.0096	0.0096	0.0096	0.0096	0.0096	0.0096	0.0096	0.0074	0.0074	0.0074	0.0074	0.0074	0.0074	0.0074	0.0074	0.0074	0.0074	0.007	0.007	0.007	0.007	0.007	0.007	0.007	0.007	0.007	0.007	0.0058	0.0058	0.0058	0.0058	0.0058	0.0056	0.0056	0.0056	0.0056	0.0056	0.0049	0.0048
0.0	0.3671	0.023	0.0239	0.0248	0.0257	0.0266	0.0212	0.0212	0.0212	0.0212	0.0213	0.0103	0.0103	0.0103	0.0103	0.0103	0.0103	0.0103	0.0103	0.0103	0.0103	0.0093	0.0093	0.0093	0.0093	0.0093	0.0093	0.0093	0.0093	0.0093	0.0093	0.0072	0.0072	0.0072	0.0072	0.0072	0.0072	0.0072	0.0072	0.0072	0.0072	0.0069	0.0069	0.0069	0.0069	0.0069	0.0069	0.0069	0.0069	0.0069	0.0069	0.0057	0.0057	0.0057	0.0057	0.0057	0.0056	0.0056	0.0056	0.0056	0.0056	0.0048	0.0048
0.0	0.1816	0.0278	0.0302	0.0326	0.0352	0.0378	0.0245	0.0246	0.0246	0.0247	0.0248	0.0142	0.0142	0.0143	0.0143	0.0143	0.0143	0.0144	0.0144	0.0144	0.0145	0.0116	0.0117	0.0117	0.0117	0.0117	0.0117	0.0117	0.0117	0.0117	0.0117	0.0095	0.0095	0.0096	0.0096	0.0096	0.0096	0.0096	0.0096	0.0096	0.0096	0.0088	0.0088	0.0088	0.0088	0.0088	0.0088	0.0088	0.0088	0.0088	0.0088	0.0076	0.0077	0.0077	0.0077	0.0077	0.0073	0.0073	0.0073	0.0073	0.0073	0.0066	0.0065
0.0	0.2975	0.0239	0.0251	0.0263	0.0275	0.0288	0.0237	0.0238	0.0238	0.0238	0.0239	0.0117	0.0117	0.0117	0.0117	0.0117	0.0117	0.0117	0.0117	0.0117	0.0118	0.0104	0.0104	0.0104	0.0104	0.0104	0.0104	0.0104	0.0104	0.0104	0.0104	0.008	0.008	0.008	0.008	0.008	0.008	0.008	0.008	0.008	0.0081	0.0077	0.0077	0.0077	0.0077	0.0077	0.0077	0.0077	0.0077	0.0077	0.0077	0.0064	0.0064	0.0064	0.0064	0.0064	0.0062	0.0062	0.0062	0.0062	0.0062	0.0054	0.0054
0.0	0.2428	0.0248	0.0264	0.0281	0.0298	0.0316	0.0235	0.0236	0.0236	0.0236	0.0236	0.0129	0.0129	0.013	0.013	0.013	0.013	0.013	0.013	0.013	0.0131	0.0111	0.0111	0.0111	0.0111	0.0111	0.0111	0.0112	0.0112	0.0112	0.0112	0.0089	0.0089	0.0089	0.0089	0.009	0.009	0.0089	0.009	0.009	0.009	0.0084	0.0084	0.0084	0.0084	0.0084	0.0084	0.0084	0.0084	0.0084	0.0084	0.0072	0.0072	0.0072	0.0072	0.0072	0.007	0.007	0.007	0.007	0.007	0.0061	0.0061
0.0	0.1473	0.0247	0.0276	0.0305	0.0337	0.0369	0.0244	0.0245	0.0246	0.0246	0.0247	0.0152	0.0153	0.0154	0.0155	0.0154	0.0155	0.0155	0.0155	0.0156	0.0157	0.0124	0.0124	0.0124	0.0124	0.0124	0.0124	0.0124	0.0124	0.0125	0.0125	0.0104	0.0104	0.0104	0.0104	0.0104	0.0104	0.0104	0.0104	0.0104	0.0105	0.0096	0.0096	0.0096	0.0096	0.0096	0.0096	0.0096	0.0096	0.0096	0.0096	0.0084	0.0084	0.0084	0.0084	0.0085	0.0081	0.0081	0.0081	0.0081	0.0082	0.0073	0.0074
0.0	0.1914	0.0249	0.027	0.0293	0.0316	0.034	0.0243	0.0243	0.0244	0.0244	0.0245	0.0141	0.0142	0.0142	0.0143	0.0142	0.0142	0.0143	0.0143	0.0143	0.0144	0.0119	0.0119	0.0119	0.0119	0.0119	0.0119	0.0119	0.0119	0.0119	0.0119	0.0097	0.0097	0.0097	0.0097	0.0097	0.0097	0.0097	0.0097	0.0097	0.0097	0.009	0.0091	0.0091	0.0091	0.0091	0.0091	0.0091	0.0091	0.0091	0.0091	0.0078	0.0078	0.0078	0.0078	0.0078	0.0076	0.0076	0.0076	0.0076	0.0076	0.0067	0.0067
0.0	0.618	0.0216	0.0218	0.022	0.0221	0.0223	0.0169	0.017	0.017	0.017	0.0171	0.005	0.005	0.005	0.005	0.005	0.005	0.005	0.005	0.005	0.005	0.0049	0.0049	0.0049	0.0049	0.0049	0.0049	0.0049	0.0049	0.0049	0.0049	0.0031	0.0031	0.0031	0.0031	0.0031	0.0031	0.0031	0.0031	0.0031	0.0031	0.0031	0.0031	0.0031	0.0031	0.0031	0.0031	0.0031	0.0031	0.0031	0.0031	0.0023	0.0023	0.0023	0.0023	0.0023	0.0022	0.0022	0.0022	0.0022	0.0022	0.0018	0.0018
0.0	0.3092	0.0216	0.0227	0.0238	0.0249	0.0261	0.0223	0.0223	0.0223	0.0224	0.0224	0.0116	0.0116	0.0116	0.0117	0.0116	0.0117	0.0117	0.0117	0.0117	0.0117	0.0105	0.0105	0.0105	0.0105	0.0105	0.0105	0.0105	0.0105	0.0105	0.0105	0.0082	0.0082	0.0082	0.0082	0.0082	0.0082	0.0082	0.0082	0.0082	0.0082	0.0079	0.0079	0.0079	0.0079	0.0079	0.0079	0.0079	0.0079	0.0079	0.0079	0.0066	0.0066	0.0066	0.0066	0.0066	0.0065	0.0065	0.0065	0.0065	0.0065	0.0057	0.0057
0.0	0.4238	0.0223	0.0229	0.0236	0.0243	0.0249	0.0196	0.0197	0.0197	0.0197	0.0197	0.0092	0.0092	0.0092	0.0092	0.0092	0.0092	0.0092	0.0092	0.0092	0.0092	0.0084	0.0084	0.0084	0.0084	0.0084	0.0084	0.0084	0.0084	0.0084	0.0084	0.0064	0.0064	0.0064	0.0064	0.0064	0.0064	0.0064	0.0064	0.0064	0.0064	0.0062	0.0062	0.0062	0.0062	0.0062	0.0062	0.0062	0.0062	0.0062	0.0062	0.0051	0.0051	0.0051	0.0051	0.0051	0.005	0.005	0.005	0.005	0.005	0.0042	0.0042
0.0	0.3027	0.0227	0.0239	0.025	0.0262	0.0275	0.0224	0.0224	0.0224	0.0224	0.0224	0.0117	0.0117	0.0117	0.0118	0.0117	0.0117	0.0118	0.0118	0.0118	0.0118	0.0104	0.0104	0.0104	0.0104	0.0104	0.0104	0.0105	0.0105	0.0105	0.0105	0.0082	0.0082	0.0082	0.0082	0.0082	0.0082	0.0082	0.0082	0.0082	0.0082	0.0079	0.0079	0.0079	0.0079	0.0079	0.0079	0.0079	0.0079	0.0079	0.0079	0.0066	0.0066	0.0066	0.0066	0.0066	0.0065	0.0065	0.0065	0.0065	0.0065	0.0056	0.0056
0.0	0.4945	0.0172	0.0176	0.018	0.0184	0.0189	0.0176	0.0176	0.0176	0.0176	0.0176	0.0081	0.0081	0.0081	0.0081	0.0081	0.0081	0.0081	0.0081	0.0081	0.0081	0.0077	0.0077	0.0077	0.0077	0.0077	0.0077	0.0077	0.0077	0.0077	0.0077	0.0058	0.0058	0.0058	0.0058	0.0058	0.0058	0.0058	0.0058	0.0058	0.0058	0.0057	0.0057	0.0057	0.0057	0.0057	0.0057	0.0057	0.0057	0.0057	0.0057	0.0047	0.0047	0.0047	0.0047	0.0047	0.0046	0.0046	0.0046	0.0046	0.0046	0.0039	0.0039
0.0	0.243	0.0235	0.0251	0.0267	0.0284	0.0301	0.0234	0.0234	0.0234	0.0234	0.0235	0.013	0.013	0.013	0.0131	0.013	0.0131	0.0131	0.0131	0.0131	0.0131	0.0113	0.0113	0.0113	0.0113	0.0113	0.0113	0.0113	0.0113	0.0113	0.0113	0.0091	0.0091	0.0091	0.0091	0.0091	0.0091	0.0091	0.0091	0.0091	0.0091	0.0086	0.0086	0.0086	0.0086	0.0086	0.0086	0.0086	0.0086	0.0086	0.0086	0.0073	0.0073	0.0073	0.0073	0.0073	0.0072	0.0072	0.0072	0.0072	0.0072	0.0063	0.0063
0.0	0.2237	0.0251	0.0269	0.0287	0.0306	0.0326	0.0239	0.0239	0.0239	0.024	0.024	0.0133	0.0134	0.0134	0.0134	0.0134	0.0134	0.0135	0.0135	0.0135	0.0135	0.0114	0.0114	0.0114	0.0114	0.0114	0.0114	0.0114	0.0114	0.0114	0.0114	0.0092	0.0092	0.0092	0.0092	0.0092	0.0092	0.0092	0.0092	0.0092	0.0092	0.0086	0.0086	0.0086	0.0086	0.0086	0.0087	0.0086	0.0087	0.0087	0.0087	0.0074	0.0074	0.0074	0.0074	0.0074	0.0072	0.0072	0.0072	0.0072	0.0072	0.0063	0.0063
0.0	0.1873	0.0245	0.0266	0.0289	0.0313	0.0337	0.0246	0.0246	0.0247	0.0247	0.0248	0.0142	0.0143	0.0143	0.0144	0.0143	0.0144	0.0144	0.0144	0.0145	0.0145	0.012	0.012	0.012	0.012	0.012	0.012	0.012	0.012	0.012	0.012	0.0098	0.0098	0.0098	0.0098	0.0098	0.0098	0.0098	0.0098	0.0098	0.0098	0.0091	0.0091	0.0091	0.0091	0.0091	0.0091	0.0091	0.0091	0.0092	0.0092	0.0079	0.0079	0.0079	0.0079	0.0079	0.0077	0.0077	0.0077	0.0077	0.0077	0.0068	0.0068
0.0	0.6079	0.0191	0.0193	0.0195	0.0197	0.0199	0.0164	0.0164	0.0164	0.0164	0.0164	0.0056	0.0056	0.0056	0.0056	0.0056	0.0056	0.0056	0.0056	0.0056	0.0056	0.0053	0.0053	0.0053	0.0054	0.0053	0.0054	0.0054	0.0054	0.0054	0.0054	0.0036	0.0036	0.0036	0.0036	0.0036	0.0036	0.0036	0.0036	0.0036	0.0036	0.0036	0.0036	0.0036	0.0036	0.0036	0.0036	0.0036	0.0036	0.0036	0.0036	0.0027	0.0027	0.0027	0.0027	0.0027	0.0027	0.0027	0.0027	0.0027	0.0027	0.0022	0.0022
0.0	0.7198	0.0111	0.0112	0.0113	0.0114	0.0115	0.0108	0.0108	0.0108	0.0108	0.0108	0.0042	0.0042	0.0042	0.0042	0.0042	0.0042	0.0042	0.0042	0.0042	0.0042	0.0041	0.0041	0.0041	0.0041	0.0041	0.0041	0.0041	0.0041	0.0041	0.0041	0.003	0.003	0.003	0.003	0.003	0.003	0.003	0.003	0.003	0.003	0.003	0.003	0.003	0.003	0.003	0.003	0.003	0.003	0.003	0.003	0.0023	0.0023	0.0023	0.0023	0.0023	0.0023	0.0023	0.0023	0.0023	0.0023	0.0019	0.0019
0.0	0.4491	0.0177	0.0182	0.0187	0.0192	0.0197	0.0185	0.0185	0.0185	0.0185	0.0185	0.009	0.009	0.009	0.009	0.009	0.009	0.009	0.009	0.009	0.0091	0.0085	0.0085	0.0085	0.0085	0.0085	0.0085	0.0085	0.0085	0.0085	0.0085	0.0065	0.0065	0.0065	0.0065	0.0065	0.0065	0.0065	0.0065	0.0065	0.0065	0.0064	0.0064	0.0064	0.0064	0.0064	0.0064	0.0064	0.0064	0.0064	0.0064	0.0052	0.0052	0.0052	0.0052	0.0052	0.0052	0.0052	0.0052	0.0052	0.0052	0.0044	0.0044
