x1
1.0
1.0
1.0
1.0
1.0
1.0
1.0
1.0
1.0
1.0
1.0
1.0
1.0
1.0
1.0
1.0
1.0
1.0
1.0
1.0
1.0
1.0
1.0
1.0
1.0
1.0
1.0
1.0
1.0
1.0
1.0
1.0
1.0
1.0
1.0
1.0
1.0
1.0
1.0
1.0
1.0
1.0
1.0
1.0
1.0
1.0
1.0
1.0
1.0
1.0
1.0
1.0
1.0
1.0
1.0
1.0
1.0
1.0
1.0
1.0
1.0
1.0
1.0
1.0
1.0
1.0
1.0
1.0
1.0
1.0
1.0
1.0
1.0
1.0
1.0
1.0
1.0
1.0
1.0
1.0
1.0
1.0
1.0
1.0
1.0
1.0
1.0
1.0
1.0
1.0
1.0
1.0
1.0
1.0
1.0
1.0
0.00044029944451904517
0.0006958418633110025
0.00022884512700529184
0.008241693003321773
0.004718273376756085
0.03216688064902425
0.029787786875598937
0.14744519560846883
0.0009773618134580647
0.02705490651406029
0.02759526404962205
0.014050854558021715
0.15226618718059504
0.025332250441929417
0.06835832747989391
0.011742575861414679
0.032641040419791496
0.029975545502087475
0.006732748752700524
0.032648570563906146
0.02995060656100094
0.028199468850427196
0.027602712574702773
0.016306373559699796
0.005280215364515695
0.02725908251372702
0.14059452499627917
0.1524624512633196
0.13488286785823228
0.14774929138011628
0.1460324219657508
0.03200407671446818
0.027042691225335348
0.13980423609072373
0.1461721596638016
0.15019511074603992
0.14509358928224855
0.15142308005040184
0.15183681702808002
0.15143742382749262
0.1518538642773755
0.15019039463598796
0.15183808608462393
0.15142266579118038
0.15246619989429122
0.15279038409739004
0.15276895902100357
0.14922951498609588
0.15223622107852933
0.1512821547762322
0.1523641871076384
0.15221436622657156
0.14792492068337165
0.14472509558360644
0.15078037414024875
0.15125580044910183
0.15133865355051168
0.14115496851498283
0.14776138151490112
0.14462629458606485
0.1475604407713473
0.1491009349603368
0.15194486989455303
0.15132061439538674
0.15296371861483363
0.15095533621512086
0.14967817457008759
0.15139610432603068
0.1503852777662003
0.15082815995695775
0.14997357779200754
0.15211850509463112
0.14628673232167605
0.13782977922087283
0.141434057933852
0.15016322317043393
0.14809169680260117
0.14846169486095975
0.14709180931429175
0.15254358835975693
0.14814456664050035
0.15030330360755031
0.15166398193428454
0.1506210780155607
0.15140155645839265
0.14882524631709043
0.1488018277788481
0.1484540703616287
0.1475685586339179
0.14950127711617217
0.1527278830580543
0.1528316831289049
0.15189621882921767
0.15159449133745737
0.15130927093327576
