x1
1.0
1.0
1.0
1.0
1.0
1.0
1.0
1.0
1.0
1.0
1.0
1.0
1.0
1.0
1.0
1.0
1.0
1.0
1.0
1.0
1.0
1.0
1.0
1.0
1.0
1.0
1.0
1.0
1.0
1.0
1.0
1.0
1.0
1.0
1.0
1.0
1.0
1.0
1.0
1.0
1.0
1.0
1.0
1.0
1.0
1.0
1.0
1.0
1.0
1.0
1.0
1.0
1.0
1.0
1.0
1.0
1.0
1.0
1.0
1.0
1.0
1.0
1.0
1.0
1.0
1.0
1.0
1.0
1.0
1.0
1.0
1.0
1.0
1.0
1.0
1.0
1.0
1.0
1.0
1.0
1.0
1.0
1.0
1.0
1.0
1.0
1.0
1.0
1.0
1.0
1.0
1.0
1.0
1.0
1.0
1.0
0.0002638059221424469
0.00039117485182296117
0.0007331317390502516
0.009145278064122088
0.001966551020583555
0.03125522515193619
0.028438958717480624
0.17063375230005665
0.0017628391798409217
0.030693310980894284
0.028874074017134214
0.013136810088651987
0.1706337523033215
0.01855331578835718
0.037041716666959636
0.001298589163027826
0.028709063618731656
0.028438958717587344
0.0028060010795950946
0.028510282573707222
0.028438958717572998
0.03075627940222863
0.028830188034752464
0.015338688171918916
0.00877526576731754
0.028438958717649083
0.1706337522972986
0.1706337523034647
0.17063375229901778
0.17063375230074143
0.1706337522992265
0.051225385232938056
0.03160615485915484
0.17063375230218084
0.17063375229973182
0.17063375230185135
0.1706337522999048
0.170633752303263
0.17063375230312802
0.17063375230281874
0.1706337523030228
0.17063375230218777
0.1706337523034724
0.1706337523028356
0.17063375230353878
0.1706337523037531
0.17063375230368932
0.17063375230153602
0.1706337523035162
0.1706337523027006
0.17063375230339298
0.17063375230328384
0.17063375230516217
0.17063375230192465
0.1706337523025716
0.17063375230259425
0.17063375230265307
0.17063375229981578
0.1706337523020949
0.17063375229847458
0.1706337523007966
0.17063375230157776
0.17063375230346878
0.17063375230264036
0.17063375230417918
0.17063375230253683
0.17063375230149824
0.17063375230311228
0.17063375230198263
0.17063375230248298
0.17063375230183203
0.17063375230321415
0.17063375230312472
0.17063375229613997
0.170633752299922
0.17063375230337322
0.17063375230101044
0.17063375230108754
0.17063375229984243
0.17063375230419003
0.17063375230100342
0.17063375230228967
0.1706337523028861
0.1706337523021468
0.17063375230350433
0.1706337523013629
0.17063375230123878
0.17063375230069
0.17063375230070357
0.17063375230167968
0.17063375230382927
0.17063375230373534
0.17063375230316896
0.1706337523029372
0.1706337523026323
