x1
1.0
1.0
1.0
1.0
1.0
1.0
1.0
1.0
1.0
1.0
1.0
1.0
1.0
1.0
1.0
1.0
1.0
1.0
1.0
1.0
1.0
1.0
1.0
1.0
1.0
1.0
1.0
1.0
1.0
1.0
1.0
1.0
1.0
1.0
1.0
1.0
1.0
1.0
1.0
1.0
1.0
1.0
1.0
1.0
1.0
1.0
1.0
1.0
1.0
1.0
1.0
1.0
1.0
1.0
1.0
1.0
1.0
1.0
1.0
1.0
1.0
1.0
1.0
1.0
1.0
1.0
1.0
1.0
1.0
1.0
1.0
1.0
1.0
1.0
1.0
1.0
1.0
1.0
1.0
1.0
1.0
1.0
1.0
1.0
1.0
1.0
1.0
1.0
1.0
1.0
1.0
1.0
1.0
1.0
1.0
1.0
0.0004633418027624429
0.0007594445061621983
0.00024150152013205448
0.008526847772526979
0.0050426657253211035
0.03362460780587004
0.030541155914004987
0.15325621753957733
0.0010359970075043544
0.028283238621480453
0.02823879899419984
0.01445328790669887
0.15699112716090943
0.025956609482185977
0.07111091697463004
0.012111067058189753
0.033574383742231304
0.030611115244211243
0.006966161702369921
0.0335244113242402
0.030605475196976744
0.028802684885303863
0.02822792213620294
0.016080464908178917
0.00549167203735593
0.026282467700049064
0.1443663720379981
0.15709203522544607
0.13497354846930973
0.15275865089293017
0.15180593060733463
0.033482356953429035
0.02836616926529571
0.13973824202788487
0.15100591924885215
0.15565508498795652
0.1487183948736785
0.15501477668549818
0.15636107486359344
0.1561530160848542
0.15676372258455654
0.15466800234719832
0.15556109860426484
0.15600205341590984
0.15678447504028437
0.15705154644276156
0.1572395967893622
0.15383959033653463
0.1562159544189272
0.15605123329879456
0.15704213159230457
0.15696367364313613
0.14983953052930188
0.14688900851248868
0.15504553723982273
0.15639816364247455
0.1564513150677609
0.14330877871845632
0.15108962577924603
0.15024308665680386
0.15206349816187661
0.15351669497946324
0.155566291925916
0.1564398112537689
0.156434050677335
0.1557977758298524
0.15525348167937747
0.15531709102749822
0.15579688209416395
0.15559112491508814
0.15498862736929095
0.15691201307027214
0.14960304120191226
0.1414949692052358
0.14337567958216732
0.15286896802643932
0.15281263756332794
0.15349455247525415
0.15290588277021225
0.15592615441828958
0.15272802425863521
0.15459562025073814
0.15665222844514928
0.15596768741607528
0.15509881332519726
0.15362253915735416
0.1538110516449393
0.15420727353361552
0.15216268762108073
0.15410470038477886
0.1565856996309514
0.15726830810130576
0.15639622665612074
0.1562675758056224
0.15643255783134746
