x1	x2	x3	x4	x5	x6	x7	x8	x9	x10	x11	x12	x13	x14	x15	x16	x17	x18	x19	x20	x21	x22	x23	x24	x25	x26	x27	x28	x29	x30	x31	x32	x33	x34	x35	x36	x37	x38	x39	x40	x41	x42	x43	x44	x45	x46	x47	x48	x49	x50	x51	x52	x53	x54	x55	x56	x57	x58	x59	x60	x61	x62	x63	x64
0.0	0.1501	0.1719	0.1694	0.169	0.169	0.1705	0.0	0.0	0.0	0.0	0.0	0.0	0.0	0.0	0.0	0.0	0.0	0.0	0.0	0.0	0.0	0.0	0.0	0.0	0.0	0.0	0.0	0.0	0.0	0.0	0.0	0.0	0.0	0.0	0.0	0.0	0.0	0.0	0.0	0.0	0.0	0.0	0.0	0.0	0.0	0.0	0.0	0.0	0.0	0.0	0.0	0.0	0.0	0.0	0.0	0.0	0.0	0.0	0.0	0.0	0.0	0.0	0.0
0.0	0.124	0.1874	0.1919	0.1842	0.1841	0.128	0.0	0.0	0.0	0.0	0.0	0.0	0.0	0.0	0.0	0.0	0.0	0.0	0.0	0.0	0.0	0.0	0.0	0.0	0.0	0.0	0.0	0.0	0.0	0.0	0.0	0.0	0.0	0.0	0.0	0.0	0.0	0.0	0.0	0.0	0.0	0.0	0.0	0.0	0.0	0.0	0.0	0.0	0.0	0.0	0.0	0.0	0.0	0.0	0.0	0.0	0.0	0.0	0.0	0.0	0.0	0.0	0.0
0.0	0.0115	0.0158	0.0235	0.0114	0.0113	0.886	0.0006	0.0006	0.0005	0.0005	0.003	0.0008	0.0006	0.0006	0.0062	0.0006	0.0006	0.0055	0.0005	0.0029	0.0028	0.0003	0.0003	0.0003	0.0006	0.0003	0.0003	0.0006	0.0003	0.0005	0.0005	0.0003	0.0003	0.0008	0.0003	0.0006	0.0006	0.0003	0.0006	0.0006	0.0005	0.0002	0.0002	0.0003	0.0002	0.0003	0.0003	0.0002	0.0003	0.0003	0.0003	0.0002	0.0003	0.0003	0.0003	0.0003	0.0002	0.0002	0.0002	0.0002	0.0002	0.0002	0.0002
0.0	0.0151	0.2838	0.0213	0.0159	0.4141	0.0158	0.005	0.0031	0.003	0.0091	0.003	0.0057	0.005	0.0614	0.005	0.0032	0.0108	0.0032	0.0092	0.003	0.0092	0.0024	0.0023	0.0045	0.0023	0.0018	0.0031	0.0018	0.0029	0.0018	0.0029	0.0024	0.0051	0.0024	0.0045	0.0023	0.0045	0.0031	0.0018	0.0031	0.0029	0.0015	0.0023	0.0015	0.0022	0.0015	0.0022	0.0018	0.0012	0.0018	0.0018	0.0023	0.0015	0.0023	0.0022	0.0018	0.0015	0.0011	0.0015	0.0014	0.0012	0.0015	0.0011
0.0	0.0096	0.9346	0.0105	0.0096	0.0096	0.0096	0.0021	0.0002	0.0002	0.0002	0.0002	0.0028	0.0021	0.0021	0.0021	0.0002	0.0002	0.0002	0.0002	0.0002	0.0002	0.0002	0.0002	0.0002	0.0002	0.0001	0.0001	0.0001	0.0001	0.0001	0.0001	0.0002	0.0002	0.0002	0.0002	0.0002	0.0002	0.0001	0.0001	0.0001	0.0001	0.0001	0.0001	0.0001	0.0001	0.0001	0.0001	0.0001	0.0001	0.0001	0.0	0.0001	0.0001	0.0001	0.0001	0.0001	0.0001	0.0001	0.0001	0.0	0.0	0.0001	0.0
0.0	0.0089	0.9403	0.0099	0.009	0.0109	0.0089	0.0013	0.0001	0.0001	0.0001	0.0001	0.002	0.0013	0.0018	0.0013	0.0001	0.0002	0.0001	0.0001	0.0001	0.0001	0.0001	0.0001	0.0001	0.0001	0.0001	0.0001	0.0001	0.0001	0.0001	0.0001	0.0001	0.0002	0.0001	0.0001	0.0001	0.0001	0.0001	0.0001	0.0001	0.0001	0.0001	0.0001	0.0001	0.0001	0.0001	0.0001	0.0	0.0	0.0	0.0	0.0001	0.0001	0.0001	0.0001	0.0	0.0	0.0	0.0	0.0	0.0	0.0	0.0
0.0	0.0089	0.9403	0.0099	0.009	0.0109	0.0089	0.0013	0.0001	0.0001	0.0001	0.0001	0.002	0.0013	0.0018	0.0013	0.0001	0.0002	0.0001	0.0001	0.0001	0.0001	0.0001	0.0001	0.0001	0.0001	0.0001	0.0001	0.0001	0.0001	0.0001	0.0001	0.0001	0.0002	0.0001	0.0001	0.0001	0.0001	0.0001	0.0001	0.0001	0.0001	0.0001	0.0001	0.0001	0.0001	0.0001	0.0001	0.0	0.0	0.0	0.0	0.0001	0.0001	0.0001	0.0001	0.0	0.0	0.0	0.0	0.0	0.0	0.0	0.0
0.0	0.0164	0.7665	0.1537	0.0173	0.0165	0.0165	0.0014	0.0002	0.0001	0.0001	0.0001	0.0022	0.0015	0.0014	0.0014	0.0003	0.0002	0.0002	0.0001	0.0001	0.0001	0.0002	0.0001	0.0001	0.0001	0.0001	0.0001	0.0001	0.0001	0.0001	0.0001	0.0002	0.0002	0.0002	0.0001	0.0001	0.0001	0.0001	0.0001	0.0001	0.0001	0.0001	0.0001	0.0001	0.0001	0.0001	0.0001	0.0001	0.0001	0.0001	0.0	0.0001	0.0001	0.0001	0.0001	0.0001	0.0	0.0	0.0	0.0	0.0	0.0	0.0
0.0	0.0236	0.4252	0.4769	0.0242	0.0237	0.0236	0.0001	0.0002	0.0	0.0	0.0	0.0009	0.0001	0.0001	0.0001	0.0002	0.0002	0.0002	0.0	0.0	0.0	0.0	0.0	0.0	0.0	0.0	0.0	0.0	0.0	0.0	0.0	0.0	0.0	0.0	0.0	0.0	0.0	0.0	0.0	0.0	0.0	0.0	0.0	0.0	0.0	0.0	0.0	0.0	0.0	0.0	0.0	0.0	0.0	0.0	0.0	0.0	0.0	0.0	0.0	0.0	0.0	0.0	0.0
0.0	0.011	0.7762	0.0827	0.0115	0.0111	0.0111	0.0042	0.0018	0.001	0.001	0.001	0.0366	0.0043	0.0042	0.0042	0.0019	0.0018	0.0018	0.001	0.001	0.001	0.0017	0.0009	0.0009	0.0009	0.0007	0.0007	0.0007	0.0005	0.0005	0.0005	0.0018	0.0017	0.0017	0.0009	0.0009	0.0009	0.0007	0.0007	0.0007	0.0005	0.0007	0.0007	0.0007	0.0005	0.0005	0.0005	0.0004	0.0004	0.0004	0.0003	0.0007	0.0007	0.0007	0.0005	0.0004	0.0004	0.0004	0.0004	0.0003	0.0003	0.0004	0.0003
0.0	0.0123	0.6921	0.1159	0.0274	0.0127	0.0126	0.0055	0.0023	0.0017	0.0015	0.0015	0.0336	0.0119	0.0055	0.0055	0.0026	0.0023	0.0023	0.0017	0.0017	0.0015	0.0021	0.0016	0.0014	0.0014	0.0011	0.001	0.001	0.0009	0.0009	0.0009	0.0024	0.0022	0.0022	0.0016	0.0016	0.0014	0.0011	0.0011	0.001	0.0009	0.0011	0.001	0.001	0.0009	0.0009	0.0008	0.0007	0.0007	0.0007	0.0006	0.0011	0.0011	0.001	0.0009	0.0007	0.0007	0.0007	0.0007	0.0006	0.0005	0.0007	0.0005
0.0	0.0123	0.6921	0.1159	0.0274	0.0127	0.0126	0.0055	0.0023	0.0017	0.0015	0.0015	0.0336	0.0119	0.0055	0.0055	0.0026	0.0023	0.0023	0.0017	0.0017	0.0015	0.0021	0.0016	0.0014	0.0014	0.0011	0.001	0.001	0.0009	0.0009	0.0009	0.0024	0.0022	0.0022	0.0016	0.0016	0.0014	0.0011	0.0011	0.001	0.0009	0.0011	0.001	0.001	0.0009	0.0009	0.0008	0.0007	0.0007	0.0007	0.0006	0.0011	0.0011	0.001	0.0009	0.0007	0.0007	0.0007	0.0007	0.0006	0.0005	0.0007	0.0005
0.0	0.0111	0.3996	0.0132	0.4564	0.0121	0.0113	0.0019	0.0012	0.0036	0.0012	0.0012	0.0022	0.0294	0.0019	0.0019	0.0041	0.0012	0.0012	0.0037	0.0037	0.0012	0.0009	0.0017	0.0009	0.0009	0.0012	0.0007	0.0007	0.0012	0.0012	0.0007	0.0019	0.0009	0.0009	0.0017	0.0017	0.0009	0.0012	0.0012	0.0007	0.0012	0.0009	0.0006	0.0006	0.0009	0.0009	0.0006	0.0007	0.0007	0.0005	0.0007	0.0009	0.0009	0.0006	0.0009	0.0007	0.0006	0.0006	0.0004	0.0005	0.0005	0.0006	0.0004
0.0	0.0182	0.1391	0.1989	0.4238	0.0315	0.0183	0.0029	0.0038	0.0074	0.0023	0.0022	0.0078	0.0134	0.003	0.0029	0.0249	0.0041	0.0038	0.0075	0.0074	0.0023	0.0021	0.0028	0.0013	0.0013	0.0036	0.0017	0.0016	0.0022	0.0022	0.0011	0.0056	0.0021	0.0021	0.0028	0.0028	0.0013	0.0036	0.0036	0.0017	0.0022	0.002	0.0011	0.0011	0.0013	0.0013	0.0008	0.0016	0.0016	0.0009	0.0011	0.002	0.002	0.0011	0.0013	0.0016	0.001	0.001	0.0006	0.0007	0.0009	0.001	0.0006
0.0	0.01	0.0108	0.012	0.8816	0.0632	0.01	0.0001	0.0001	0.001	0.0002	0.0001	0.0002	0.0015	0.0002	0.0001	0.0022	0.0003	0.0001	0.0019	0.001	0.0002	0.0001	0.0001	0.0001	0.0	0.0001	0.0001	0.0001	0.0001	0.0001	0.0001	0.0002	0.0001	0.0001	0.0002	0.0001	0.0001	0.0002	0.0001	0.0001	0.0001	0.0001	0.0	0.0	0.0001	0.0	0.0	0.0001	0.0	0.0	0.0001	0.0001	0.0001	0.0	0.0001	0.0001	0.0	0.0	0.0	0.0	0.0	0.0	0.0
0.0	0.008	0.0081	0.0082	0.9571	0.008	0.008	0.0	0.0	0.0003	0.0	0.0	0.0	0.0004	0.0	0.0	0.0006	0.0	0.0	0.0003	0.0003	0.0	0.0	0.0	0.0	0.0	0.0	0.0	0.0	0.0	0.0	0.0	0.0	0.0	0.0	0.0	0.0	0.0	0.0	0.0	0.0	0.0	0.0	0.0	0.0	0.0	0.0	0.0	0.0	0.0	0.0	0.0	0.0	0.0	0.0	0.0	0.0	0.0	0.0	0.0	0.0	0.0	0.0	0.0
0.0	0.0094	0.0098	0.0103	0.4243	0.4865	0.0095	0.0005	0.0006	0.001	0.0018	0.0005	0.0006	0.0011	0.002	0.0005	0.0013	0.0022	0.0006	0.018	0.001	0.0018	0.0003	0.0004	0.0005	0.0003	0.0004	0.0005	0.0003	0.0009	0.0004	0.0005	0.0004	0.0006	0.0003	0.0009	0.0004	0.0005	0.001	0.0004	0.0005	0.0009	0.0002	0.0003	0.0002	0.0004	0.0002	0.0003	0.0004	0.0002	0.0003	0.0004	0.0004	0.0002	0.0003	0.0004	0.0004	0.0002	0.0002	0.0002	0.0002	0.0002	0.0002	0.0002
0.0	0.0082	0.0268	0.0086	0.9367	0.0087	0.0082	0.0	0.0	0.0003	0.0	0.0	0.0001	0.0007	0.0	0.0	0.0005	0.0	0.0	0.0003	0.0003	0.0	0.0	0.0	0.0	0.0	0.0	0.0	0.0	0.0	0.0	0.0	0.0	0.0	0.0	0.0	0.0	0.0	0.0	0.0	0.0	0.0	0.0	0.0	0.0	0.0	0.0	0.0	0.0	0.0	0.0	0.0	0.0	0.0	0.0	0.0	0.0	0.0	0.0	0.0	0.0	0.0	0.0	0.0
0.0	0.0081	0.4848	0.0083	0.4678	0.0083	0.0082	0.0005	0.0001	0.0003	0.0001	0.0001	0.0005	0.0062	0.0005	0.0005	0.0003	0.0001	0.0001	0.0003	0.0003	0.0001	0.0001	0.0002	0.0001	0.0001	0.0001	0.0001	0.0001	0.0001	0.0001	0.0001	0.0002	0.0001	0.0001	0.0002	0.0002	0.0001	0.0001	0.0001	0.0001	0.0001	0.0001	0.0001	0.0001	0.0001	0.0001	0.0001	0.0001	0.0001	0.0001	0.0001	0.0001	0.0001	0.0001	0.0001	0.0001	0.0001	0.0001	0.0001	0.0001	0.0	0.0001	0.0
0.0	0.0078	0.0078	0.0078	0.9605	0.0078	0.0078	0.0	0.0	0.0001	0.0	0.0	0.0	0.0001	0.0	0.0	0.0001	0.0	0.0	0.0001	0.0001	0.0	0.0	0.0	0.0	0.0	0.0	0.0	0.0	0.0	0.0	0.0	0.0	0.0	0.0	0.0	0.0	0.0	0.0	0.0	0.0	0.0	0.0	0.0	0.0	0.0	0.0	0.0	0.0	0.0	0.0	0.0	0.0	0.0	0.0	0.0	0.0	0.0	0.0	0.0	0.0	0.0	0.0	0.0
0.0	0.0098	0.0101	0.0105	0.9012	0.0566	0.0098	0.0	0.0	0.0003	0.0	0.0	0.0	0.0003	0.0	0.0	0.0005	0.0	0.0	0.0003	0.0003	0.0	0.0	0.0	0.0	0.0	0.0	0.0	0.0	0.0	0.0	0.0	0.0	0.0	0.0	0.0	0.0	0.0	0.0	0.0	0.0	0.0	0.0	0.0	0.0	0.0	0.0	0.0	0.0	0.0	0.0	0.0	0.0	0.0	0.0	0.0	0.0	0.0	0.0	0.0	0.0	0.0	0.0	0.0
0.0	0.0077	0.0078	0.0078	0.9609	0.0077	0.0077	0.0	0.0	0.0001	0.0	0.0	0.0	0.0001	0.0	0.0	0.0001	0.0	0.0	0.0001	0.0001	0.0	0.0	0.0	0.0	0.0	0.0	0.0	0.0	0.0	0.0	0.0	0.0	0.0	0.0	0.0	0.0	0.0	0.0	0.0	0.0	0.0	0.0	0.0	0.0	0.0	0.0	0.0	0.0	0.0	0.0	0.0	0.0	0.0	0.0	0.0	0.0	0.0	0.0	0.0	0.0	0.0	0.0	0.0
0.0	0.0085	0.0086	0.0088	0.901	0.0641	0.0085	0.0	0.0	0.0	0.0	0.0	0.0	0.0001	0.0	0.0	0.0001	0.0	0.0	0.0001	0.0	0.0	0.0	0.0	0.0	0.0	0.0	0.0	0.0	0.0	0.0	0.0	0.0	0.0	0.0	0.0	0.0	0.0	0.0	0.0	0.0	0.0	0.0	0.0	0.0	0.0	0.0	0.0	0.0	0.0	0.0	0.0	0.0	0.0	0.0	0.0	0.0	0.0	0.0	0.0	0.0	0.0	0.0	0.0
0.0	0.1058	0.3113	0.0202	0.1246	0.0206	0.0206	0.0432	0.0067	0.0137	0.0067	0.0067	0.0151	0.0545	0.0152	0.0152	0.0079	0.0052	0.0052	0.0079	0.0079	0.0052	0.0064	0.0119	0.0064	0.0064	0.0047	0.0036	0.0036	0.0047	0.0047	0.0036	0.0074	0.005	0.005	0.0074	0.0074	0.0051	0.0039	0.0039	0.0031	0.0039	0.0046	0.0035	0.0035	0.0046	0.0046	0.0035	0.003	0.003	0.0025	0.003	0.0039	0.0039	0.0031	0.0039	0.0027	0.003	0.003	0.0025	0.003	0.0024	0.0027	0.0023
0.0	0.0285	0.7621	0.0147	0.0337	0.0148	0.0148	0.0204	0.0018	0.0032	0.0018	0.0018	0.0082	0.0252	0.0083	0.0083	0.0021	0.0014	0.0014	0.0021	0.0021	0.0014	0.0018	0.0031	0.0018	0.0018	0.001	0.0008	0.0008	0.001	0.001	0.0008	0.002	0.0014	0.0014	0.002	0.002	0.0014	0.0008	0.0008	0.0007	0.0008	0.001	0.0008	0.0008	0.001	0.001	0.0008	0.0006	0.0006	0.0005	0.0006	0.0008	0.0008	0.0007	0.0008	0.0005	0.0006	0.0006	0.0005	0.0006	0.0004	0.0005	0.0004
0.0	0.0285	0.7621	0.0147	0.0337	0.0148	0.0148	0.0204	0.0018	0.0032	0.0018	0.0018	0.0082	0.0252	0.0083	0.0083	0.0021	0.0014	0.0014	0.0021	0.0021	0.0014	0.0018	0.0031	0.0018	0.0018	0.001	0.0008	0.0008	0.001	0.001	0.0008	0.002	0.0014	0.0014	0.002	0.002	0.0014	0.0008	0.0008	0.0007	0.0008	0.001	0.0008	0.0008	0.001	0.001	0.0008	0.0006	0.0006	0.0005	0.0006	0.0008	0.0008	0.0007	0.0008	0.0005	0.0006	0.0006	0.0005	0.0006	0.0004	0.0005	0.0004
0.0	0.1017	0.1488	0.0194	0.352	0.0194	0.0194	0.0118	0.0056	0.0342	0.0056	0.0056	0.0069	0.0511	0.0069	0.0069	0.0134	0.0045	0.0045	0.0134	0.0134	0.0045	0.004	0.01	0.004	0.004	0.0053	0.003	0.003	0.0053	0.0053	0.003	0.0065	0.0033	0.0033	0.0065	0.0065	0.0033	0.0044	0.0044	0.0026	0.0044	0.0039	0.0024	0.0024	0.0039	0.0039	0.0024	0.0029	0.0029	0.002	0.0029	0.0033	0.0033	0.0022	0.0033	0.0026	0.0024	0.0024	0.0018	0.0024	0.002	0.0022	0.0018
0.0	0.0237	0.0313	0.0139	0.7938	0.0139	0.0139	0.0026	0.0015	0.0156	0.0015	0.0015	0.0018	0.0223	0.0018	0.0018	0.0072	0.0012	0.0012	0.0072	0.0072	0.0012	0.0008	0.0025	0.0008	0.0008	0.0014	0.0006	0.0006	0.0014	0.0014	0.0006	0.0017	0.0007	0.0007	0.0017	0.0017	0.0007	0.0012	0.0012	0.0006	0.0012	0.0008	0.0005	0.0005	0.0008	0.0008	0.0005	0.0006	0.0006	0.0004	0.0006	0.0007	0.0007	0.0004	0.0007	0.0006	0.0005	0.0005	0.0003	0.0005	0.0004	0.0004	0.0003
0.0	0.011	0.0125	0.0092	0.9302	0.0092	0.0092	0.0003	0.0002	0.0034	0.0002	0.0002	0.0002	0.0048	0.0002	0.0002	0.0017	0.0001	0.0001	0.0017	0.0017	0.0001	0.0001	0.0003	0.0001	0.0001	0.0002	0.0001	0.0001	0.0002	0.0002	0.0001	0.0002	0.0001	0.0001	0.0002	0.0002	0.0001	0.0001	0.0001	0.0001	0.0001	0.0001	0.0	0.0	0.0001	0.0001	0.0	0.0001	0.0001	0.0	0.0001	0.0001	0.0001	0.0	0.0001	0.0001	0.0	0.0	0.0	0.0	0.0	0.0	0.0
0.0	0.011	0.0125	0.0092	0.9302	0.0092	0.0092	0.0003	0.0002	0.0034	0.0002	0.0002	0.0002	0.0048	0.0002	0.0002	0.0017	0.0001	0.0001	0.0017	0.0017	0.0001	0.0001	0.0003	0.0001	0.0001	0.0002	0.0001	0.0001	0.0002	0.0002	0.0001	0.0002	0.0001	0.0001	0.0002	0.0002	0.0001	0.0001	0.0001	0.0001	0.0001	0.0001	0.0	0.0	0.0001	0.0001	0.0	0.0001	0.0001	0.0	0.0001	0.0001	0.0001	0.0	0.0001	0.0001	0.0	0.0	0.0	0.0	0.0	0.0	0.0
0.0	0.6057	0.2774	0.0236	0.0267	0.0236	0.0236	0.0041	0.0015	0.0022	0.0015	0.0015	0.0004	0.0005	0.0004	0.0004	0.0002	0.0002	0.0002	0.0002	0.0002	0.0002	0.0003	0.0003	0.0003	0.0003	0.0002	0.0002	0.0002	0.0002	0.0002	0.0002	0.0001	0.0001	0.0001	0.0001	0.0001	0.0001	0.0001	0.0001	0.0001	0.0001	0.0001	0.0001	0.0001	0.0001	0.0001	0.0001	0.0001	0.0001	0.0001	0.0001	0.0001	0.0001	0.0001	0.0001	0.0001	0.0001	0.0001	0.0001	0.0001	0.0001	0.0001	0.0001
0.0	0.9074	0.013	0.0111	0.0129	0.0111	0.0111	0.0055	0.0037	0.0055	0.0037	0.0037	0.0004	0.0004	0.0004	0.0004	0.0004	0.0003	0.0003	0.0004	0.0004	0.0003	0.0004	0.0004	0.0004	0.0004	0.0004	0.0003	0.0003	0.0004	0.0004	0.0003	0.0002	0.0002	0.0002	0.0002	0.0002	0.0002	0.0002	0.0002	0.0002	0.0002	0.0002	0.0002	0.0002	0.0002	0.0002	0.0002	0.0002	0.0002	0.0002	0.0002	0.0001	0.0001	0.0001	0.0001	0.0001	0.0001	0.0001	0.0001	0.0001	0.0001	0.0001	0.0001
0.0	0.9319	0.0103	0.0098	0.0101	0.0098	0.0098	0.0028	0.0023	0.0026	0.0023	0.0023	0.0002	0.0002	0.0002	0.0002	0.0002	0.0002	0.0002	0.0002	0.0002	0.0002	0.0002	0.0002	0.0002	0.0002	0.0002	0.0002	0.0002	0.0002	0.0002	0.0002	0.0001	0.0001	0.0001	0.0001	0.0001	0.0001	0.0001	0.0001	0.0001	0.0001	0.0001	0.0001	0.0001	0.0001	0.0001	0.0001	0.0001	0.0001	0.0001	0.0001	0.0001	0.0001	0.0001	0.0001	0.0001	0.0001	0.0001	0.0001	0.0001	0.0001	0.0	0.0
0.0	0.9459	0.009	0.0089	0.009	0.0089	0.0089	0.0014	0.0013	0.0014	0.0013	0.0013	0.0001	0.0001	0.0001	0.0001	0.0001	0.0001	0.0001	0.0001	0.0001	0.0001	0.0001	0.0001	0.0001	0.0001	0.0001	0.0001	0.0001	0.0001	0.0001	0.0001	0.0	0.0	0.0	0.0	0.0	0.0	0.0	0.0	0.0	0.0	0.0	0.0	0.0	0.0	0.0	0.0	0.0	0.0	0.0	0.0	0.0	0.0	0.0	0.0	0.0	0.0	0.0	0.0	0.0	0.0	0.0	0.0
0.0	0.9459	0.009	0.0089	0.009	0.0089	0.0089	0.0014	0.0013	0.0014	0.0013	0.0013	0.0001	0.0001	0.0001	0.0001	0.0001	0.0001	0.0001	0.0001	0.0001	0.0001	0.0001	0.0001	0.0001	0.0001	0.0001	0.0001	0.0001	0.0001	0.0001	0.0001	0.0	0.0	0.0	0.0	0.0	0.0	0.0	0.0	0.0	0.0	0.0	0.0	0.0	0.0	0.0	0.0	0.0	0.0	0.0	0.0	0.0	0.0	0.0	0.0	0.0	0.0	0.0	0.0	0.0	0.0	0.0	0.0
0.0	0.9383	0.0098	0.0094	0.0096	0.0094	0.0094	0.0022	0.0018	0.0021	0.0018	0.0018	0.0001	0.0001	0.0001	0.0001	0.0001	0.0001	0.0001	0.0001	0.0001	0.0001	0.0001	0.0001	0.0001	0.0001	0.0001	0.0001	0.0001	0.0001	0.0001	0.0001	0.0001	0.0001	0.0001	0.0001	0.0001	0.0001	0.0001	0.0001	0.0001	0.0001	0.0001	0.0001	0.0001	0.0001	0.0001	0.0001	0.0001	0.0001	0.0001	0.0001	0.0	0.0	0.0	0.0	0.0	0.0	0.0	0.0	0.0	0.0	0.0	0.0
0.0	0.9514	0.0085	0.0085	0.0085	0.0085	0.0085	0.0009	0.0009	0.0009	0.0009	0.0009	0.0001	0.0001	0.0001	0.0001	0.0001	0.0001	0.0001	0.0001	0.0001	0.0001	0.0001	0.0001	0.0001	0.0001	0.0001	0.0001	0.0001	0.0001	0.0001	0.0001	0.0	0.0	0.0	0.0	0.0	0.0	0.0	0.0	0.0	0.0	0.0	0.0	0.0	0.0	0.0	0.0	0.0	0.0	0.0	0.0	0.0	0.0	0.0	0.0	0.0	0.0	0.0	0.0	0.0	0.0	0.0	0.0
0.0	0.9592	0.0079	0.0079	0.0079	0.0079	0.0079	0.0002	0.0002	0.0002	0.0002	0.0002	0.0	0.0	0.0	0.0	0.0	0.0	0.0	0.0	0.0	0.0	0.0	0.0	0.0	0.0	0.0	0.0	0.0	0.0	0.0	0.0	0.0	0.0	0.0	0.0	0.0	0.0	0.0	0.0	0.0	0.0	0.0	0.0	0.0	0.0	0.0	0.0	0.0	0.0	0.0	0.0	0.0	0.0	0.0	0.0	0.0	0.0	0.0	0.0	0.0	0.0	0.0	0.0
0.0	0.958	0.008	0.008	0.008	0.008	0.008	0.0003	0.0003	0.0003	0.0003	0.0003	0.0	0.0	0.0	0.0	0.0	0.0	0.0	0.0	0.0	0.0	0.0	0.0	0.0	0.0	0.0	0.0	0.0	0.0	0.0	0.0	0.0	0.0	0.0	0.0	0.0	0.0	0.0	0.0	0.0	0.0	0.0	0.0	0.0	0.0	0.0	0.0	0.0	0.0	0.0	0.0	0.0	0.0	0.0	0.0	0.0	0.0	0.0	0.0	0.0	0.0	0.0	0.0
0.0	0.958	0.008	0.008	0.008	0.008	0.008	0.0003	0.0003	0.0003	0.0003	0.0003	0.0	0.0	0.0	0.0	0.0	0.0	0.0	0.0	0.0	0.0	0.0	0.0	0.0	0.0	0.0	0.0	0.0	0.0	0.0	0.0	0.0	0.0	0.0	0.0	0.0	0.0	0.0	0.0	0.0	0.0	0.0	0.0	0.0	0.0	0.0	0.0	0.0	0.0	0.0	0.0	0.0	0.0	0.0	0.0	0.0	0.0	0.0	0.0	0.0	0.0	0.0	0.0
0.0	0.9583	0.008	0.008	0.008	0.008	0.008	0.0003	0.0003	0.0003	0.0003	0.0003	0.0	0.0	0.0	0.0	0.0	0.0	0.0	0.0	0.0	0.0	0.0	0.0	0.0	0.0	0.0	0.0	0.0	0.0	0.0	0.0	0.0	0.0	0.0	0.0	0.0	0.0	0.0	0.0	0.0	0.0	0.0	0.0	0.0	0.0	0.0	0.0	0.0	0.0	0.0	0.0	0.0	0.0	0.0	0.0	0.0	0.0	0.0	0.0	0.0	0.0	0.0	0.0
0.0	0.9551	0.0082	0.0082	0.0082	0.0082	0.0082	0.0005	0.0005	0.0005	0.0005	0.0005	0.0	0.0	0.0	0.0	0.0	0.0	0.0	0.0	0.0	0.0	0.0	0.0	0.0	0.0	0.0	0.0	0.0	0.0	0.0	0.0	0.0	0.0	0.0	0.0	0.0	0.0	0.0	0.0	0.0	0.0	0.0	0.0	0.0	0.0	0.0	0.0	0.0	0.0	0.0	0.0	0.0	0.0	0.0	0.0	0.0	0.0	0.0	0.0	0.0	0.0	0.0	0.0
0.0	0.9579	0.008	0.008	0.008	0.008	0.008	0.0003	0.0003	0.0003	0.0003	0.0003	0.0	0.0	0.0	0.0	0.0	0.0	0.0	0.0	0.0	0.0	0.0	0.0	0.0	0.0	0.0	0.0	0.0	0.0	0.0	0.0	0.0	0.0	0.0	0.0	0.0	0.0	0.0	0.0	0.0	0.0	0.0	0.0	0.0	0.0	0.0	0.0	0.0	0.0	0.0	0.0	0.0	0.0	0.0	0.0	0.0	0.0	0.0	0.0	0.0	0.0	0.0	0.0
0.0	0.9595	0.0079	0.0079	0.0079	0.0079	0.0079	0.0002	0.0002	0.0002	0.0002	0.0002	0.0	0.0	0.0	0.0	0.0	0.0	0.0	0.0	0.0	0.0	0.0	0.0	0.0	0.0	0.0	0.0	0.0	0.0	0.0	0.0	0.0	0.0	0.0	0.0	0.0	0.0	0.0	0.0	0.0	0.0	0.0	0.0	0.0	0.0	0.0	0.0	0.0	0.0	0.0	0.0	0.0	0.0	0.0	0.0	0.0	0.0	0.0	0.0	0.0	0.0	0.0	0.0
0.0	0.9594	0.0079	0.0079	0.0079	0.0079	0.0079	0.0002	0.0002	0.0002	0.0002	0.0002	0.0	0.0	0.0	0.0	0.0	0.0	0.0	0.0	0.0	0.0	0.0	0.0	0.0	0.0	0.0	0.0	0.0	0.0	0.0	0.0	0.0	0.0	0.0	0.0	0.0	0.0	0.0	0.0	0.0	0.0	0.0	0.0	0.0	0.0	0.0	0.0	0.0	0.0	0.0	0.0	0.0	0.0	0.0	0.0	0.0	0.0	0.0	0.0	0.0	0.0	0.0	0.0
0.0	0.9594	0.0079	0.0079	0.0079	0.0079	0.0079	0.0002	0.0002	0.0002	0.0002	0.0002	0.0	0.0	0.0	0.0	0.0	0.0	0.0	0.0	0.0	0.0	0.0	0.0	0.0	0.0	0.0	0.0	0.0	0.0	0.0	0.0	0.0	0.0	0.0	0.0	0.0	0.0	0.0	0.0	0.0	0.0	0.0	0.0	0.0	0.0	0.0	0.0	0.0	0.0	0.0	0.0	0.0	0.0	0.0	0.0	0.0	0.0	0.0	0.0	0.0	0.0	0.0	0.0
0.0	0.9608	0.0077	0.0077	0.0077	0.0077	0.0077	0.0001	0.0001	0.0001	0.0001	0.0001	0.0	0.0	0.0	0.0	0.0	0.0	0.0	0.0	0.0	0.0	0.0	0.0	0.0	0.0	0.0	0.0	0.0	0.0	0.0	0.0	0.0	0.0	0.0	0.0	0.0	0.0	0.0	0.0	0.0	0.0	0.0	0.0	0.0	0.0	0.0	0.0	0.0	0.0	0.0	0.0	0.0	0.0	0.0	0.0	0.0	0.0	0.0	0.0	0.0	0.0	0.0	0.0
0.0	0.9588	0.0079	0.0079	0.0079	0.0079	0.0079	0.0002	0.0002	0.0002	0.0002	0.0002	0.0	0.0	0.0	0.0	0.0	0.0	0.0	0.0	0.0	0.0	0.0	0.0	0.0	0.0	0.0	0.0	0.0	0.0	0.0	0.0	0.0	0.0	0.0	0.0	0.0	0.0	0.0	0.0	0.0	0.0	0.0	0.0	0.0	0.0	0.0	0.0	0.0	0.0	0.0	0.0	0.0	0.0	0.0	0.0	0.0	0.0	0.0	0.0	0.0	0.0	0.0	0.0
0.0	0.957	0.008	0.008	0.008	0.008	0.008	0.0004	0.0004	0.0004	0.0004	0.0004	0.0	0.0	0.0	0.0	0.0	0.0	0.0	0.0	0.0	0.0	0.0	0.0	0.0	0.0	0.0	0.0	0.0	0.0	0.0	0.0	0.0	0.0	0.0	0.0	0.0	0.0	0.0	0.0	0.0	0.0	0.0	0.0	0.0	0.0	0.0	0.0	0.0	0.0	0.0	0.0	0.0	0.0	0.0	0.0	0.0	0.0	0.0	0.0	0.0	0.0	0.0	0.0
0.0	0.957	0.008	0.008	0.008	0.008	0.008	0.0004	0.0004	0.0004	0.0004	0.0004	0.0	0.0	0.0	0.0	0.0	0.0	0.0	0.0	0.0	0.0	0.0	0.0	0.0	0.0	0.0	0.0	0.0	0.0	0.0	0.0	0.0	0.0	0.0	0.0	0.0	0.0	0.0	0.0	0.0	0.0	0.0	0.0	0.0	0.0	0.0	0.0	0.0	0.0	0.0	0.0	0.0	0.0	0.0	0.0	0.0	0.0	0.0	0.0	0.0	0.0	0.0	0.0
0.0	0.955	0.0082	0.0082	0.0082	0.0082	0.0082	0.0006	0.0006	0.0006	0.0006	0.0006	0.0	0.0	0.0	0.0	0.0	0.0	0.0	0.0	0.0	0.0	0.0	0.0	0.0	0.0	0.0	0.0	0.0	0.0	0.0	0.0	0.0	0.0	0.0	0.0	0.0	0.0	0.0	0.0	0.0	0.0	0.0	0.0	0.0	0.0	0.0	0.0	0.0	0.0	0.0	0.0	0.0	0.0	0.0	0.0	0.0	0.0	0.0	0.0	0.0	0.0	0.0	0.0
0.0	0.955	0.0082	0.0082	0.0082	0.0082	0.0082	0.0006	0.0006	0.0006	0.0006	0.0006	0.0	0.0	0.0	0.0	0.0	0.0	0.0	0.0	0.0	0.0	0.0	0.0	0.0	0.0	0.0	0.0	0.0	0.0	0.0	0.0	0.0	0.0	0.0	0.0	0.0	0.0	0.0	0.0	0.0	0.0	0.0	0.0	0.0	0.0	0.0	0.0	0.0	0.0	0.0	0.0	0.0	0.0	0.0	0.0	0.0	0.0	0.0	0.0	0.0	0.0	0.0	0.0
0.0	0.9506	0.0086	0.0086	0.0086	0.0086	0.0086	0.001	0.0009	0.001	0.0009	0.0009	0.0001	0.0001	0.0001	0.0001	0.0001	0.0001	0.0001	0.0001	0.0001	0.0001	0.0001	0.0001	0.0001	0.0001	0.0001	0.0001	0.0001	0.0001	0.0001	0.0001	0.0	0.0	0.0	0.0	0.0	0.0	0.0	0.0	0.0	0.0	0.0	0.0	0.0	0.0	0.0	0.0	0.0	0.0	0.0	0.0	0.0	0.0	0.0	0.0	0.0	0.0	0.0	0.0	0.0	0.0	0.0	0.0
0.0	0.9506	0.0086	0.0086	0.0086	0.0086	0.0086	0.001	0.0009	0.001	0.0009	0.0009	0.0001	0.0001	0.0001	0.0001	0.0001	0.0001	0.0001	0.0001	0.0001	0.0001	0.0001	0.0001	0.0001	0.0001	0.0001	0.0001	0.0001	0.0001	0.0001	0.0001	0.0	0.0	0.0	0.0	0.0	0.0	0.0	0.0	0.0	0.0	0.0	0.0	0.0	0.0	0.0	0.0	0.0	0.0	0.0	0.0	0.0	0.0	0.0	0.0	0.0	0.0	0.0	0.0	0.0	0.0	0.0	0.0
0.0	0.9505	0.0086	0.0086	0.0086	0.0086	0.0086	0.001	0.001	0.001	0.001	0.001	0.0001	0.0001	0.0001	0.0001	0.0001	0.0001	0.0001	0.0001	0.0001	0.0001	0.0001	0.0001	0.0001	0.0001	0.0001	0.0001	0.0001	0.0001	0.0001	0.0001	0.0	0.0	0.0	0.0	0.0	0.0	0.0	0.0	0.0	0.0	0.0	0.0	0.0	0.0	0.0	0.0	0.0	0.0	0.0	0.0	0.0	0.0	0.0	0.0	0.0	0.0	0.0	0.0	0.0	0.0	0.0	0.0
0.0	0.9505	0.0086	0.0086	0.0086	0.0086	0.0086	0.001	0.001	0.001	0.001	0.001	0.0001	0.0001	0.0001	0.0001	0.0001	0.0001	0.0001	0.0001	0.0001	0.0001	0.0001	0.0001	0.0001	0.0001	0.0001	0.0001	0.0001	0.0001	0.0001	0.0001	0.0	0.0	0.0	0.0	0.0	0.0	0.0	0.0	0.0	0.0	0.0	0.0	0.0	0.0	0.0	0.0	0.0	0.0	0.0	0.0	0.0	0.0	0.0	0.0	0.0	0.0	0.0	0.0	0.0	0.0	0.0	0.0
0.0	0.9568	0.0083	0.008	0.0081	0.008	0.008	0.0006	0.0004	0.0004	0.0004	0.0004	0.0	0.0	0.0	0.0	0.0	0.0	0.0	0.0	0.0	0.0	0.0	0.0	0.0	0.0	0.0	0.0	0.0	0.0	0.0	0.0	0.0	0.0	0.0	0.0	0.0	0.0	0.0	0.0	0.0	0.0	0.0	0.0	0.0	0.0	0.0	0.0	0.0	0.0	0.0	0.0	0.0	0.0	0.0	0.0	0.0	0.0	0.0	0.0	0.0	0.0	0.0	0.0
0.0	0.9513	0.0085	0.0085	0.0085	0.0085	0.0085	0.0009	0.0009	0.0009	0.0009	0.0009	0.0001	0.0001	0.0001	0.0001	0.0001	0.0001	0.0001	0.0001	0.0001	0.0001	0.0001	0.0001	0.0001	0.0001	0.0001	0.0001	0.0001	0.0001	0.0001	0.0001	0.0	0.0	0.0	0.0	0.0	0.0	0.0	0.0	0.0	0.0	0.0	0.0	0.0	0.0	0.0	0.0	0.0	0.0	0.0	0.0	0.0	0.0	0.0	0.0	0.0	0.0	0.0	0.0	0.0	0.0	0.0	0.0
0.0	0.9513	0.0085	0.0085	0.0085	0.0085	0.0085	0.0009	0.0009	0.0009	0.0009	0.0009	0.0001	0.0001	0.0001	0.0001	0.0001	0.0001	0.0001	0.0001	0.0001	0.0001	0.0001	0.0001	0.0001	0.0001	0.0001	0.0001	0.0001	0.0001	0.0001	0.0001	0.0	0.0	0.0	0.0	0.0	0.0	0.0	0.0	0.0	0.0	0.0	0.0	0.0	0.0	0.0	0.0	0.0	0.0	0.0	0.0	0.0	0.0	0.0	0.0	0.0	0.0	0.0	0.0	0.0	0.0	0.0	0.0
0.0	0.9529	0.0084	0.0084	0.0084	0.0084	0.0084	0.0007	0.0007	0.0007	0.0007	0.0007	0.0	0.0	0.0	0.0	0.0	0.0	0.0	0.0	0.0	0.0	0.0	0.0	0.0	0.0	0.0	0.0	0.0	0.0	0.0	0.0	0.0	0.0	0.0	0.0	0.0	0.0	0.0	0.0	0.0	0.0	0.0	0.0	0.0	0.0	0.0	0.0	0.0	0.0	0.0	0.0	0.0	0.0	0.0	0.0	0.0	0.0	0.0	0.0	0.0	0.0	0.0	0.0
0.0	0.9569	0.0081	0.0081	0.0081	0.0081	0.0081	0.0004	0.0004	0.0004	0.0004	0.0004	0.0	0.0	0.0	0.0	0.0	0.0	0.0	0.0	0.0	0.0	0.0	0.0	0.0	0.0	0.0	0.0	0.0	0.0	0.0	0.0	0.0	0.0	0.0	0.0	0.0	0.0	0.0	0.0	0.0	0.0	0.0	0.0	0.0	0.0	0.0	0.0	0.0	0.0	0.0	0.0	0.0	0.0	0.0	0.0	0.0	0.0	0.0	0.0	0.0	0.0	0.0	0.0
0.0	0.9524	0.0084	0.0084	0.0084	0.0084	0.0084	0.0008	0.0008	0.0008	0.0008	0.0008	0.0	0.0	0.0	0.0	0.0	0.0	0.0	0.0	0.0	0.0	0.0	0.0	0.0	0.0	0.0	0.0	0.0	0.0	0.0	0.0	0.0	0.0	0.0	0.0	0.0	0.0	0.0	0.0	0.0	0.0	0.0	0.0	0.0	0.0	0.0	0.0	0.0	0.0	0.0	0.0	0.0	0.0	0.0	0.0	0.0	0.0	0.0	0.0	0.0	0.0	0.0	0.0
0.0	0.9524	0.0084	0.0084	0.0084	0.0084	0.0084	0.0008	0.0008	0.0008	0.0008	0.0008	0.0	0.0	0.0	0.0	0.0	0.0	0.0	0.0	0.0	0.0	0.0	0.0	0.0	0.0	0.0	0.0	0.0	0.0	0.0	0.0	0.0	0.0	0.0	0.0	0.0	0.0	0.0	0.0	0.0	0.0	0.0	0.0	0.0	0.0	0.0	0.0	0.0	0.0	0.0	0.0	0.0	0.0	0.0	0.0	0.0	0.0	0.0	0.0	0.0	0.0	0.0	0.0
0.0	0.9575	0.008	0.008	0.008	0.008	0.008	0.0003	0.0003	0.0003	0.0003	0.0003	0.0	0.0	0.0	0.0	0.0	0.0	0.0	0.0	0.0	0.0	0.0	0.0	0.0	0.0	0.0	0.0	0.0	0.0	0.0	0.0	0.0	0.0	0.0	0.0	0.0	0.0	0.0	0.0	0.0	0.0	0.0	0.0	0.0	0.0	0.0	0.0	0.0	0.0	0.0	0.0	0.0	0.0	0.0	0.0	0.0	0.0	0.0	0.0	0.0	0.0	0.0	0.0
0.0	0.9597	0.0078	0.0078	0.0078	0.0078	0.0078	0.0002	0.0002	0.0002	0.0002	0.0002	0.0	0.0	0.0	0.0	0.0	0.0	0.0	0.0	0.0	0.0	0.0	0.0	0.0	0.0	0.0	0.0	0.0	0.0	0.0	0.0	0.0	0.0	0.0	0.0	0.0	0.0	0.0	0.0	0.0	0.0	0.0	0.0	0.0	0.0	0.0	0.0	0.0	0.0	0.0	0.0	0.0	0.0	0.0	0.0	0.0	0.0	0.0	0.0	0.0	0.0	0.0	0.0
0.0	0.9597	0.0078	0.0078	0.0078	0.0078	0.0078	0.0002	0.0002	0.0002	0.0002	0.0002	0.0	0.0	0.0	0.0	0.0	0.0	0.0	0.0	0.0	0.0	0.0	0.0	0.0	0.0	0.0	0.0	0.0	0.0	0.0	0.0	0.0	0.0	0.0	0.0	0.0	0.0	0.0	0.0	0.0	0.0	0.0	0.0	0.0	0.0	0.0	0.0	0.0	0.0	0.0	0.0	0.0	0.0	0.0	0.0	0.0	0.0	0.0	0.0	0.0	0.0	0.0	0.0
0.0	0.9552	0.0082	0.0082	0.0082	0.0082	0.0082	0.0005	0.0005	0.0005	0.0005	0.0005	0.0	0.0	0.0	0.0	0.0	0.0	0.0	0.0	0.0	0.0	0.0	0.0	0.0	0.0	0.0	0.0	0.0	0.0	0.0	0.0	0.0	0.0	0.0	0.0	0.0	0.0	0.0	0.0	0.0	0.0	0.0	0.0	0.0	0.0	0.0	0.0	0.0	0.0	0.0	0.0	0.0	0.0	0.0	0.0	0.0	0.0	0.0	0.0	0.0	0.0	0.0	0.0
0.0	0.9552	0.0082	0.0082	0.0082	0.0082	0.0082	0.0005	0.0005	0.0005	0.0005	0.0005	0.0	0.0	0.0	0.0	0.0	0.0	0.0	0.0	0.0	0.0	0.0	0.0	0.0	0.0	0.0	0.0	0.0	0.0	0.0	0.0	0.0	0.0	0.0	0.0	0.0	0.0	0.0	0.0	0.0	0.0	0.0	0.0	0.0	0.0	0.0	0.0	0.0	0.0	0.0	0.0	0.0	0.0	0.0	0.0	0.0	0.0	0.0	0.0	0.0	0.0	0.0	0.0
0.0	0.9588	0.0079	0.0079	0.0079	0.0079	0.0079	0.0002	0.0002	0.0002	0.0002	0.0002	0.0	0.0	0.0	0.0	0.0	0.0	0.0	0.0	0.0	0.0	0.0	0.0	0.0	0.0	0.0	0.0	0.0	0.0	0.0	0.0	0.0	0.0	0.0	0.0	0.0	0.0	0.0	0.0	0.0	0.0	0.0	0.0	0.0	0.0	0.0	0.0	0.0	0.0	0.0	0.0	0.0	0.0	0.0	0.0	0.0	0.0	0.0	0.0	0.0	0.0	0.0	0.0
0.0	0.9551	0.0082	0.0082	0.0082	0.0082	0.0082	0.0005	0.0005	0.0005	0.0005	0.0005	0.0	0.0	0.0	0.0	0.0	0.0	0.0	0.0	0.0	0.0	0.0	0.0	0.0	0.0	0.0	0.0	0.0	0.0	0.0	0.0	0.0	0.0	0.0	0.0	0.0	0.0	0.0	0.0	0.0	0.0	0.0	0.0	0.0	0.0	0.0	0.0	0.0	0.0	0.0	0.0	0.0	0.0	0.0	0.0	0.0	0.0	0.0	0.0	0.0	0.0	0.0	0.0
0.0	0.9551	0.0082	0.0082	0.0082	0.0082	0.0082	0.0005	0.0005	0.0005	0.0005	0.0005	0.0	0.0	0.0	0.0	0.0	0.0	0.0	0.0	0.0	0.0	0.0	0.0	0.0	0.0	0.0	0.0	0.0	0.0	0.0	0.0	0.0	0.0	0.0	0.0	0.0	0.0	0.0	0.0	0.0	0.0	0.0	0.0	0.0	0.0	0.0	0.0	0.0	0.0	0.0	0.0	0.0	0.0	0.0	0.0	0.0	0.0	0.0	0.0	0.0	0.0	0.0	0.0
0.0	0.9604	0.0078	0.0078	0.0078	0.0078	0.0078	0.0001	0.0001	0.0001	0.0001	0.0001	0.0	0.0	0.0	0.0	0.0	0.0	0.0	0.0	0.0	0.0	0.0	0.0	0.0	0.0	0.0	0.0	0.0	0.0	0.0	0.0	0.0	0.0	0.0	0.0	0.0	0.0	0.0	0.0	0.0	0.0	0.0	0.0	0.0	0.0	0.0	0.0	0.0	0.0	0.0	0.0	0.0	0.0	0.0	0.0	0.0	0.0	0.0	0.0	0.0	0.0	0.0	0.0
0.0	0.9499	0.0088	0.0086	0.0086	0.0086	0.0086	0.0012	0.0009	0.001	0.0009	0.0009	0.0001	0.0001	0.0001	0.0001	0.0001	0.0001	0.0001	0.0001	0.0001	0.0001	0.0001	0.0001	0.0001	0.0001	0.0001	0.0001	0.0001	0.0001	0.0001	0.0001	0.0	0.0	0.0	0.0	0.0	0.0	0.0	0.0	0.0	0.0	0.0	0.0	0.0	0.0	0.0	0.0	0.0	0.0	0.0	0.0	0.0	0.0	0.0	0.0	0.0	0.0	0.0	0.0	0.0	0.0	0.0	0.0
0.0	0.9499	0.0088	0.0086	0.0086	0.0086	0.0086	0.0012	0.0009	0.001	0.0009	0.0009	0.0001	0.0001	0.0001	0.0001	0.0001	0.0001	0.0001	0.0001	0.0001	0.0001	0.0001	0.0001	0.0001	0.0001	0.0001	0.0001	0.0001	0.0001	0.0001	0.0001	0.0	0.0	0.0	0.0	0.0	0.0	0.0	0.0	0.0	0.0	0.0	0.0	0.0	0.0	0.0	0.0	0.0	0.0	0.0	0.0	0.0	0.0	0.0	0.0	0.0	0.0	0.0	0.0	0.0	0.0	0.0	0.0
0.0	0.9545	0.0085	0.0082	0.0083	0.0082	0.0082	0.0008	0.0006	0.0006	0.0006	0.0006	0.0	0.0	0.0	0.0	0.0	0.0	0.0	0.0	0.0	0.0	0.0	0.0	0.0	0.0	0.0	0.0	0.0	0.0	0.0	0.0	0.0	0.0	0.0	0.0	0.0	0.0	0.0	0.0	0.0	0.0	0.0	0.0	0.0	0.0	0.0	0.0	0.0	0.0	0.0	0.0	0.0	0.0	0.0	0.0	0.0	0.0	0.0	0.0	0.0	0.0	0.0	0.0
0.0	0.9525	0.0084	0.0084	0.0084	0.0084	0.0084	0.0008	0.0008	0.0008	0.0008	0.0008	0.0	0.0	0.0	0.0	0.0	0.0	0.0	0.0	0.0	0.0	0.0	0.0	0.0	0.0	0.0	0.0	0.0	0.0	0.0	0.0	0.0	0.0	0.0	0.0	0.0	0.0	0.0	0.0	0.0	0.0	0.0	0.0	0.0	0.0	0.0	0.0	0.0	0.0	0.0	0.0	0.0	0.0	0.0	0.0	0.0	0.0	0.0	0.0	0.0	0.0	0.0	0.0
0.0	0.9577	0.008	0.008	0.008	0.008	0.008	0.0003	0.0003	0.0003	0.0003	0.0003	0.0	0.0	0.0	0.0	0.0	0.0	0.0	0.0	0.0	0.0	0.0	0.0	0.0	0.0	0.0	0.0	0.0	0.0	0.0	0.0	0.0	0.0	0.0	0.0	0.0	0.0	0.0	0.0	0.0	0.0	0.0	0.0	0.0	0.0	0.0	0.0	0.0	0.0	0.0	0.0	0.0	0.0	0.0	0.0	0.0	0.0	0.0	0.0	0.0	0.0	0.0	0.0
0.0	0.9584	0.0079	0.0079	0.0079	0.0079	0.0079	0.0003	0.0003	0.0003	0.0003	0.0003	0.0	0.0	0.0	0.0	0.0	0.0	0.0	0.0	0.0	0.0	0.0	0.0	0.0	0.0	0.0	0.0	0.0	0.0	0.0	0.0	0.0	0.0	0.0	0.0	0.0	0.0	0.0	0.0	0.0	0.0	0.0	0.0	0.0	0.0	0.0	0.0	0.0	0.0	0.0	0.0	0.0	0.0	0.0	0.0	0.0	0.0	0.0	0.0	0.0	0.0	0.0	0.0
0.0	0.9584	0.0079	0.0079	0.0079	0.0079	0.0079	0.0003	0.0003	0.0003	0.0003	0.0003	0.0	0.0	0.0	0.0	0.0	0.0	0.0	0.0	0.0	0.0	0.0	0.0	0.0	0.0	0.0	0.0	0.0	0.0	0.0	0.0	0.0	0.0	0.0	0.0	0.0	0.0	0.0	0.0	0.0	0.0	0.0	0.0	0.0	0.0	0.0	0.0	0.0	0.0	0.0	0.0	0.0	0.0	0.0	0.0	0.0	0.0	0.0	0.0	0.0	0.0	0.0	0.0
0.0	0.9572	0.008	0.008	0.008	0.008	0.008	0.0004	0.0004	0.0004	0.0004	0.0004	0.0	0.0	0.0	0.0	0.0	0.0	0.0	0.0	0.0	0.0	0.0	0.0	0.0	0.0	0.0	0.0	0.0	0.0	0.0	0.0	0.0	0.0	0.0	0.0	0.0	0.0	0.0	0.0	0.0	0.0	0.0	0.0	0.0	0.0	0.0	0.0	0.0	0.0	0.0	0.0	0.0	0.0	0.0	0.0	0.0	0.0	0.0	0.0	0.0	0.0	0.0	0.0
0.0	0.9527	0.0084	0.0084	0.0084	0.0084	0.0084	0.0008	0.0008	0.0008	0.0008	0.0008	0.0	0.0	0.0	0.0	0.0	0.0	0.0	0.0	0.0	0.0	0.0	0.0	0.0	0.0	0.0	0.0	0.0	0.0	0.0	0.0	0.0	0.0	0.0	0.0	0.0	0.0	0.0	0.0	0.0	0.0	0.0	0.0	0.0	0.0	0.0	0.0	0.0	0.0	0.0	0.0	0.0	0.0	0.0	0.0	0.0	0.0	0.0	0.0	0.0	0.0	0.0	0.0
0.0	0.9527	0.0084	0.0084	0.0084	0.0084	0.0084	0.0008	0.0008	0.0008	0.0008	0.0008	0.0	0.0	0.0	0.0	0.0	0.0	0.0	0.0	0.0	0.0	0.0	0.0	0.0	0.0	0.0	0.0	0.0	0.0	0.0	0.0	0.0	0.0	0.0	0.0	0.0	0.0	0.0	0.0	0.0	0.0	0.0	0.0	0.0	0.0	0.0	0.0	0.0	0.0	0.0	0.0	0.0	0.0	0.0	0.0	0.0	0.0	0.0	0.0	0.0	0.0	0.0	0.0
0.0	0.9547	0.0082	0.0082	0.0082	0.0082	0.0082	0.0006	0.0006	0.0006	0.0006	0.0006	0.0	0.0	0.0	0.0	0.0	0.0	0.0	0.0	0.0	0.0	0.0	0.0	0.0	0.0	0.0	0.0	0.0	0.0	0.0	0.0	0.0	0.0	0.0	0.0	0.0	0.0	0.0	0.0	0.0	0.0	0.0	0.0	0.0	0.0	0.0	0.0	0.0	0.0	0.0	0.0	0.0	0.0	0.0	0.0	0.0	0.0	0.0	0.0	0.0	0.0	0.0	0.0
0.0	0.9547	0.0082	0.0082	0.0082	0.0082	0.0082	0.0006	0.0006	0.0006	0.0006	0.0006	0.0	0.0	0.0	0.0	0.0	0.0	0.0	0.0	0.0	0.0	0.0	0.0	0.0	0.0	0.0	0.0	0.0	0.0	0.0	0.0	0.0	0.0	0.0	0.0	0.0	0.0	0.0	0.0	0.0	0.0	0.0	0.0	0.0	0.0	0.0	0.0	0.0	0.0	0.0	0.0	0.0	0.0	0.0	0.0	0.0	0.0	0.0	0.0	0.0	0.0	0.0	0.0
0.0	0.9576	0.008	0.008	0.008	0.008	0.008	0.0003	0.0003	0.0003	0.0003	0.0003	0.0	0.0	0.0	0.0	0.0	0.0	0.0	0.0	0.0	0.0	0.0	0.0	0.0	0.0	0.0	0.0	0.0	0.0	0.0	0.0	0.0	0.0	0.0	0.0	0.0	0.0	0.0	0.0	0.0	0.0	0.0	0.0	0.0	0.0	0.0	0.0	0.0	0.0	0.0	0.0	0.0	0.0	0.0	0.0	0.0	0.0	0.0	0.0	0.0	0.0	0.0	0.0
0.0	0.959	0.0079	0.0079	0.0079	0.0079	0.0079	0.0002	0.0002	0.0002	0.0002	0.0002	0.0	0.0	0.0	0.0	0.0	0.0	0.0	0.0	0.0	0.0	0.0	0.0	0.0	0.0	0.0	0.0	0.0	0.0	0.0	0.0	0.0	0.0	0.0	0.0	0.0	0.0	0.0	0.0	0.0	0.0	0.0	0.0	0.0	0.0	0.0	0.0	0.0	0.0	0.0	0.0	0.0	0.0	0.0	0.0	0.0	0.0	0.0	0.0	0.0	0.0	0.0	0.0
0.0	0.9575	0.008	0.008	0.008	0.008	0.008	0.0003	0.0003	0.0003	0.0003	0.0003	0.0	0.0	0.0	0.0	0.0	0.0	0.0	0.0	0.0	0.0	0.0	0.0	0.0	0.0	0.0	0.0	0.0	0.0	0.0	0.0	0.0	0.0	0.0	0.0	0.0	0.0	0.0	0.0	0.0	0.0	0.0	0.0	0.0	0.0	0.0	0.0	0.0	0.0	0.0	0.0	0.0	0.0	0.0	0.0	0.0	0.0	0.0	0.0	0.0	0.0	0.0	0.0
0.0	0.9575	0.008	0.008	0.008	0.008	0.008	0.0003	0.0003	0.0003	0.0003	0.0003	0.0	0.0	0.0	0.0	0.0	0.0	0.0	0.0	0.0	0.0	0.0	0.0	0.0	0.0	0.0	0.0	0.0	0.0	0.0	0.0	0.0	0.0	0.0	0.0	0.0	0.0	0.0	0.0	0.0	0.0	0.0	0.0	0.0	0.0	0.0	0.0	0.0	0.0	0.0	0.0	0.0	0.0	0.0	0.0	0.0	0.0	0.0	0.0	0.0	0.0	0.0	0.0
0.0	0.9596	0.0078	0.0078	0.0078	0.0078	0.0078	0.0002	0.0002	0.0002	0.0002	0.0002	0.0	0.0	0.0	0.0	0.0	0.0	0.0	0.0	0.0	0.0	0.0	0.0	0.0	0.0	0.0	0.0	0.0	0.0	0.0	0.0	0.0	0.0	0.0	0.0	0.0	0.0	0.0	0.0	0.0	0.0	0.0	0.0	0.0	0.0	0.0	0.0	0.0	0.0	0.0	0.0	0.0	0.0	0.0	0.0	0.0	0.0	0.0	0.0	0.0	0.0	0.0	0.0
0.0	0.9563	0.0081	0.0081	0.0081	0.0081	0.0081	0.0004	0.0004	0.0004	0.0004	0.0004	0.0	0.0	0.0	0.0	0.0	0.0	0.0	0.0	0.0	0.0	0.0	0.0	0.0	0.0	0.0	0.0	0.0	0.0	0.0	0.0	0.0	0.0	0.0	0.0	0.0	0.0	0.0	0.0	0.0	0.0	0.0	0.0	0.0	0.0	0.0	0.0	0.0	0.0	0.0	0.0	0.0	0.0	0.0	0.0	0.0	0.0	0.0	0.0	0.0	0.0	0.0	0.0
0.0	0.9544	0.0082	0.0082	0.0082	0.0082	0.0082	0.0006	0.0006	0.0006	0.0006	0.0006	0.0	0.0	0.0	0.0	0.0	0.0	0.0	0.0	0.0	0.0	0.0	0.0	0.0	0.0	0.0	0.0	0.0	0.0	0.0	0.0	0.0	0.0	0.0	0.0	0.0	0.0	0.0	0.0	0.0	0.0	0.0	0.0	0.0	0.0	0.0	0.0	0.0	0.0	0.0	0.0	0.0	0.0	0.0	0.0	0.0	0.0	0.0	0.0	0.0	0.0	0.0	0.0
0.0	0.9544	0.0082	0.0082	0.0082	0.0082	0.0082	0.0006	0.0006	0.0006	0.0006	0.0006	0.0	0.0	0.0	0.0	0.0	0.0	0.0	0.0	0.0	0.0	0.0	0.0	0.0	0.0	0.0	0.0	0.0	0.0	0.0	0.0	0.0	0.0	0.0	0.0	0.0	0.0	0.0	0.0	0.0	0.0	0.0	0.0	0.0	0.0	0.0	0.0	0.0	0.0	0.0	0.0	0.0	0.0	0.0	0.0	0.0	0.0	0.0	0.0	0.0	0.0	0.0	0.0
0.0	0.9601	0.0078	0.0078	0.0078	0.0078	0.0078	0.0001	0.0001	0.0001	0.0001	0.0001	0.0	0.0	0.0	0.0	0.0	0.0	0.0	0.0	0.0	0.0	0.0	0.0	0.0	0.0	0.0	0.0	0.0	0.0	0.0	0.0	0.0	0.0	0.0	0.0	0.0	0.0	0.0	0.0	0.0	0.0	0.0	0.0	0.0	0.0	0.0	0.0	0.0	0.0	0.0	0.0	0.0	0.0	0.0	0.0	0.0	0.0	0.0	0.0	0.0	0.0	0.0	0.0
0.0	0.9607	0.0078	0.0078	0.0078	0.0078	0.0078	0.0001	0.0001	0.0001	0.0001	0.0001	0.0	0.0	0.0	0.0	0.0	0.0	0.0	0.0	0.0	0.0	0.0	0.0	0.0	0.0	0.0	0.0	0.0	0.0	0.0	0.0	0.0	0.0	0.0	0.0	0.0	0.0	0.0	0.0	0.0	0.0	0.0	0.0	0.0	0.0	0.0	0.0	0.0	0.0	0.0	0.0	0.0	0.0	0.0	0.0	0.0	0.0	0.0	0.0	0.0	0.0	0.0	0.0
0.0	0.9593	0.0079	0.0079	0.0079	0.0079	0.0079	0.0002	0.0002	0.0002	0.0002	0.0002	0.0	0.0	0.0	0.0	0.0	0.0	0.0	0.0	0.0	0.0	0.0	0.0	0.0	0.0	0.0	0.0	0.0	0.0	0.0	0.0	0.0	0.0	0.0	0.0	0.0	0.0	0.0	0.0	0.0	0.0	0.0	0.0	0.0	0.0	0.0	0.0	0.0	0.0	0.0	0.0	0.0	0.0	0.0	0.0	0.0	0.0	0.0	0.0	0.0	0.0	0.0	0.0
0.0	0.9593	0.0079	0.0079	0.0079	0.0079	0.0079	0.0002	0.0002	0.0002	0.0002	0.0002	0.0	0.0	0.0	0.0	0.0	0.0	0.0	0.0	0.0	0.0	0.0	0.0	0.0	0.0	0.0	0.0	0.0	0.0	0.0	0.0	0.0	0.0	0.0	0.0	0.0	0.0	0.0	0.0	0.0	0.0	0.0	0.0	0.0	0.0	0.0	0.0	0.0	0.0	0.0	0.0	0.0	0.0	0.0	0.0	0.0	0.0	0.0	0.0	0.0	0.0	0.0	0.0
NaN	NaN	NaN	NaN	NaN	NaN	NaN	NaN	NaN	NaN	NaN	NaN	NaN	NaN	NaN	NaN	NaN	NaN	NaN	NaN	NaN	NaN	NaN	NaN	NaN	NaN	NaN	NaN	NaN	NaN	NaN	NaN	NaN	NaN	NaN	NaN	NaN	NaN	NaN	NaN	NaN	NaN	NaN	NaN	NaN	NaN	NaN	NaN	NaN	NaN	NaN	NaN	NaN	NaN	NaN	NaN	NaN	NaN	NaN	NaN	NaN	NaN	NaN	NaN
0.0	0.1875	0.1389	0.0925	0.115	0.0925	0.0925	0.0106	0.0102	0.0103	0.0102	0.0102	0.0059	0.006	0.0059	0.0059	0.0056	0.0055	0.0055	0.0056	0.0056	0.0055	0.0054	0.0054	0.0054	0.0054	0.0053	0.0053	0.0053	0.0053	0.0053	0.0053	0.0042	0.0042	0.0042	0.0042	0.0042	0.0042	0.0041	0.0041	0.0041	0.0041	0.004	0.004	0.004	0.004	0.004	0.004	0.004	0.004	0.004	0.004	0.0033	0.0033	0.0033	0.0033	0.0033	0.0032	0.0032	0.0032	0.0032	0.0032	0.0028	0.0027
0.0	0.0464	0.5952	0.1213	0.0455	0.0405	0.0336	0.0095	0.0036	0.0026	0.0026	0.0025	0.0063	0.0059	0.0057	0.0057	0.0026	0.0025	0.0025	0.002	0.002	0.002	0.0024	0.0023	0.0023	0.0023	0.0016	0.0016	0.0016	0.0015	0.0015	0.0015	0.0019	0.0019	0.0019	0.0018	0.0018	0.0018	0.0013	0.0013	0.0013	0.0012	0.0014	0.0014	0.0014	0.0014	0.0014	0.0014	0.0011	0.0011	0.0011	0.001	0.0012	0.0012	0.0012	0.0012	0.0009	0.001	0.001	0.001	0.001	0.0008	0.0009	0.0008
0.0	0.0556	0.0957	0.399	0.0521	0.0517	0.2578	0.002	0.0037	0.0013	0.0013	0.0027	0.0087	0.0018	0.0018	0.0079	0.0034	0.0033	0.0053	0.0012	0.0026	0.0025	0.0014	0.0009	0.0009	0.0014	0.001	0.001	0.0013	0.0008	0.001	0.001	0.0013	0.0013	0.0017	0.0009	0.0013	0.0013	0.001	0.0012	0.0012	0.0009	0.0008	0.0008	0.0009	0.0007	0.0008	0.0008	0.0007	0.0008	0.0008	0.0007	0.0008	0.0009	0.0009	0.0007	0.0007	0.0006	0.0007	0.0007	0.0006	0.0006	0.0006	0.0006
0.0	0.1499	0.1688	0.1707	0.168	0.1675	0.1725	0.0001	0.0001	0.0001	0.0001	0.0001	0.0001	0.0001	0.0001	0.0001	0.0001	0.0001	0.0001	0.0001	0.0001	0.0001	0.0	0.0	0.0	0.0	0.0	0.0	0.0	0.0	0.0	0.0	0.0	0.0	0.0	0.0	0.0	0.0	0.0	0.0	0.0	0.0	0.0	0.0	0.0	0.0	0.0	0.0	0.0	0.0	0.0	0.0	0.0	0.0	0.0	0.0	0.0	0.0	0.0	0.0	0.0	0.0	0.0	0.0
0.0	0.0385	0.2634	0.4948	0.0582	0.0396	0.0397	0.0024	0.0046	0.001	0.001	0.001	0.0063	0.0025	0.0025	0.0025	0.0049	0.0048	0.0049	0.001	0.001	0.001	0.0009	0.0006	0.0006	0.0006	0.0008	0.0008	0.0008	0.0005	0.0005	0.0005	0.0009	0.0009	0.0009	0.0006	0.0006	0.0006	0.0008	0.0008	0.0008	0.0005	0.0005	0.0005	0.0005	0.0004	0.0004	0.0004	0.0005	0.0005	0.0005	0.0004	0.0005	0.0005	0.0005	0.0004	0.0005	0.0004	0.0004	0.0004	0.0003	0.0004	0.0004	0.0003
0.0	0.0111	0.8917	0.0274	0.0118	0.0112	0.0112	0.003	0.0006	0.0004	0.0004	0.0004	0.0069	0.0031	0.003	0.003	0.0006	0.0006	0.0006	0.0004	0.0004	0.0004	0.0006	0.0004	0.0004	0.0004	0.0003	0.0003	0.0003	0.0002	0.0002	0.0002	0.0006	0.0006	0.0006	0.0004	0.0004	0.0004	0.0003	0.0003	0.0003	0.0002	0.0003	0.0003	0.0003	0.0002	0.0002	0.0002	0.0002	0.0002	0.0002	0.0002	0.0003	0.0003	0.0003	0.0002	0.0002	0.0002	0.0002	0.0002	0.0002	0.0001	0.0002	0.0001
0.0	0.0168	0.7059	0.0428	0.0179	0.1528	0.017	0.0025	0.0008	0.0006	0.0013	0.0006	0.0056	0.0026	0.0045	0.0026	0.0008	0.0043	0.0008	0.0014	0.0006	0.0013	0.0006	0.0005	0.0006	0.0005	0.0004	0.0006	0.0004	0.0004	0.0003	0.0004	0.0006	0.0008	0.0006	0.0006	0.0005	0.0006	0.0006	0.0004	0.0006	0.0004	0.0003	0.0004	0.0003	0.0003	0.0003	0.0003	0.0003	0.0002	0.0003	0.0003	0.0004	0.0003	0.0004	0.0003	0.0003	0.0002	0.0002	0.0002	0.0002	0.0002	0.0002	0.0002
0.0	0.0238	0.7435	0.025	0.0249	0.0674	0.0253	0.0081	0.0013	0.0013	0.0015	0.0013	0.0085	0.0085	0.0087	0.0086	0.0013	0.0015	0.0014	0.0015	0.0014	0.0015	0.0013	0.0013	0.0013	0.0013	0.0007	0.0007	0.0007	0.0007	0.0007	0.0007	0.0013	0.0013	0.0013	0.0013	0.0013	0.0013	0.0007	0.0007	0.0007	0.0007	0.0007	0.0007	0.0007	0.0007	0.0007	0.0007	0.0005	0.0005	0.0005	0.0005	0.0007	0.0007	0.0007	0.0007	0.0005	0.0005	0.0005	0.0005	0.0005	0.0005	0.0005	0.0004
0.0	0.018	0.8156	0.0555	0.0556	0.0193	0.0182	0.0017	0.0003	0.0003	0.0002	0.0002	0.0025	0.0025	0.0018	0.0018	0.0004	0.0003	0.0003	0.0003	0.0003	0.0002	0.0002	0.0002	0.0002	0.0002	0.0001	0.0001	0.0001	0.0001	0.0001	0.0001	0.0002	0.0002	0.0002	0.0002	0.0002	0.0002	0.0001	0.0001	0.0001	0.0001	0.0001	0.0001	0.0001	0.0001	0.0001	0.0001	0.0001	0.0001	0.0001	0.0001	0.0001	0.0001	0.0001	0.0001	0.0001	0.0001	0.0001	0.0001	0.0001	0.0	0.0001	0.0
0.0	0.0123	0.1136	0.7378	0.0173	0.0127	0.0125	0.0018	0.0046	0.0012	0.0012	0.0012	0.0243	0.0019	0.0018	0.0018	0.0055	0.0046	0.0046	0.0012	0.0012	0.0012	0.0017	0.0009	0.0008	0.0008	0.0012	0.0011	0.0011	0.0007	0.0007	0.0007	0.0017	0.0017	0.0017	0.0009	0.0009	0.0008	0.0012	0.0012	0.0011	0.0007	0.0008	0.0008	0.0008	0.0006	0.0006	0.0005	0.0007	0.0007	0.0007	0.0005	0.0008	0.0008	0.0008	0.0006	0.0007	0.0005	0.0005	0.0005	0.0004	0.0005	0.0005	0.0004
0.0	0.0187	0.665	0.23	0.0188	0.0205	0.0189	0.0015	0.001	0.0003	0.0003	0.0003	0.0066	0.0015	0.0016	0.0015	0.001	0.0011	0.001	0.0003	0.0003	0.0003	0.0005	0.0003	0.0003	0.0003	0.0003	0.0003	0.0003	0.0002	0.0002	0.0002	0.0005	0.0005	0.0005	0.0003	0.0003	0.0003	0.0003	0.0003	0.0003	0.0002	0.0002	0.0002	0.0002	0.0001	0.0001	0.0001	0.0002	0.0002	0.0002	0.0001	0.0002	0.0002	0.0002	0.0001	0.0002	0.0001	0.0001	0.0001	0.0001	0.0001	0.0001	0.0001
0.0	0.0136	0.0553	0.7751	0.0984	0.0142	0.0136	0.0005	0.0014	0.0007	0.0003	0.0003	0.0059	0.0026	0.0005	0.0005	0.0025	0.0015	0.0014	0.0007	0.0007	0.0003	0.0004	0.0003	0.0002	0.0002	0.0004	0.0003	0.0003	0.0002	0.0002	0.0002	0.0006	0.0004	0.0004	0.0003	0.0003	0.0002	0.0004	0.0004	0.0003	0.0002	0.0002	0.0002	0.0002	0.0002	0.0002	0.0001	0.0002	0.0002	0.0002	0.0001	0.0002	0.0002	0.0002	0.0002	0.0002	0.0001	0.0001	0.0001	0.0001	0.0001	0.0001	0.0001
0.0	0.0087	0.9425	0.0126	0.0087	0.0088	0.0087	0.001	0.0001	0.0001	0.0001	0.0001	0.0025	0.001	0.001	0.001	0.0001	0.0001	0.0001	0.0001	0.0001	0.0001	0.0001	0.0001	0.0001	0.0001	0.0001	0.0001	0.0001	0.0	0.0	0.0	0.0001	0.0001	0.0001	0.0001	0.0001	0.0001	0.0001	0.0001	0.0001	0.0	0.0001	0.0001	0.0001	0.0	0.0	0.0	0.0	0.0	0.0	0.0	0.0001	0.0001	0.0001	0.0	0.0	0.0	0.0	0.0	0.0	0.0	0.0	0.0
0.0	0.0104	0.3399	0.5266	0.0105	0.0106	0.0106	0.0017	0.0033	0.001	0.001	0.001	0.0344	0.0017	0.0017	0.0017	0.0033	0.0033	0.0033	0.001	0.001	0.001	0.0015	0.0007	0.0007	0.0007	0.001	0.001	0.001	0.0006	0.0006	0.0006	0.0016	0.0016	0.0016	0.0007	0.0007	0.0007	0.001	0.001	0.001	0.0006	0.0007	0.0007	0.0007	0.0005	0.0005	0.0005	0.0006	0.0006	0.0006	0.0004	0.0007	0.0007	0.0007	0.0005	0.0006	0.0005	0.0005	0.0005	0.0003	0.0004	0.0005	0.0003
0.0	0.0149	0.1301	0.2039	0.4402	0.0151	0.0151	0.0031	0.0041	0.0079	0.0024	0.0024	0.0081	0.0144	0.0031	0.0031	0.0267	0.0041	0.0041	0.008	0.008	0.0024	0.0022	0.003	0.0014	0.0014	0.0039	0.0017	0.0017	0.0023	0.0023	0.0012	0.006	0.0022	0.0022	0.003	0.003	0.0014	0.0039	0.0039	0.0017	0.0023	0.0022	0.0011	0.0011	0.0014	0.0014	0.0008	0.0017	0.0017	0.0009	0.0012	0.0022	0.0022	0.0011	0.0014	0.0017	0.0011	0.0011	0.0007	0.0008	0.0009	0.0011	0.0006
0.0	0.0143	0.0232	0.0256	0.8382	0.0333	0.0143	0.0007	0.0009	0.0039	0.0005	0.0005	0.0012	0.0062	0.0007	0.0007	0.0103	0.0009	0.0009	0.0039	0.0039	0.0005	0.0004	0.0007	0.0003	0.0003	0.0008	0.0003	0.0003	0.0005	0.0005	0.0002	0.0012	0.0004	0.0004	0.0007	0.0007	0.0003	0.0008	0.0008	0.0003	0.0005	0.0004	0.0002	0.0002	0.0003	0.0003	0.0001	0.0003	0.0003	0.0002	0.0002	0.0004	0.0004	0.0002	0.0003	0.0003	0.0002	0.0002	0.0001	0.0001	0.0002	0.0002	0.0001
0.0	0.0087	0.0092	0.0101	0.9448	0.0088	0.0087	0.0001	0.0001	0.001	0.0001	0.0001	0.0001	0.0015	0.0001	0.0001	0.0023	0.0001	0.0001	0.0011	0.001	0.0001	0.0	0.0001	0.0	0.0	0.0001	0.0	0.0	0.0001	0.0001	0.0	0.0001	0.0	0.0	0.0001	0.0001	0.0	0.0001	0.0001	0.0	0.0001	0.0	0.0	0.0	0.0	0.0	0.0	0.0	0.0	0.0	0.0	0.0	0.0	0.0	0.0	0.0	0.0	0.0	0.0	0.0	0.0	0.0	0.0
0.0	0.0132	0.0179	0.024	0.8515	0.0274	0.0132	0.0007	0.0009	0.004	0.0006	0.0006	0.0013	0.0064	0.0007	0.0007	0.0106	0.0009	0.0009	0.004	0.004	0.0006	0.0004	0.0007	0.0003	0.0003	0.0009	0.0003	0.0003	0.0006	0.0006	0.0002	0.0012	0.0004	0.0004	0.0007	0.0007	0.0003	0.0009	0.0009	0.0003	0.0006	0.0004	0.0002	0.0002	0.0003	0.0003	0.0002	0.0003	0.0003	0.0002	0.0002	0.0004	0.0004	0.0002	0.0003	0.0003	0.0002	0.0002	0.0001	0.0001	0.0002	0.0002	0.0001
0.0	0.0104	0.0113	0.0127	0.9062	0.0398	0.0104	0.0001	0.0001	0.001	0.0001	0.0001	0.0001	0.0014	0.0001	0.0001	0.0022	0.0001	0.0001	0.001	0.001	0.0001	0.0	0.0001	0.0	0.0	0.0001	0.0	0.0	0.0001	0.0001	0.0	0.0001	0.0	0.0	0.0001	0.0001	0.0	0.0001	0.0001	0.0	0.0001	0.0	0.0	0.0	0.0	0.0	0.0	0.0	0.0	0.0	0.0	0.0	0.0	0.0	0.0	0.0	0.0	0.0	0.0	0.0	0.0	0.0	0.0
0.0	0.008	0.008	0.0082	0.9576	0.0082	0.008	0.0	0.0	0.0003	0.0	0.0	0.0	0.0004	0.0	0.0	0.0005	0.0	0.0	0.0003	0.0003	0.0	0.0	0.0	0.0	0.0	0.0	0.0	0.0	0.0	0.0	0.0	0.0	0.0	0.0	0.0	0.0	0.0	0.0	0.0	0.0	0.0	0.0	0.0	0.0	0.0	0.0	0.0	0.0	0.0	0.0	0.0	0.0	0.0	0.0	0.0	0.0	0.0	0.0	0.0	0.0	0.0	0.0	0.0
0.0	0.0089	0.0153	0.0105	0.9376	0.0091	0.0089	0.0001	0.0001	0.001	0.0001	0.0001	0.0001	0.0015	0.0001	0.0001	0.0023	0.0001	0.0001	0.001	0.001	0.0001	0.0	0.0001	0.0	0.0	0.0001	0.0	0.0	0.0001	0.0001	0.0	0.0001	0.0	0.0	0.0001	0.0001	0.0	0.0001	0.0001	0.0	0.0001	0.0	0.0	0.0	0.0	0.0	0.0	0.0	0.0	0.0	0.0	0.0	0.0	0.0	0.0	0.0	0.0	0.0	0.0	0.0	0.0	0.0	0.0
0.0	0.008	0.0081	0.0082	0.9575	0.008	0.008	0.0	0.0	0.0003	0.0	0.0	0.0	0.0004	0.0	0.0	0.0005	0.0	0.0	0.0003	0.0003	0.0	0.0	0.0	0.0	0.0	0.0	0.0	0.0	0.0	0.0	0.0	0.0	0.0	0.0	0.0	0.0	0.0	0.0	0.0	0.0	0.0	0.0	0.0	0.0	0.0	0.0	0.0	0.0	0.0	0.0	0.0	0.0	0.0	0.0	0.0	0.0	0.0	0.0	0.0	0.0	0.0	0.0	0.0
0.0	0.1428	0.1746	0.1706	0.1682	0.1682	0.1698	0.0002	0.0001	0.0001	0.0001	0.0001	0.0002	0.0002	0.0002	0.0002	0.0001	0.0001	0.0001	0.0001	0.0001	0.0001	0.0001	0.0001	0.0001	0.0001	0.0001	0.0001	0.0001	0.0001	0.0001	0.0001	0.0001	0.0001	0.0001	0.0001	0.0001	0.0001	0.0001	0.0001	0.0001	0.0001	0.0001	0.0001	0.0001	0.0001	0.0001	0.0001	0.0001	0.0001	0.0001	0.0001	0.0001	0.0001	0.0001	0.0001	0.0001	0.0001	0.0001	0.0001	0.0001	0.0001	0.0001	0.0001
0.0	0.8653	0.02	0.0198	0.0196	0.0196	0.0197	0.0043	0.0043	0.0042	0.0042	0.0042	0.0005	0.0004	0.0004	0.0004	0.0004	0.0004	0.0004	0.0004	0.0004	0.0004	0.0004	0.0004	0.0004	0.0004	0.0004	0.0004	0.0004	0.0004	0.0004	0.0004	0.0002	0.0002	0.0002	0.0002	0.0002	0.0002	0.0002	0.0002	0.0002	0.0002	0.0002	0.0002	0.0002	0.0002	0.0002	0.0002	0.0002	0.0002	0.0002	0.0002	0.0002	0.0002	0.0002	0.0002	0.0002	0.0002	0.0002	0.0002	0.0002	0.0002	0.0001	0.0001
0.0	0.9457	0.0122	0.0089	0.0088	0.0088	0.0088	0.0011	0.001	0.001	0.001	0.001	0.0001	0.0001	0.0001	0.0001	0.0001	0.0001	0.0001	0.0001	0.0001	0.0001	0.0001	0.0001	0.0001	0.0001	0.0001	0.0001	0.0001	0.0001	0.0001	0.0001	0.0	0.0	0.0	0.0	0.0	0.0	0.0	0.0	0.0	0.0	0.0	0.0	0.0	0.0	0.0	0.0	0.0	0.0	0.0	0.0	0.0	0.0	0.0	0.0	0.0	0.0	0.0	0.0	0.0	0.0	0.0	0.0
0.0	0.3796	0.0137	0.0124	0.4246	0.0124	0.0124	0.0029	0.0029	0.0479	0.0029	0.0029	0.0018	0.0055	0.0018	0.0018	0.0053	0.0018	0.0018	0.0053	0.0053	0.0018	0.0013	0.0025	0.0013	0.0013	0.0025	0.0013	0.0013	0.0025	0.0025	0.0013	0.0017	0.001	0.001	0.0017	0.0017	0.001	0.0017	0.0017	0.001	0.0017	0.0013	0.0008	0.0008	0.0013	0.0013	0.0008	0.0013	0.0013	0.0008	0.0013	0.001	0.001	0.0007	0.001	0.001	0.0008	0.0008	0.0006	0.0008	0.0008	0.0007	0.0006
0.0	0.1059	0.3113	0.0202	0.1247	0.0206	0.0206	0.0432	0.0067	0.0137	0.0067	0.0067	0.0151	0.0545	0.0152	0.0152	0.0078	0.0052	0.0052	0.0079	0.0079	0.0052	0.0064	0.0119	0.0064	0.0064	0.0047	0.0036	0.0036	0.0047	0.0047	0.0036	0.0074	0.005	0.005	0.0074	0.0074	0.005	0.0039	0.0039	0.0031	0.0039	0.0046	0.0035	0.0035	0.0046	0.0046	0.0035	0.003	0.003	0.0025	0.003	0.0039	0.0039	0.0031	0.0039	0.0027	0.003	0.003	0.0025	0.003	0.0024	0.0027	0.0023
0.0	0.3348	0.4905	0.012	0.012	0.012	0.012	0.042	0.0025	0.0025	0.0025	0.0025	0.0047	0.0047	0.0047	0.0047	0.0015	0.0015	0.0015	0.0015	0.0015	0.0015	0.0022	0.0022	0.0022	0.0022	0.0011	0.0011	0.0011	0.0011	0.0011	0.0011	0.0015	0.0015	0.0015	0.0015	0.0015	0.0015	0.0009	0.0009	0.0009	0.0009	0.0011	0.0011	0.0011	0.0011	0.0011	0.0011	0.0007	0.0007	0.0007	0.0007	0.0009	0.0009	0.0009	0.0009	0.0006	0.0007	0.0007	0.0007	0.0007	0.0005	0.0006	0.0005
0.0	0.1021	0.1493	0.0195	0.3514	0.0195	0.0195	0.0118	0.0056	0.0341	0.0056	0.0056	0.0069	0.051	0.0069	0.0069	0.0134	0.0045	0.0045	0.0134	0.0134	0.0045	0.004	0.01	0.0039	0.0039	0.0053	0.003	0.003	0.0053	0.0053	0.003	0.0064	0.0033	0.0033	0.0064	0.0064	0.0033	0.0043	0.0043	0.0026	0.0043	0.0039	0.0024	0.0024	0.0039	0.0039	0.0024	0.0029	0.0029	0.002	0.0029	0.0033	0.0033	0.0022	0.0033	0.0026	0.0024	0.0024	0.0018	0.0024	0.002	0.0021	0.0018
0.0	0.0237	0.0313	0.0139	0.7937	0.0139	0.0139	0.0026	0.0015	0.0155	0.0015	0.0015	0.0018	0.0223	0.0018	0.0018	0.0072	0.0012	0.0012	0.0072	0.0072	0.0012	0.0008	0.0025	0.0008	0.0008	0.0014	0.0006	0.0006	0.0014	0.0014	0.0006	0.0017	0.0007	0.0007	0.0017	0.0017	0.0007	0.0012	0.0012	0.0006	0.0012	0.0008	0.0005	0.0005	0.0008	0.0008	0.0005	0.0006	0.0006	0.0004	0.0006	0.0007	0.0007	0.0004	0.0007	0.0006	0.0005	0.0005	0.0003	0.0005	0.0004	0.0004	0.0003
0.0	0.243	0.3138	0.0202	0.3114	0.0201	0.0202	0.0138	0.0015	0.0136	0.0015	0.0015	0.0018	0.0029	0.0018	0.0018	0.0018	0.0008	0.0008	0.0018	0.0018	0.0008	0.0009	0.0013	0.0009	0.0009	0.0009	0.0006	0.0006	0.0009	0.0009	0.0006	0.0008	0.0006	0.0006	0.0008	0.0008	0.0006	0.0006	0.0006	0.0004	0.0006	0.0006	0.0004	0.0004	0.0006	0.0006	0.0004	0.0004	0.0004	0.0003	0.0004	0.0004	0.0004	0.0003	0.0004	0.0003	0.0003	0.0003	0.0003	0.0003	0.0003	0.0003	0.0002
0.0	0.8457	0.0288	0.0111	0.0286	0.0111	0.0111	0.0132	0.0037	0.0131	0.0037	0.0037	0.0009	0.0011	0.0009	0.0009	0.0009	0.0006	0.0006	0.0009	0.0009	0.0006	0.0008	0.0011	0.0008	0.0008	0.0008	0.0006	0.0006	0.0008	0.0008	0.0006	0.0004	0.0004	0.0004	0.0004	0.0004	0.0004	0.0004	0.0004	0.0003	0.0004	0.0004	0.0004	0.0004	0.0004	0.0004	0.0004	0.0004	0.0004	0.0003	0.0004	0.0003	0.0003	0.0002	0.0003	0.0002	0.0003	0.0003	0.0002	0.0003	0.0002	0.0002	0.0002
0.0	0.593	0.2842	0.0164	0.03	0.0164	0.0164	0.0092	0.0022	0.0075	0.0022	0.0022	0.0011	0.0016	0.0011	0.0011	0.0006	0.0004	0.0004	0.0006	0.0006	0.0004	0.0006	0.0007	0.0006	0.0006	0.0005	0.0004	0.0004	0.0005	0.0005	0.0004	0.0003	0.0003	0.0003	0.0003	0.0003	0.0003	0.0003	0.0003	0.0002	0.0003	0.0003	0.0003	0.0003	0.0003	0.0003	0.0003	0.0002	0.0002	0.0002	0.0002	0.0002	0.0002	0.0002	0.0002	0.0002	0.0002	0.0002	0.0002	0.0002	0.0002	0.0001	0.0001
0.0	0.9282	0.015	0.0093	0.0109	0.0093	0.0093	0.004	0.0017	0.0031	0.0017	0.0017	0.0002	0.0002	0.0002	0.0002	0.0002	0.0001	0.0001	0.0002	0.0002	0.0001	0.0002	0.0002	0.0002	0.0002	0.0002	0.0001	0.0001	0.0002	0.0002	0.0001	0.0001	0.0001	0.0001	0.0001	0.0001	0.0001	0.0001	0.0001	0.0001	0.0001	0.0001	0.0001	0.0001	0.0001	0.0001	0.0001	0.0001	0.0001	0.0001	0.0001	0.0001	0.0001	0.0001	0.0001	0.0	0.0001	0.0001	0.0001	0.0001	0.0	0.0	0.0
0.0	0.9319	0.0103	0.0098	0.0101	0.0098	0.0098	0.0028	0.0023	0.0026	0.0023	0.0023	0.0002	0.0002	0.0002	0.0002	0.0002	0.0002	0.0002	0.0002	0.0002	0.0002	0.0002	0.0002	0.0002	0.0002	0.0002	0.0002	0.0002	0.0002	0.0002	0.0002	0.0001	0.0001	0.0001	0.0001	0.0001	0.0001	0.0001	0.0001	0.0001	0.0001	0.0001	0.0001	0.0001	0.0001	0.0001	0.0001	0.0001	0.0001	0.0001	0.0001	0.0001	0.0001	0.0001	0.0001	0.0001	0.0001	0.0001	0.0001	0.0001	0.0001	0.0	0.0
0.0	0.9282	0.015	0.0093	0.0109	0.0093	0.0093	0.004	0.0017	0.0031	0.0017	0.0017	0.0002	0.0002	0.0002	0.0002	0.0002	0.0001	0.0001	0.0002	0.0002	0.0001	0.0002	0.0002	0.0002	0.0002	0.0002	0.0001	0.0001	0.0002	0.0002	0.0001	0.0001	0.0001	0.0001	0.0001	0.0001	0.0001	0.0001	0.0001	0.0001	0.0001	0.0001	0.0001	0.0001	0.0001	0.0001	0.0001	0.0001	0.0001	0.0001	0.0001	0.0001	0.0001	0.0001	0.0001	0.0	0.0001	0.0001	0.0001	0.0001	0.0	0.0	0.0
0.0	0.9383	0.0098	0.0094	0.0096	0.0094	0.0094	0.0022	0.0018	0.0021	0.0018	0.0018	0.0001	0.0001	0.0001	0.0001	0.0001	0.0001	0.0001	0.0001	0.0001	0.0001	0.0001	0.0001	0.0001	0.0001	0.0001	0.0001	0.0001	0.0001	0.0001	0.0001	0.0001	0.0001	0.0001	0.0001	0.0001	0.0001	0.0001	0.0001	0.0001	0.0001	0.0001	0.0001	0.0001	0.0001	0.0001	0.0001	0.0001	0.0001	0.0001	0.0001	0.0	0.0	0.0	0.0	0.0	0.0	0.0	0.0	0.0	0.0	0.0	0.0
0.0	0.949	0.0087	0.0087	0.0087	0.0087	0.0087	0.0011	0.0011	0.0011	0.0011	0.0011	0.0001	0.0001	0.0001	0.0001	0.0001	0.0001	0.0001	0.0001	0.0001	0.0001	0.0001	0.0001	0.0001	0.0001	0.0001	0.0001	0.0001	0.0001	0.0001	0.0001	0.0	0.0	0.0	0.0	0.0	0.0	0.0	0.0	0.0	0.0	0.0	0.0	0.0	0.0	0.0	0.0	0.0	0.0	0.0	0.0	0.0	0.0	0.0	0.0	0.0	0.0	0.0	0.0	0.0	0.0	0.0	0.0
0.0	0.9514	0.0085	0.0085	0.0085	0.0085	0.0085	0.0009	0.0009	0.0009	0.0009	0.0009	0.0001	0.0001	0.0001	0.0001	0.0001	0.0001	0.0001	0.0001	0.0001	0.0001	0.0001	0.0001	0.0001	0.0001	0.0001	0.0001	0.0001	0.0001	0.0001	0.0001	0.0	0.0	0.0	0.0	0.0	0.0	0.0	0.0	0.0	0.0	0.0	0.0	0.0	0.0	0.0	0.0	0.0	0.0	0.0	0.0	0.0	0.0	0.0	0.0	0.0	0.0	0.0	0.0	0.0	0.0	0.0	0.0
0.0	0.9592	0.0079	0.0079	0.0079	0.0079	0.0079	0.0002	0.0002	0.0002	0.0002	0.0002	0.0	0.0	0.0	0.0	0.0	0.0	0.0	0.0	0.0	0.0	0.0	0.0	0.0	0.0	0.0	0.0	0.0	0.0	0.0	0.0	0.0	0.0	0.0	0.0	0.0	0.0	0.0	0.0	0.0	0.0	0.0	0.0	0.0	0.0	0.0	0.0	0.0	0.0	0.0	0.0	0.0	0.0	0.0	0.0	0.0	0.0	0.0	0.0	0.0	0.0	0.0	0.0
0.0	0.949	0.0087	0.0087	0.0087	0.0087	0.0087	0.0011	0.0011	0.0011	0.0011	0.0011	0.0001	0.0001	0.0001	0.0001	0.0001	0.0001	0.0001	0.0001	0.0001	0.0001	0.0001	0.0001	0.0001	0.0001	0.0001	0.0001	0.0001	0.0001	0.0001	0.0001	0.0	0.0	0.0	0.0	0.0	0.0	0.0	0.0	0.0	0.0	0.0	0.0	0.0	0.0	0.0	0.0	0.0	0.0	0.0	0.0	0.0	0.0	0.0	0.0	0.0	0.0	0.0	0.0	0.0	0.0	0.0	0.0
0.0	0.9583	0.008	0.008	0.008	0.008	0.008	0.0003	0.0003	0.0003	0.0003	0.0003	0.0	0.0	0.0	0.0	0.0	0.0	0.0	0.0	0.0	0.0	0.0	0.0	0.0	0.0	0.0	0.0	0.0	0.0	0.0	0.0	0.0	0.0	0.0	0.0	0.0	0.0	0.0	0.0	0.0	0.0	0.0	0.0	0.0	0.0	0.0	0.0	0.0	0.0	0.0	0.0	0.0	0.0	0.0	0.0	0.0	0.0	0.0	0.0	0.0	0.0	0.0	0.0
0.0	0.9608	0.0078	0.0078	0.0078	0.0078	0.0078	0.0001	0.0001	0.0001	0.0001	0.0001	0.0	0.0	0.0	0.0	0.0	0.0	0.0	0.0	0.0	0.0	0.0	0.0	0.0	0.0	0.0	0.0	0.0	0.0	0.0	0.0	0.0	0.0	0.0	0.0	0.0	0.0	0.0	0.0	0.0	0.0	0.0	0.0	0.0	0.0	0.0	0.0	0.0	0.0	0.0	0.0	0.0	0.0	0.0	0.0	0.0	0.0	0.0	0.0	0.0	0.0	0.0	0.0
0.0	0.9551	0.0082	0.0082	0.0082	0.0082	0.0082	0.0005	0.0005	0.0005	0.0005	0.0005	0.0	0.0	0.0	0.0	0.0	0.0	0.0	0.0	0.0	0.0	0.0	0.0	0.0	0.0	0.0	0.0	0.0	0.0	0.0	0.0	0.0	0.0	0.0	0.0	0.0	0.0	0.0	0.0	0.0	0.0	0.0	0.0	0.0	0.0	0.0	0.0	0.0	0.0	0.0	0.0	0.0	0.0	0.0	0.0	0.0	0.0	0.0	0.0	0.0	0.0	0.0	0.0
0.0	0.9579	0.008	0.008	0.008	0.008	0.008	0.0003	0.0003	0.0003	0.0003	0.0003	0.0	0.0	0.0	0.0	0.0	0.0	0.0	0.0	0.0	0.0	0.0	0.0	0.0	0.0	0.0	0.0	0.0	0.0	0.0	0.0	0.0	0.0	0.0	0.0	0.0	0.0	0.0	0.0	0.0	0.0	0.0	0.0	0.0	0.0	0.0	0.0	0.0	0.0	0.0	0.0	0.0	0.0	0.0	0.0	0.0	0.0	0.0	0.0	0.0	0.0	0.0	0.0
0.0	0.9595	0.0079	0.0079	0.0079	0.0079	0.0079	0.0002	0.0002	0.0002	0.0002	0.0002	0.0	0.0	0.0	0.0	0.0	0.0	0.0	0.0	0.0	0.0	0.0	0.0	0.0	0.0	0.0	0.0	0.0	0.0	0.0	0.0	0.0	0.0	0.0	0.0	0.0	0.0	0.0	0.0	0.0	0.0	0.0	0.0	0.0	0.0	0.0	0.0	0.0	0.0	0.0	0.0	0.0	0.0	0.0	0.0	0.0	0.0	0.0	0.0	0.0	0.0	0.0	0.0
0.0	0.9608	0.0078	0.0078	0.0078	0.0078	0.0078	0.0001	0.0001	0.0001	0.0001	0.0001	0.0	0.0	0.0	0.0	0.0	0.0	0.0	0.0	0.0	0.0	0.0	0.0	0.0	0.0	0.0	0.0	0.0	0.0	0.0	0.0	0.0	0.0	0.0	0.0	0.0	0.0	0.0	0.0	0.0	0.0	0.0	0.0	0.0	0.0	0.0	0.0	0.0	0.0	0.0	0.0	0.0	0.0	0.0	0.0	0.0	0.0	0.0	0.0	0.0	0.0	0.0	0.0
0.0	0.9608	0.0077	0.0077	0.0077	0.0077	0.0077	0.0001	0.0001	0.0001	0.0001	0.0001	0.0	0.0	0.0	0.0	0.0	0.0	0.0	0.0	0.0	0.0	0.0	0.0	0.0	0.0	0.0	0.0	0.0	0.0	0.0	0.0	0.0	0.0	0.0	0.0	0.0	0.0	0.0	0.0	0.0	0.0	0.0	0.0	0.0	0.0	0.0	0.0	0.0	0.0	0.0	0.0	0.0	0.0	0.0	0.0	0.0	0.0	0.0	0.0	0.0	0.0	0.0	0.0
0.0	0.9566	0.0081	0.0081	0.0081	0.0081	0.0081	0.0004	0.0004	0.0004	0.0004	0.0004	0.0	0.0	0.0	0.0	0.0	0.0	0.0	0.0	0.0	0.0	0.0	0.0	0.0	0.0	0.0	0.0	0.0	0.0	0.0	0.0	0.0	0.0	0.0	0.0	0.0	0.0	0.0	0.0	0.0	0.0	0.0	0.0	0.0	0.0	0.0	0.0	0.0	0.0	0.0	0.0	0.0	0.0	0.0	0.0	0.0	0.0	0.0	0.0	0.0	0.0	0.0	0.0
0.0	0.9588	0.0079	0.0079	0.0079	0.0079	0.0079	0.0002	0.0002	0.0002	0.0002	0.0002	0.0	0.0	0.0	0.0	0.0	0.0	0.0	0.0	0.0	0.0	0.0	0.0	0.0	0.0	0.0	0.0	0.0	0.0	0.0	0.0	0.0	0.0	0.0	0.0	0.0	0.0	0.0	0.0	0.0	0.0	0.0	0.0	0.0	0.0	0.0	0.0	0.0	0.0	0.0	0.0	0.0	0.0	0.0	0.0	0.0	0.0	0.0	0.0	0.0	0.0	0.0	0.0
0.0	0.9566	0.0081	0.0081	0.0081	0.0081	0.0081	0.0004	0.0004	0.0004	0.0004	0.0004	0.0	0.0	0.0	0.0	0.0	0.0	0.0	0.0	0.0	0.0	0.0	0.0	0.0	0.0	0.0	0.0	0.0	0.0	0.0	0.0	0.0	0.0	0.0	0.0	0.0	0.0	0.0	0.0	0.0	0.0	0.0	0.0	0.0	0.0	0.0	0.0	0.0	0.0	0.0	0.0	0.0	0.0	0.0	0.0	0.0	0.0	0.0	0.0	0.0	0.0	0.0	0.0
0.0	0.2249	0.5311	0.0256	0.1401	0.0254	0.0255	0.0028	0.001	0.0014	0.001	0.001	0.0022	0.0026	0.0022	0.0022	0.0007	0.0003	0.0003	0.0007	0.0007	0.0003	0.0003	0.0003	0.0003	0.0003	0.0002	0.0002	0.0002	0.0002	0.0002	0.0002	0.0003	0.0003	0.0003	0.0003	0.0003	0.0002	0.0002	0.0002	0.0002	0.0002	0.0002	0.0002	0.0002	0.0002	0.0002	0.0002	0.0001	0.0001	0.0001	0.0001	0.0002	0.0002	0.0001	0.0002	0.0001	0.0001	0.0001	0.0001	0.0001	0.0001	0.0001	0.0001
0.0	0.8453	0.0347	0.0126	0.0176	0.0126	0.0126	0.0121	0.005	0.0066	0.005	0.005	0.0011	0.0011	0.0011	0.0011	0.0008	0.0008	0.0008	0.0008	0.0008	0.0008	0.001	0.001	0.001	0.001	0.0008	0.0007	0.0007	0.0008	0.0008	0.0007	0.0005	0.0005	0.0005	0.0005	0.0005	0.0005	0.0004	0.0004	0.0004	0.0004	0.0005	0.0005	0.0005	0.0005	0.0005	0.0005	0.0004	0.0004	0.0004	0.0004	0.0003	0.0003	0.0003	0.0003	0.0003	0.0003	0.0003	0.0003	0.0003	0.0003	0.0003	0.0003
0.0	0.9378	0.0108	0.0092	0.0096	0.0092	0.0092	0.003	0.0016	0.002	0.0016	0.0016	0.0002	0.0002	0.0002	0.0002	0.0001	0.0001	0.0001	0.0001	0.0001	0.0001	0.0002	0.0002	0.0002	0.0002	0.0001	0.0001	0.0001	0.0001	0.0001	0.0001	0.0001	0.0001	0.0001	0.0001	0.0001	0.0001	0.0001	0.0001	0.0001	0.0001	0.0001	0.0001	0.0001	0.0001	0.0001	0.0001	0.0001	0.0001	0.0001	0.0001	0.0	0.0	0.0	0.0	0.0	0.0	0.0	0.0	0.0	0.0	0.0	0.0
0.0	0.9325	0.0101	0.0099	0.0099	0.0099	0.0099	0.0026	0.0024	0.0024	0.0024	0.0024	0.0002	0.0002	0.0002	0.0002	0.0002	0.0002	0.0002	0.0002	0.0002	0.0002	0.0002	0.0002	0.0002	0.0002	0.0002	0.0002	0.0002	0.0002	0.0002	0.0002	0.0001	0.0001	0.0001	0.0001	0.0001	0.0001	0.0001	0.0001	0.0001	0.0001	0.0001	0.0001	0.0001	0.0001	0.0001	0.0001	0.0001	0.0001	0.0001	0.0001	0.0001	0.0001	0.0001	0.0001	0.0001	0.0001	0.0001	0.0001	0.0001	0.0001	0.0	0.0
0.0	0.9325	0.0101	0.0099	0.0099	0.0099	0.0099	0.0026	0.0024	0.0024	0.0024	0.0024	0.0002	0.0002	0.0002	0.0002	0.0002	0.0002	0.0002	0.0002	0.0002	0.0002	0.0002	0.0002	0.0002	0.0002	0.0002	0.0002	0.0002	0.0002	0.0002	0.0002	0.0001	0.0001	0.0001	0.0001	0.0001	0.0001	0.0001	0.0001	0.0001	0.0001	0.0001	0.0001	0.0001	0.0001	0.0001	0.0001	0.0001	0.0001	0.0001	0.0001	0.0001	0.0001	0.0001	0.0001	0.0001	0.0001	0.0001	0.0001	0.0001	0.0001	0.0	0.0
0.0	0.9377	0.0108	0.0092	0.0096	0.0092	0.0092	0.003	0.0016	0.002	0.0016	0.0016	0.0002	0.0002	0.0002	0.0002	0.0001	0.0001	0.0001	0.0001	0.0001	0.0001	0.0002	0.0002	0.0002	0.0002	0.0001	0.0001	0.0001	0.0001	0.0001	0.0001	0.0001	0.0001	0.0001	0.0001	0.0001	0.0001	0.0001	0.0001	0.0001	0.0001	0.0001	0.0001	0.0001	0.0001	0.0001	0.0001	0.0001	0.0001	0.0001	0.0001	0.0	0.0	0.0	0.0	0.0	0.0	0.0	0.0	0.0	0.0	0.0	0.0
0.0	0.9567	0.0083	0.008	0.0081	0.008	0.008	0.0006	0.0004	0.0004	0.0004	0.0004	0.0	0.0	0.0	0.0	0.0	0.0	0.0	0.0	0.0	0.0	0.0	0.0	0.0	0.0	0.0	0.0	0.0	0.0	0.0	0.0	0.0	0.0	0.0	0.0	0.0	0.0	0.0	0.0	0.0	0.0	0.0	0.0	0.0	0.0	0.0	0.0	0.0	0.0	0.0	0.0	0.0	0.0	0.0	0.0	0.0	0.0	0.0	0.0	0.0	0.0	0.0	0.0
0.0	0.9513	0.0085	0.0085	0.0085	0.0085	0.0085	0.0009	0.0009	0.0009	0.0009	0.0009	0.0001	0.0001	0.0001	0.0001	0.0001	0.0001	0.0001	0.0001	0.0001	0.0001	0.0001	0.0001	0.0001	0.0001	0.0001	0.0001	0.0001	0.0001	0.0001	0.0001	0.0	0.0	0.0	0.0	0.0	0.0	0.0	0.0	0.0	0.0	0.0	0.0	0.0	0.0	0.0	0.0	0.0	0.0	0.0	0.0	0.0	0.0	0.0	0.0	0.0	0.0	0.0	0.0	0.0	0.0	0.0	0.0
0.0	0.9513	0.0085	0.0085	0.0085	0.0085	0.0085	0.0009	0.0009	0.0009	0.0009	0.0009	0.0001	0.0001	0.0001	0.0001	0.0001	0.0001	0.0001	0.0001	0.0001	0.0001	0.0001	0.0001	0.0001	0.0001	0.0001	0.0001	0.0001	0.0001	0.0001	0.0001	0.0	0.0	0.0	0.0	0.0	0.0	0.0	0.0	0.0	0.0	0.0	0.0	0.0	0.0	0.0	0.0	0.0	0.0	0.0	0.0	0.0	0.0	0.0	0.0	0.0	0.0	0.0	0.0	0.0	0.0	0.0	0.0
0.0	0.9529	0.0084	0.0084	0.0084	0.0084	0.0084	0.0007	0.0007	0.0007	0.0007	0.0007	0.0	0.0	0.0	0.0	0.0	0.0	0.0	0.0	0.0	0.0	0.0	0.0	0.0	0.0	0.0	0.0	0.0	0.0	0.0	0.0	0.0	0.0	0.0	0.0	0.0	0.0	0.0	0.0	0.0	0.0	0.0	0.0	0.0	0.0	0.0	0.0	0.0	0.0	0.0	0.0	0.0	0.0	0.0	0.0	0.0	0.0	0.0	0.0	0.0	0.0	0.0	0.0
0.0	0.9569	0.0081	0.0081	0.0081	0.0081	0.0081	0.0004	0.0004	0.0004	0.0004	0.0004	0.0	0.0	0.0	0.0	0.0	0.0	0.0	0.0	0.0	0.0	0.0	0.0	0.0	0.0	0.0	0.0	0.0	0.0	0.0	0.0	0.0	0.0	0.0	0.0	0.0	0.0	0.0	0.0	0.0	0.0	0.0	0.0	0.0	0.0	0.0	0.0	0.0	0.0	0.0	0.0	0.0	0.0	0.0	0.0	0.0	0.0	0.0	0.0	0.0	0.0	0.0	0.0
0.0	0.9582	0.008	0.008	0.008	0.008	0.008	0.0003	0.0003	0.0003	0.0003	0.0003	0.0	0.0	0.0	0.0	0.0	0.0	0.0	0.0	0.0	0.0	0.0	0.0	0.0	0.0	0.0	0.0	0.0	0.0	0.0	0.0	0.0	0.0	0.0	0.0	0.0	0.0	0.0	0.0	0.0	0.0	0.0	0.0	0.0	0.0	0.0	0.0	0.0	0.0	0.0	0.0	0.0	0.0	0.0	0.0	0.0	0.0	0.0	0.0	0.0	0.0	0.0	0.0
0.0	0.9582	0.008	0.008	0.008	0.008	0.008	0.0003	0.0003	0.0003	0.0003	0.0003	0.0	0.0	0.0	0.0	0.0	0.0	0.0	0.0	0.0	0.0	0.0	0.0	0.0	0.0	0.0	0.0	0.0	0.0	0.0	0.0	0.0	0.0	0.0	0.0	0.0	0.0	0.0	0.0	0.0	0.0	0.0	0.0	0.0	0.0	0.0	0.0	0.0	0.0	0.0	0.0	0.0	0.0	0.0	0.0	0.0	0.0	0.0	0.0	0.0	0.0	0.0	0.0
0.0	0.9606	0.0078	0.0078	0.0078	0.0078	0.0078	0.0001	0.0001	0.0001	0.0001	0.0001	0.0	0.0	0.0	0.0	0.0	0.0	0.0	0.0	0.0	0.0	0.0	0.0	0.0	0.0	0.0	0.0	0.0	0.0	0.0	0.0	0.0	0.0	0.0	0.0	0.0	0.0	0.0	0.0	0.0	0.0	0.0	0.0	0.0	0.0	0.0	0.0	0.0	0.0	0.0	0.0	0.0	0.0	0.0	0.0	0.0	0.0	0.0	0.0	0.0	0.0	0.0	0.0
0.0	0.9575	0.008	0.008	0.008	0.008	0.008	0.0003	0.0003	0.0003	0.0003	0.0003	0.0	0.0	0.0	0.0	0.0	0.0	0.0	0.0	0.0	0.0	0.0	0.0	0.0	0.0	0.0	0.0	0.0	0.0	0.0	0.0	0.0	0.0	0.0	0.0	0.0	0.0	0.0	0.0	0.0	0.0	0.0	0.0	0.0	0.0	0.0	0.0	0.0	0.0	0.0	0.0	0.0	0.0	0.0	0.0	0.0	0.0	0.0	0.0	0.0	0.0	0.0	0.0
0.0	0.9606	0.0078	0.0078	0.0078	0.0078	0.0078	0.0001	0.0001	0.0001	0.0001	0.0001	0.0	0.0	0.0	0.0	0.0	0.0	0.0	0.0	0.0	0.0	0.0	0.0	0.0	0.0	0.0	0.0	0.0	0.0	0.0	0.0	0.0	0.0	0.0	0.0	0.0	0.0	0.0	0.0	0.0	0.0	0.0	0.0	0.0	0.0	0.0	0.0	0.0	0.0	0.0	0.0	0.0	0.0	0.0	0.0	0.0	0.0	0.0	0.0	0.0	0.0	0.0	0.0
0.0	0.9613	0.0077	0.0077	0.0077	0.0077	0.0077	0.0	0.0	0.0	0.0	0.0	0.0	0.0	0.0	0.0	0.0	0.0	0.0	0.0	0.0	0.0	0.0	0.0	0.0	0.0	0.0	0.0	0.0	0.0	0.0	0.0	0.0	0.0	0.0	0.0	0.0	0.0	0.0	0.0	0.0	0.0	0.0	0.0	0.0	0.0	0.0	0.0	0.0	0.0	0.0	0.0	0.0	0.0	0.0	0.0	0.0	0.0	0.0	0.0	0.0	0.0	0.0	0.0
0.0	0.9613	0.0077	0.0077	0.0077	0.0077	0.0077	0.0	0.0	0.0	0.0	0.0	0.0	0.0	0.0	0.0	0.0	0.0	0.0	0.0	0.0	0.0	0.0	0.0	0.0	0.0	0.0	0.0	0.0	0.0	0.0	0.0	0.0	0.0	0.0	0.0	0.0	0.0	0.0	0.0	0.0	0.0	0.0	0.0	0.0	0.0	0.0	0.0	0.0	0.0	0.0	0.0	0.0	0.0	0.0	0.0	0.0	0.0	0.0	0.0	0.0	0.0	0.0	0.0
0.0	0.9588	0.0079	0.0079	0.0079	0.0079	0.0079	0.0002	0.0002	0.0002	0.0002	0.0002	0.0	0.0	0.0	0.0	0.0	0.0	0.0	0.0	0.0	0.0	0.0	0.0	0.0	0.0	0.0	0.0	0.0	0.0	0.0	0.0	0.0	0.0	0.0	0.0	0.0	0.0	0.0	0.0	0.0	0.0	0.0	0.0	0.0	0.0	0.0	0.0	0.0	0.0	0.0	0.0	0.0	0.0	0.0	0.0	0.0	0.0	0.0	0.0	0.0	0.0	0.0	0.0
0.0	0.9604	0.0078	0.0078	0.0078	0.0078	0.0078	0.0001	0.0001	0.0001	0.0001	0.0001	0.0	0.0	0.0	0.0	0.0	0.0	0.0	0.0	0.0	0.0	0.0	0.0	0.0	0.0	0.0	0.0	0.0	0.0	0.0	0.0	0.0	0.0	0.0	0.0	0.0	0.0	0.0	0.0	0.0	0.0	0.0	0.0	0.0	0.0	0.0	0.0	0.0	0.0	0.0	0.0	0.0	0.0	0.0	0.0	0.0	0.0	0.0	0.0	0.0	0.0	0.0	0.0
0.0	0.8452	0.0347	0.0126	0.0176	0.0126	0.0127	0.012	0.005	0.0066	0.005	0.005	0.0011	0.0011	0.0011	0.0011	0.0008	0.0008	0.0008	0.0008	0.0008	0.0008	0.001	0.001	0.001	0.001	0.0008	0.0007	0.0007	0.0008	0.0008	0.0007	0.0005	0.0005	0.0005	0.0005	0.0005	0.0005	0.0004	0.0004	0.0004	0.0004	0.0005	0.0005	0.0005	0.0005	0.0005	0.0005	0.0004	0.0004	0.0004	0.0004	0.0003	0.0003	0.0003	0.0003	0.0003	0.0003	0.0003	0.0003	0.0003	0.0003	0.0003	0.0003
0.0	0.94	0.0106	0.009	0.0094	0.009	0.009	0.0028	0.0015	0.0018	0.0015	0.0015	0.0001	0.0001	0.0001	0.0001	0.0001	0.0001	0.0001	0.0001	0.0001	0.0001	0.0001	0.0001	0.0001	0.0001	0.0001	0.0001	0.0001	0.0001	0.0001	0.0001	0.0001	0.0001	0.0001	0.0001	0.0001	0.0001	0.0001	0.0001	0.0001	0.0001	0.0001	0.0001	0.0001	0.0001	0.0001	0.0001	0.0001	0.0001	0.0	0.0001	0.0	0.0	0.0	0.0	0.0	0.0	0.0	0.0	0.0	0.0	0.0	0.0
0.0	0.94	0.0106	0.009	0.0094	0.009	0.009	0.0028	0.0015	0.0018	0.0015	0.0015	0.0001	0.0001	0.0001	0.0001	0.0001	0.0001	0.0001	0.0001	0.0001	0.0001	0.0001	0.0001	0.0001	0.0001	0.0001	0.0001	0.0001	0.0001	0.0001	0.0001	0.0001	0.0001	0.0001	0.0001	0.0001	0.0001	0.0001	0.0001	0.0001	0.0001	0.0001	0.0001	0.0001	0.0001	0.0001	0.0001	0.0001	0.0001	0.0	0.0001	0.0	0.0	0.0	0.0	0.0	0.0	0.0	0.0	0.0	0.0	0.0	0.0
0.0	0.9544	0.0085	0.0082	0.0083	0.0082	0.0082	0.0008	0.0006	0.0006	0.0006	0.0006	0.0	0.0	0.0	0.0	0.0	0.0	0.0	0.0	0.0	0.0	0.0	0.0	0.0	0.0	0.0	0.0	0.0	0.0	0.0	0.0	0.0	0.0	0.0	0.0	0.0	0.0	0.0	0.0	0.0	0.0	0.0	0.0	0.0	0.0	0.0	0.0	0.0	0.0	0.0	0.0	0.0	0.0	0.0	0.0	0.0	0.0	0.0	0.0	0.0	0.0	0.0	0.0
0.0	0.9501	0.0086	0.0086	0.0086	0.0086	0.0086	0.001	0.001	0.001	0.001	0.001	0.0001	0.0001	0.0001	0.0001	0.0001	0.0001	0.0001	0.0001	0.0001	0.0001	0.0001	0.0001	0.0001	0.0001	0.0001	0.0001	0.0001	0.0001	0.0001	0.0001	0.0	0.0	0.0	0.0	0.0	0.0	0.0	0.0	0.0	0.0	0.0	0.0	0.0	0.0	0.0	0.0	0.0	0.0	0.0	0.0	0.0	0.0	0.0	0.0	0.0	0.0	0.0	0.0	0.0	0.0	0.0	0.0
0.0	0.9524	0.0084	0.0084	0.0084	0.0084	0.0084	0.0008	0.0008	0.0008	0.0008	0.0008	0.0	0.0	0.0	0.0	0.0	0.0	0.0	0.0	0.0	0.0	0.0	0.0	0.0	0.0	0.0	0.0	0.0	0.0	0.0	0.0	0.0	0.0	0.0	0.0	0.0	0.0	0.0	0.0	0.0	0.0	0.0	0.0	0.0	0.0	0.0	0.0	0.0	0.0	0.0	0.0	0.0	0.0	0.0	0.0	0.0	0.0	0.0	0.0	0.0	0.0	0.0	0.0
0.0	0.9577	0.008	0.008	0.008	0.008	0.008	0.0003	0.0003	0.0003	0.0003	0.0003	0.0	0.0	0.0	0.0	0.0	0.0	0.0	0.0	0.0	0.0	0.0	0.0	0.0	0.0	0.0	0.0	0.0	0.0	0.0	0.0	0.0	0.0	0.0	0.0	0.0	0.0	0.0	0.0	0.0	0.0	0.0	0.0	0.0	0.0	0.0	0.0	0.0	0.0	0.0	0.0	0.0	0.0	0.0	0.0	0.0	0.0	0.0	0.0	0.0	0.0	0.0	0.0
0.0	0.9501	0.0086	0.0086	0.0086	0.0086	0.0086	0.001	0.001	0.001	0.001	0.001	0.0001	0.0001	0.0001	0.0001	0.0001	0.0001	0.0001	0.0001	0.0001	0.0001	0.0001	0.0001	0.0001	0.0001	0.0001	0.0001	0.0001	0.0001	0.0001	0.0001	0.0	0.0	0.0	0.0	0.0	0.0	0.0	0.0	0.0	0.0	0.0	0.0	0.0	0.0	0.0	0.0	0.0	0.0	0.0	0.0	0.0	0.0	0.0	0.0	0.0	0.0	0.0	0.0	0.0	0.0	0.0	0.0
0.0	0.9545	0.0083	0.0083	0.0083	0.0083	0.0083	0.0006	0.0006	0.0006	0.0006	0.0006	0.0	0.0	0.0	0.0	0.0	0.0	0.0	0.0	0.0	0.0	0.0	0.0	0.0	0.0	0.0	0.0	0.0	0.0	0.0	0.0	0.0	0.0	0.0	0.0	0.0	0.0	0.0	0.0	0.0	0.0	0.0	0.0	0.0	0.0	0.0	0.0	0.0	0.0	0.0	0.0	0.0	0.0	0.0	0.0	0.0	0.0	0.0	0.0	0.0	0.0	0.0	0.0
0.0	0.9572	0.008	0.008	0.008	0.008	0.008	0.0004	0.0004	0.0004	0.0004	0.0004	0.0	0.0	0.0	0.0	0.0	0.0	0.0	0.0	0.0	0.0	0.0	0.0	0.0	0.0	0.0	0.0	0.0	0.0	0.0	0.0	0.0	0.0	0.0	0.0	0.0	0.0	0.0	0.0	0.0	0.0	0.0	0.0	0.0	0.0	0.0	0.0	0.0	0.0	0.0	0.0	0.0	0.0	0.0	0.0	0.0	0.0	0.0	0.0	0.0	0.0	0.0	0.0
0.0	0.9563	0.0081	0.0081	0.0081	0.0081	0.0081	0.0005	0.0005	0.0005	0.0005	0.0005	0.0	0.0	0.0	0.0	0.0	0.0	0.0	0.0	0.0	0.0	0.0	0.0	0.0	0.0	0.0	0.0	0.0	0.0	0.0	0.0	0.0	0.0	0.0	0.0	0.0	0.0	0.0	0.0	0.0	0.0	0.0	0.0	0.0	0.0	0.0	0.0	0.0	0.0	0.0	0.0	0.0	0.0	0.0	0.0	0.0	0.0	0.0	0.0	0.0	0.0	0.0	0.0
0.0	0.9563	0.0081	0.0081	0.0081	0.0081	0.0081	0.0005	0.0005	0.0005	0.0005	0.0005	0.0	0.0	0.0	0.0	0.0	0.0	0.0	0.0	0.0	0.0	0.0	0.0	0.0	0.0	0.0	0.0	0.0	0.0	0.0	0.0	0.0	0.0	0.0	0.0	0.0	0.0	0.0	0.0	0.0	0.0	0.0	0.0	0.0	0.0	0.0	0.0	0.0	0.0	0.0	0.0	0.0	0.0	0.0	0.0	0.0	0.0	0.0	0.0	0.0	0.0	0.0	0.0
0.0	0.9545	0.0083	0.0083	0.0083	0.0083	0.0083	0.0006	0.0006	0.0006	0.0006	0.0006	0.0	0.0	0.0	0.0	0.0	0.0	0.0	0.0	0.0	0.0	0.0	0.0	0.0	0.0	0.0	0.0	0.0	0.0	0.0	0.0	0.0	0.0	0.0	0.0	0.0	0.0	0.0	0.0	0.0	0.0	0.0	0.0	0.0	0.0	0.0	0.0	0.0	0.0	0.0	0.0	0.0	0.0	0.0	0.0	0.0	0.0	0.0	0.0	0.0	0.0	0.0	0.0
0.0	0.9601	0.0078	0.0078	0.0078	0.0078	0.0078	0.0001	0.0001	0.0001	0.0001	0.0001	0.0	0.0	0.0	0.0	0.0	0.0	0.0	0.0	0.0	0.0	0.0	0.0	0.0	0.0	0.0	0.0	0.0	0.0	0.0	0.0	0.0	0.0	0.0	0.0	0.0	0.0	0.0	0.0	0.0	0.0	0.0	0.0	0.0	0.0	0.0	0.0	0.0	0.0	0.0	0.0	0.0	0.0	0.0	0.0	0.0	0.0	0.0	0.0	0.0	0.0	0.0	0.0
0.0	0.9576	0.008	0.008	0.008	0.008	0.008	0.0003	0.0003	0.0003	0.0003	0.0003	0.0	0.0	0.0	0.0	0.0	0.0	0.0	0.0	0.0	0.0	0.0	0.0	0.0	0.0	0.0	0.0	0.0	0.0	0.0	0.0	0.0	0.0	0.0	0.0	0.0	0.0	0.0	0.0	0.0	0.0	0.0	0.0	0.0	0.0	0.0	0.0	0.0	0.0	0.0	0.0	0.0	0.0	0.0	0.0	0.0	0.0	0.0	0.0	0.0	0.0	0.0	0.0
0.0	0.959	0.0079	0.0079	0.0079	0.0079	0.0079	0.0002	0.0002	0.0002	0.0002	0.0002	0.0	0.0	0.0	0.0	0.0	0.0	0.0	0.0	0.0	0.0	0.0	0.0	0.0	0.0	0.0	0.0	0.0	0.0	0.0	0.0	0.0	0.0	0.0	0.0	0.0	0.0	0.0	0.0	0.0	0.0	0.0	0.0	0.0	0.0	0.0	0.0	0.0	0.0	0.0	0.0	0.0	0.0	0.0	0.0	0.0	0.0	0.0	0.0	0.0	0.0	0.0	0.0
0.0	0.9601	0.0078	0.0078	0.0078	0.0078	0.0078	0.0001	0.0001	0.0001	0.0001	0.0001	0.0	0.0	0.0	0.0	0.0	0.0	0.0	0.0	0.0	0.0	0.0	0.0	0.0	0.0	0.0	0.0	0.0	0.0	0.0	0.0	0.0	0.0	0.0	0.0	0.0	0.0	0.0	0.0	0.0	0.0	0.0	0.0	0.0	0.0	0.0	0.0	0.0	0.0	0.0	0.0	0.0	0.0	0.0	0.0	0.0	0.0	0.0	0.0	0.0	0.0	0.0	0.0
0.0	0.9596	0.0078	0.0078	0.0078	0.0078	0.0078	0.0002	0.0002	0.0002	0.0002	0.0002	0.0	0.0	0.0	0.0	0.0	0.0	0.0	0.0	0.0	0.0	0.0	0.0	0.0	0.0	0.0	0.0	0.0	0.0	0.0	0.0	0.0	0.0	0.0	0.0	0.0	0.0	0.0	0.0	0.0	0.0	0.0	0.0	0.0	0.0	0.0	0.0	0.0	0.0	0.0	0.0	0.0	0.0	0.0	0.0	0.0	0.0	0.0	0.0	0.0	0.0	0.0	0.0
0.0	0.9563	0.0081	0.0081	0.0081	0.0081	0.0081	0.0004	0.0004	0.0004	0.0004	0.0004	0.0	0.0	0.0	0.0	0.0	0.0	0.0	0.0	0.0	0.0	0.0	0.0	0.0	0.0	0.0	0.0	0.0	0.0	0.0	0.0	0.0	0.0	0.0	0.0	0.0	0.0	0.0	0.0	0.0	0.0	0.0	0.0	0.0	0.0	0.0	0.0	0.0	0.0	0.0	0.0	0.0	0.0	0.0	0.0	0.0	0.0	0.0	0.0	0.0	0.0	0.0	0.0
0.0	0.9558	0.0081	0.0081	0.0081	0.0081	0.0081	0.0005	0.0005	0.0005	0.0005	0.0005	0.0	0.0	0.0	0.0	0.0	0.0	0.0	0.0	0.0	0.0	0.0	0.0	0.0	0.0	0.0	0.0	0.0	0.0	0.0	0.0	0.0	0.0	0.0	0.0	0.0	0.0	0.0	0.0	0.0	0.0	0.0	0.0	0.0	0.0	0.0	0.0	0.0	0.0	0.0	0.0	0.0	0.0	0.0	0.0	0.0	0.0	0.0	0.0	0.0	0.0	0.0	0.0
0.0	0.9558	0.0081	0.0081	0.0081	0.0081	0.0081	0.0005	0.0005	0.0005	0.0005	0.0005	0.0	0.0	0.0	0.0	0.0	0.0	0.0	0.0	0.0	0.0	0.0	0.0	0.0	0.0	0.0	0.0	0.0	0.0	0.0	0.0	0.0	0.0	0.0	0.0	0.0	0.0	0.0	0.0	0.0	0.0	0.0	0.0	0.0	0.0	0.0	0.0	0.0	0.0	0.0	0.0	0.0	0.0	0.0	0.0	0.0	0.0	0.0	0.0	0.0	0.0	0.0	0.0
0.0	0.9601	0.0078	0.0078	0.0078	0.0078	0.0078	0.0001	0.0001	0.0001	0.0001	0.0001	0.0	0.0	0.0	0.0	0.0	0.0	0.0	0.0	0.0	0.0	0.0	0.0	0.0	0.0	0.0	0.0	0.0	0.0	0.0	0.0	0.0	0.0	0.0	0.0	0.0	0.0	0.0	0.0	0.0	0.0	0.0	0.0	0.0	0.0	0.0	0.0	0.0	0.0	0.0	0.0	0.0	0.0	0.0	0.0	0.0	0.0	0.0	0.0	0.0	0.0	0.0	0.0
0.0	0.9607	0.0078	0.0078	0.0078	0.0078	0.0078	0.0001	0.0001	0.0001	0.0001	0.0001	0.0	0.0	0.0	0.0	0.0	0.0	0.0	0.0	0.0	0.0	0.0	0.0	0.0	0.0	0.0	0.0	0.0	0.0	0.0	0.0	0.0	0.0	0.0	0.0	0.0	0.0	0.0	0.0	0.0	0.0	0.0	0.0	0.0	0.0	0.0	0.0	0.0	0.0	0.0	0.0	0.0	0.0	0.0	0.0	0.0	0.0	0.0	0.0	0.0	0.0	0.0	0.0
