x1	x2	x3	x4	x5	x6	x7	x8	x9	x10	x11	x12	x13	x14	x15	x16	x17	x18	x19	x20	x21	x22	x23	x24	x25	x26	x27	x28	x29	x30	x31	x32	x33	x34	x35	x36	x37	x38	x39	x40	x41	x42	x43	x44	x45	x46	x47	x48	x49	x50	x51	x52	x53	x54	x55	x56	x57	x58	x59	x60	x61	x62	x63	x64
0.0	0.0241	0.0336	0.0301	0.0296	0.0279	0.0315	0.0021	0.002	0.002	0.0019	0.002	0.0024	0.0024	0.0023	0.0024	0.0022	0.0021	0.0023	0.0021	0.0023	0.0022	0.0003	0.0002	0.0002	0.0003	0.0002	0.0002	0.0002	0.0002	0.0002	0.0002	0.0003	0.0003	0.0003	0.0003	0.0003	0.0003	0.0002	0.0003	0.0003	0.0003	0.0	0.0	0.0	0.0	0.0	0.0	0.0	0.0	0.0	0.0	0.0	0.0	0.0	0.0	0.0	0.0	0.0	0.0	0.0	0.0	0.0	0.0
0.0	0.0211	0.06	0.1011	0.0523	0.0492	0.0234	0.0021	0.0032	0.0019	0.0018	0.0011	0.0045	0.0029	0.0028	0.0023	0.0042	0.0041	0.0034	0.0026	0.002	0.0019	0.0003	0.0002	0.0002	0.0002	0.0003	0.0003	0.0002	0.0002	0.0001	0.0001	0.0004	0.0003	0.0003	0.0002	0.0002	0.0002	0.0003	0.0003	0.0003	0.0002	0.0	0.0	0.0	0.0	0.0	0.0	0.0	0.0	0.0	0.0	0.0	0.0001	0.0	0.0	0.0	0.0	0.0	0.0	0.0	0.0	0.0	0.0
0.0	0.0011	0.0039	0.0051	0.0019	0.0012	0.2777	0.0003	0.0004	0.0002	0.0001	0.008	0.0006	0.0004	0.0003	0.0108	0.0004	0.0004	0.0118	0.0002	0.0089	0.0081	0.0001	0.0001	0.0001	0.0008	0.0001	0.0001	0.0009	0.0001	0.0006	0.0005	0.0001	0.0001	0.0012	0.0001	0.0009	0.0008	0.0001	0.001	0.0009	0.0006	0.0001	0.0001	0.0002	0.0001	0.0002	0.0001	0.0	0.0002	0.0001	0.0001	0.0001	0.0002	0.0002	0.0002	0.0002	0.0001	0.0001	0.0001	0.0001	0.0001	0.0001	0.0001
0.0	0.0025	0.2283	0.0048	0.0031	0.2236	0.0027	0.007	0.0004	0.0003	0.0038	0.0002	0.0085	0.0074	0.227	0.0071	0.0004	0.0061	0.0004	0.0043	0.0003	0.004	0.0007	0.0006	0.0084	0.0006	0.0001	0.0004	0.0001	0.0003	0.0001	0.0003	0.0008	0.0099	0.0008	0.0088	0.0006	0.0085	0.0005	0.0001	0.0005	0.0003	0.0002	0.0009	0.0002	0.0007	0.0001	0.0007	0.0001	0.0001	0.0001	0.0001	0.0009	0.0002	0.0009	0.0007	0.0001	0.0002	0.0001	0.0002	0.0001	0.0001	0.0002	0.0001
0.0	0.0028	0.7372	0.0033	0.003	0.0028	0.0028	0.0071	0.0001	0.0001	0.0001	0.0001	0.0076	0.0073	0.0071	0.0071	0.0001	0.0001	0.0001	0.0001	0.0001	0.0001	0.0002	0.0002	0.0002	0.0002	0.0	0.0	0.0	0.0	0.0	0.0	0.0002	0.0002	0.0002	0.0002	0.0002	0.0002	0.0	0.0	0.0	0.0	0.0	0.0	0.0	0.0	0.0	0.0	0.0	0.0	0.0	0.0	0.0	0.0	0.0	0.0	0.0	0.0	0.0	0.0	0.0	0.0	0.0	0.0
0.0	0.0009	0.4527	0.0012	0.001	0.0013	0.0009	0.0085	0.0001	0.0	0.0001	0.0	0.0088	0.0086	0.0089	0.0085	0.0001	0.0001	0.0001	0.0001	0.0	0.0001	0.0003	0.0003	0.0004	0.0003	0.0	0.0	0.0	0.0	0.0	0.0	0.0004	0.0004	0.0003	0.0004	0.0003	0.0004	0.0	0.0	0.0	0.0	0.0	0.0	0.0	0.0	0.0	0.0	0.0	0.0	0.0	0.0	0.0	0.0	0.0	0.0	0.0	0.0	0.0	0.0	0.0	0.0	0.0	0.0
0.0	0.0009	0.4527	0.0012	0.001	0.0013	0.0009	0.0085	0.0001	0.0	0.0001	0.0	0.0088	0.0086	0.0089	0.0085	0.0001	0.0001	0.0001	0.0001	0.0	0.0001	0.0003	0.0003	0.0004	0.0003	0.0	0.0	0.0	0.0	0.0	0.0	0.0004	0.0004	0.0003	0.0004	0.0003	0.0004	0.0	0.0	0.0	0.0	0.0	0.0	0.0	0.0	0.0	0.0	0.0	0.0	0.0	0.0	0.0	0.0	0.0	0.0	0.0	0.0	0.0	0.0	0.0	0.0	0.0	0.0
0.0	0.0022	0.3263	0.0815	0.0028	0.0023	0.0022	0.0072	0.0017	0.0001	0.0001	0.0001	0.0095	0.0075	0.0072	0.0072	0.0019	0.0018	0.0018	0.0001	0.0001	0.0001	0.0005	0.0004	0.0003	0.0003	0.0001	0.0001	0.0001	0.0	0.0	0.0	0.0005	0.0005	0.0005	0.0004	0.0004	0.0003	0.0001	0.0001	0.0001	0.0	0.0	0.0	0.0	0.0	0.0	0.0	0.0	0.0	0.0	0.0	0.0	0.0	0.0	0.0	0.0	0.0	0.0	0.0	0.0	0.0	0.0	0.0
0.0	0.0083	0.3231	0.511	0.0092	0.0084	0.0083	0.001	0.0022	0.0001	0.0001	0.0001	0.0045	0.0011	0.001	0.001	0.0023	0.0022	0.0022	0.0001	0.0001	0.0001	0.0001	0.0	0.0	0.0	0.0	0.0	0.0	0.0	0.0	0.0	0.0001	0.0001	0.0001	0.0	0.0	0.0	0.0	0.0	0.0	0.0	0.0	0.0	0.0	0.0	0.0	0.0	0.0	0.0	0.0	0.0	0.0	0.0	0.0	0.0	0.0	0.0	0.0	0.0	0.0	0.0	0.0	0.0
0.0	0.0035	0.4843	0.161	0.0041	0.0036	0.0035	0.0049	0.0043	0.0002	0.0002	0.0002	0.1615	0.0055	0.005	0.005	0.0047	0.0044	0.0043	0.0002	0.0002	0.0002	0.0048	0.0002	0.0002	0.0002	0.0003	0.0003	0.0003	0.0	0.0	0.0	0.0053	0.0049	0.0049	0.0003	0.0003	0.0002	0.0003	0.0003	0.0003	0.0	0.0004	0.0003	0.0003	0.0	0.0	0.0	0.0	0.0	0.0	0.0	0.0004	0.0004	0.0003	0.0	0.0	0.0	0.0	0.0	0.0	0.0	0.0001	0.0
0.0	0.003	0.5975	0.0326	0.0135	0.0034	0.0031	0.0073	0.0012	0.0005	0.0002	0.0002	0.0364	0.0176	0.0077	0.0074	0.0016	0.0012	0.0012	0.0005	0.0005	0.0002	0.0015	0.0007	0.0003	0.0003	0.0002	0.0001	0.0001	0.0001	0.0001	0.0	0.002	0.0016	0.0015	0.0007	0.0007	0.0003	0.0002	0.0002	0.0001	0.0001	0.0002	0.0001	0.0001	0.0001	0.0001	0.0	0.0	0.0	0.0	0.0	0.0002	0.0002	0.0001	0.0001	0.0	0.0	0.0	0.0	0.0	0.0	0.0	0.0
0.0	0.003	0.5975	0.0326	0.0135	0.0034	0.0031	0.0073	0.0012	0.0005	0.0002	0.0002	0.0364	0.0176	0.0077	0.0074	0.0016	0.0012	0.0012	0.0005	0.0005	0.0002	0.0015	0.0007	0.0003	0.0003	0.0002	0.0001	0.0001	0.0001	0.0001	0.0	0.002	0.0016	0.0015	0.0007	0.0007	0.0003	0.0002	0.0002	0.0001	0.0001	0.0002	0.0001	0.0001	0.0001	0.0001	0.0	0.0	0.0	0.0	0.0	0.0002	0.0002	0.0001	0.0001	0.0	0.0	0.0	0.0	0.0	0.0	0.0	0.0
0.0	0.0009	0.1244	0.0019	0.1182	0.0017	0.0009	0.0037	0.0001	0.0034	0.0001	0.0001	0.0041	0.0534	0.0038	0.0037	0.0041	0.0002	0.0001	0.0035	0.0035	0.0001	0.0003	0.0033	0.0003	0.0002	0.0003	0.0	0.0	0.0002	0.0002	0.0	0.0037	0.0003	0.0003	0.0033	0.0033	0.0003	0.0003	0.0003	0.0	0.0002	0.0004	0.0	0.0	0.0003	0.0003	0.0	0.0	0.0	0.0	0.0	0.0004	0.0004	0.0	0.0003	0.0001	0.0001	0.0001	0.0	0.0001	0.0	0.0001	0.0
0.0	0.0015	0.1713	0.0424	0.0494	0.0087	0.0017	0.0047	0.0014	0.0015	0.0003	0.0001	0.0304	0.0095	0.0055	0.0047	0.0077	0.0024	0.0014	0.0018	0.0016	0.0003	0.0018	0.0006	0.0003	0.0003	0.0006	0.0002	0.0001	0.0001	0.0001	0.0	0.0043	0.0022	0.0018	0.0007	0.0007	0.0004	0.0006	0.0006	0.0002	0.0002	0.0005	0.0002	0.0002	0.0001	0.0001	0.0001	0.0001	0.0001	0.0	0.0	0.0005	0.0005	0.0002	0.0001	0.0001	0.0001	0.0001	0.0001	0.0	0.0	0.0001	0.0
0.0	0.0033	0.0129	0.0147	0.5893	0.2107	0.0034	0.0001	0.0001	0.0027	0.0009	0.0	0.0003	0.0037	0.001	0.0001	0.0038	0.001	0.0001	0.0039	0.0027	0.0009	0.0	0.0001	0.0	0.0	0.0001	0.0	0.0	0.0	0.0	0.0	0.0002	0.0	0.0	0.0001	0.0001	0.0	0.0001	0.0001	0.0	0.0	0.0	0.0	0.0	0.0	0.0	0.0	0.0	0.0	0.0	0.0	0.0	0.0	0.0	0.0	0.0	0.0	0.0	0.0	0.0	0.0	0.0	0.0
0.0	0.0004	0.0008	0.0008	0.9073	0.0004	0.0004	0.0	0.0	0.0023	0.0	0.0	0.0	0.0026	0.0	0.0	0.0027	0.0	0.0	0.0023	0.0023	0.0	0.0	0.0	0.0	0.0	0.0	0.0	0.0	0.0	0.0	0.0	0.0	0.0	0.0	0.0	0.0	0.0	0.0	0.0	0.0	0.0	0.0	0.0	0.0	0.0	0.0	0.0	0.0	0.0	0.0	0.0	0.0	0.0	0.0	0.0	0.0	0.0	0.0	0.0	0.0	0.0	0.0	0.0
0.0	0.0013	0.0047	0.0054	0.2123	0.4383	0.0014	0.0002	0.0002	0.0015	0.0022	0.0001	0.001	0.0033	0.0056	0.0002	0.0037	0.0063	0.0002	0.2123	0.0015	0.0022	0.0001	0.0002	0.0002	0.0	0.0002	0.0003	0.0	0.0019	0.0001	0.0001	0.0008	0.001	0.0001	0.0038	0.0002	0.0002	0.0042	0.0002	0.0003	0.0019	0.0001	0.0001	0.0	0.0002	0.0	0.0	0.0002	0.0	0.0	0.0001	0.0008	0.0001	0.0001	0.0002	0.0002	0.0001	0.0	0.0	0.0	0.0	0.0001	0.0
0.0	0.0028	0.3253	0.0171	0.5205	0.0033	0.0029	0.001	0.0001	0.0017	0.0	0.0	0.0011	0.0029	0.001	0.001	0.0018	0.0001	0.0001	0.0017	0.0017	0.0	0.0	0.0	0.0	0.0	0.0	0.0	0.0	0.0	0.0	0.0	0.0	0.0	0.0	0.0	0.0	0.0	0.0	0.0	0.0	0.0	0.0	0.0	0.0	0.0	0.0	0.0	0.0	0.0	0.0	0.0	0.0	0.0	0.0	0.0	0.0	0.0	0.0	0.0	0.0	0.0	0.0	0.0
0.0	0.0009	0.5649	0.005	0.1509	0.001	0.0009	0.0023	0.0001	0.0009	0.0	0.0	0.0064	0.1516	0.0024	0.0023	0.003	0.0002	0.0001	0.001	0.0009	0.0	0.0002	0.0013	0.0	0.0	0.0001	0.0	0.0	0.0	0.0	0.0	0.0034	0.0002	0.0002	0.0013	0.0013	0.0	0.0001	0.0001	0.0	0.0	0.0001	0.0	0.0	0.0	0.0	0.0	0.0	0.0	0.0	0.0	0.0001	0.0001	0.0	0.0	0.0	0.0	0.0	0.0	0.0	0.0	0.0	0.0
0.0	0.0001	0.0002	0.0002	0.8907	0.0001	0.0001	0.0	0.0	0.0024	0.0	0.0	0.0	0.0025	0.0	0.0	0.0025	0.0	0.0	0.0024	0.0024	0.0	0.0	0.0	0.0	0.0	0.0	0.0	0.0	0.0	0.0	0.0	0.0	0.0	0.0	0.0	0.0	0.0	0.0	0.0	0.0	0.0	0.0	0.0	0.0	0.0	0.0	0.0	0.0	0.0	0.0	0.0	0.0	0.0	0.0	0.0	0.0	0.0	0.0	0.0	0.0	0.0	0.0	0.0
0.0	0.0004	0.001	0.0009	0.8614	0.0188	0.0004	0.0	0.0	0.0026	0.0001	0.0	0.0	0.003	0.0001	0.0	0.0029	0.0001	0.0	0.0027	0.0026	0.0001	0.0	0.0	0.0	0.0	0.0	0.0	0.0	0.0	0.0	0.0	0.0	0.0	0.0	0.0	0.0	0.0	0.0	0.0	0.0	0.0	0.0	0.0	0.0	0.0	0.0	0.0	0.0	0.0	0.0	0.0	0.0	0.0	0.0	0.0	0.0	0.0	0.0	0.0	0.0	0.0	0.0	0.0
0.0	0.0001	0.0001	0.0001	0.8847	0.0001	0.0001	0.0	0.0	0.0025	0.0	0.0	0.0	0.0025	0.0	0.0	0.0025	0.0	0.0	0.0025	0.0025	0.0	0.0	0.0	0.0	0.0	0.0	0.0	0.0	0.0	0.0	0.0	0.0	0.0	0.0	0.0	0.0	0.0	0.0	0.0	0.0	0.0	0.0	0.0	0.0	0.0	0.0	0.0	0.0	0.0	0.0	0.0	0.0	0.0	0.0	0.0	0.0	0.0	0.0	0.0	0.0	0.0	0.0	0.0
0.0	0.0001	0.0003	0.0003	0.8649	0.0195	0.0001	0.0	0.0	0.0024	0.0001	0.0	0.0	0.0025	0.0001	0.0	0.0025	0.0001	0.0	0.0025	0.0024	0.0001	0.0	0.0	0.0	0.0	0.0	0.0	0.0	0.0	0.0	0.0	0.0	0.0	0.0	0.0	0.0	0.0	0.0	0.0	0.0	0.0	0.0	0.0	0.0	0.0	0.0	0.0	0.0	0.0	0.0	0.0	0.0	0.0	0.0	0.0	0.0	0.0	0.0	0.0	0.0	0.0	0.0	0.0
0.0	0.0234	0.0346	0.0012	0.0226	0.0012	0.0012	0.023	0.0024	0.02	0.0024	0.0024	0.0022	0.0223	0.0022	0.0022	0.0023	0.0003	0.0003	0.0022	0.0022	0.0003	0.0033	0.022	0.0032	0.0032	0.0042	0.0007	0.0007	0.0041	0.0041	0.0007	0.0031	0.0005	0.0005	0.003	0.003	0.0005	0.0006	0.0006	0.0002	0.0006	0.0056	0.001	0.001	0.0055	0.0055	0.001	0.0016	0.0016	0.0004	0.0015	0.0009	0.0009	0.0003	0.0009	0.0004	0.0023	0.0023	0.0006	0.0023	0.0011	0.0006	0.0017
0.0	0.0459	0.4121	0.004	0.0443	0.0039	0.0039	0.0481	0.0032	0.0217	0.0032	0.0032	0.0068	0.0465	0.0067	0.0067	0.003	0.0005	0.0005	0.003	0.003	0.0005	0.0036	0.0225	0.0036	0.0036	0.004	0.0007	0.0007	0.004	0.004	0.0007	0.0034	0.0006	0.0006	0.0034	0.0034	0.0006	0.0007	0.0007	0.0002	0.0007	0.0043	0.0008	0.0008	0.0043	0.0043	0.0008	0.0013	0.0013	0.0004	0.0013	0.0007	0.0007	0.0002	0.0007	0.0004	0.0014	0.0014	0.0004	0.0014	0.0008	0.0004	0.0009
0.0	0.0459	0.4121	0.004	0.0443	0.0039	0.0039	0.0481	0.0032	0.0217	0.0032	0.0032	0.0068	0.0465	0.0067	0.0067	0.003	0.0005	0.0005	0.003	0.003	0.0005	0.0036	0.0225	0.0036	0.0036	0.004	0.0007	0.0007	0.004	0.004	0.0007	0.0034	0.0006	0.0006	0.0034	0.0034	0.0006	0.0007	0.0007	0.0002	0.0007	0.0043	0.0008	0.0008	0.0043	0.0043	0.0008	0.0013	0.0013	0.0004	0.0013	0.0007	0.0007	0.0002	0.0007	0.0004	0.0014	0.0014	0.0004	0.0014	0.0008	0.0004	0.0009
0.0	0.0095	0.0145	0.0006	0.0182	0.0006	0.0006	0.008	0.001	0.0095	0.001	0.001	0.0013	0.014	0.0013	0.0013	0.0014	0.0002	0.0002	0.0014	0.0014	0.0002	0.0016	0.0094	0.0016	0.0016	0.0015	0.0003	0.0003	0.0015	0.0015	0.0003	0.0021	0.0003	0.0003	0.0021	0.0021	0.0003	0.0003	0.0003	0.0001	0.0003	0.0025	0.0006	0.0006	0.0025	0.0025	0.0006	0.0005	0.0005	0.0002	0.0005	0.0006	0.0006	0.0002	0.0006	0.0002	0.0011	0.0011	0.0004	0.0011	0.0003	0.0004	0.0009
0.0	0.0184	0.0275	0.002	0.2117	0.002	0.002	0.009	0.0015	0.0222	0.0015	0.0015	0.002	0.0309	0.002	0.002	0.0066	0.0003	0.0003	0.0066	0.0066	0.0003	0.0017	0.0104	0.0017	0.0017	0.0021	0.0003	0.0003	0.0021	0.0021	0.0003	0.0029	0.0004	0.0004	0.0029	0.0029	0.0004	0.0006	0.0006	0.0001	0.0006	0.0022	0.0006	0.0006	0.0021	0.0021	0.0006	0.0005	0.0005	0.0002	0.0005	0.0006	0.0006	0.0002	0.0006	0.0002	0.0008	0.0008	0.0003	0.0008	0.0002	0.0003	0.0005
0.0	0.0055	0.0081	0.0007	0.3692	0.0007	0.0007	0.0015	0.0003	0.0125	0.0003	0.0003	0.0004	0.015	0.0004	0.0004	0.008	0.0001	0.0001	0.0079	0.0079	0.0001	0.0002	0.002	0.0002	0.0002	0.0007	0.0	0.0	0.0007	0.0007	0.0	0.0009	0.0001	0.0001	0.0009	0.0009	0.0001	0.0004	0.0004	0.0	0.0004	0.0003	0.0001	0.0001	0.0003	0.0003	0.0001	0.0001	0.0001	0.0	0.0001	0.0001	0.0001	0.0	0.0001	0.0	0.0001	0.0001	0.0	0.0001	0.0	0.0	0.0
0.0	0.0055	0.0081	0.0007	0.3692	0.0007	0.0007	0.0015	0.0003	0.0125	0.0003	0.0003	0.0004	0.015	0.0004	0.0004	0.008	0.0001	0.0001	0.0079	0.0079	0.0001	0.0002	0.002	0.0002	0.0002	0.0007	0.0	0.0	0.0007	0.0007	0.0	0.0009	0.0001	0.0001	0.0009	0.0009	0.0001	0.0004	0.0004	0.0	0.0004	0.0003	0.0001	0.0001	0.0003	0.0003	0.0001	0.0001	0.0001	0.0	0.0001	0.0001	0.0001	0.0	0.0001	0.0	0.0001	0.0001	0.0	0.0001	0.0	0.0	0.0
0.0	0.2354	0.0923	0.0063	0.009	0.0062	0.0062	0.0107	0.0065	0.0072	0.0064	0.0064	0.0023	0.0025	0.0023	0.0023	0.0005	0.0003	0.0003	0.0005	0.0005	0.0003	0.0008	0.0009	0.0008	0.0008	0.0005	0.0004	0.0004	0.0005	0.0005	0.0004	0.0002	0.0002	0.0002	0.0002	0.0002	0.0002	0.0001	0.0001	0.0	0.0001	0.0001	0.0001	0.0001	0.0001	0.0001	0.0001	0.0001	0.0001	0.0001	0.0001	0.0	0.0	0.0	0.0	0.0	0.0001	0.0001	0.0	0.0001	0.0	0.0	0.0
0.0	0.331	0.0043	0.0026	0.0042	0.0026	0.0026	0.0113	0.0097	0.0112	0.0097	0.0097	0.0004	0.0005	0.0004	0.0004	0.0004	0.0003	0.0003	0.0004	0.0004	0.0003	0.0009	0.001	0.0009	0.0009	0.0008	0.0007	0.0007	0.0008	0.0008	0.0007	0.0001	0.0001	0.0001	0.0001	0.0001	0.0001	0.0001	0.0001	0.0001	0.0001	0.0002	0.0001	0.0001	0.0002	0.0002	0.0001	0.0001	0.0001	0.0001	0.0001	0.0	0.0	0.0	0.0	0.0	0.0001	0.0001	0.0001	0.0001	0.0001	0.0	0.0001
0.0	0.3363	0.002	0.0017	0.0019	0.0016	0.0016	0.0095	0.0091	0.0093	0.0091	0.0091	0.0001	0.0002	0.0001	0.0001	0.0001	0.0001	0.0001	0.0001	0.0001	0.0001	0.0006	0.0006	0.0006	0.0006	0.0006	0.0005	0.0005	0.0006	0.0006	0.0005	0.0	0.0	0.0	0.0	0.0	0.0	0.0	0.0	0.0	0.0	0.0001	0.0001	0.0001	0.0001	0.0001	0.0001	0.0001	0.0001	0.0001	0.0001	0.0	0.0	0.0	0.0	0.0	0.0	0.0	0.0	0.0	0.0	0.0	0.0
0.0	0.5794	0.0017	0.0016	0.0016	0.0016	0.0016	0.0083	0.0082	0.0082	0.0082	0.0082	0.0001	0.0001	0.0001	0.0001	0.0001	0.0001	0.0001	0.0001	0.0001	0.0001	0.0003	0.0003	0.0003	0.0003	0.0003	0.0003	0.0003	0.0003	0.0003	0.0003	0.0	0.0	0.0	0.0	0.0	0.0	0.0	0.0	0.0	0.0	0.0	0.0	0.0	0.0	0.0	0.0	0.0	0.0	0.0	0.0	0.0	0.0	0.0	0.0	0.0	0.0	0.0	0.0	0.0	0.0	0.0	0.0
0.0	0.5794	0.0017	0.0016	0.0016	0.0016	0.0016	0.0083	0.0082	0.0082	0.0082	0.0082	0.0001	0.0001	0.0001	0.0001	0.0001	0.0001	0.0001	0.0001	0.0001	0.0001	0.0003	0.0003	0.0003	0.0003	0.0003	0.0003	0.0003	0.0003	0.0003	0.0003	0.0	0.0	0.0	0.0	0.0	0.0	0.0	0.0	0.0	0.0	0.0	0.0	0.0	0.0	0.0	0.0	0.0	0.0	0.0	0.0	0.0	0.0	0.0	0.0	0.0	0.0	0.0	0.0	0.0	0.0	0.0	0.0
0.0	0.2487	0.0012	0.001	0.0011	0.0009	0.0009	0.0084	0.0081	0.0083	0.0081	0.0081	0.0001	0.0001	0.0001	0.0001	0.0001	0.0001	0.0001	0.0001	0.0001	0.0001	0.0006	0.0006	0.0006	0.0006	0.0006	0.0006	0.0006	0.0006	0.0006	0.0006	0.0	0.0	0.0	0.0	0.0	0.0	0.0	0.0	0.0	0.0	0.0001	0.0001	0.0001	0.0001	0.0001	0.0001	0.0001	0.0001	0.0001	0.0001	0.0	0.0	0.0	0.0	0.0	0.0	0.0	0.0	0.0	0.0	0.0	0.0
0.0	0.5696	0.001	0.001	0.001	0.001	0.001	0.0079	0.0078	0.0079	0.0078	0.0078	0.0	0.0	0.0	0.0	0.0	0.0	0.0	0.0	0.0	0.0	0.0002	0.0002	0.0002	0.0002	0.0002	0.0002	0.0002	0.0002	0.0002	0.0002	0.0	0.0	0.0	0.0	0.0	0.0	0.0	0.0	0.0	0.0	0.0	0.0	0.0	0.0	0.0	0.0	0.0	0.0	0.0	0.0	0.0	0.0	0.0	0.0	0.0	0.0	0.0	0.0	0.0	0.0	0.0	0.0
0.0	0.5959	0.0002	0.0002	0.0002	0.0002	0.0002	0.007	0.007	0.007	0.007	0.007	0.0	0.0	0.0	0.0	0.0	0.0	0.0	0.0	0.0	0.0	0.0002	0.0002	0.0002	0.0002	0.0002	0.0002	0.0002	0.0002	0.0002	0.0002	0.0	0.0	0.0	0.0	0.0	0.0	0.0	0.0	0.0	0.0	0.0	0.0	0.0	0.0	0.0	0.0	0.0	0.0	0.0	0.0	0.0	0.0	0.0	0.0	0.0	0.0	0.0	0.0	0.0	0.0	0.0	0.0
0.0	0.6906	0.0004	0.0004	0.0004	0.0004	0.0004	0.006	0.006	0.006	0.006	0.006	0.0	0.0	0.0	0.0	0.0	0.0	0.0	0.0	0.0	0.0	0.0001	0.0001	0.0001	0.0001	0.0001	0.0001	0.0001	0.0001	0.0001	0.0001	0.0	0.0	0.0	0.0	0.0	0.0	0.0	0.0	0.0	0.0	0.0	0.0	0.0	0.0	0.0	0.0	0.0	0.0	0.0	0.0	0.0	0.0	0.0	0.0	0.0	0.0	0.0	0.0	0.0	0.0	0.0	0.0
0.0	0.6906	0.0004	0.0004	0.0004	0.0004	0.0004	0.006	0.006	0.006	0.006	0.006	0.0	0.0	0.0	0.0	0.0	0.0	0.0	0.0	0.0	0.0	0.0001	0.0001	0.0001	0.0001	0.0001	0.0001	0.0001	0.0001	0.0001	0.0001	0.0	0.0	0.0	0.0	0.0	0.0	0.0	0.0	0.0	0.0	0.0	0.0	0.0	0.0	0.0	0.0	0.0	0.0	0.0	0.0	0.0	0.0	0.0	0.0	0.0	0.0	0.0	0.0	0.0	0.0	0.0	0.0
0.0	0.4153	0.0003	0.0002	0.0002	0.0002	0.0002	0.0082	0.0082	0.0082	0.0082	0.0082	0.0	0.0	0.0	0.0	0.0	0.0	0.0	0.0	0.0	0.0	0.0003	0.0003	0.0003	0.0003	0.0003	0.0003	0.0003	0.0003	0.0003	0.0003	0.0	0.0	0.0	0.0	0.0	0.0	0.0	0.0	0.0	0.0	0.0	0.0	0.0	0.0	0.0	0.0	0.0	0.0	0.0	0.0	0.0	0.0	0.0	0.0	0.0	0.0	0.0	0.0	0.0	0.0	0.0	0.0
0.0	0.5652	0.0006	0.0006	0.0006	0.0006	0.0006	0.0076	0.0076	0.0076	0.0076	0.0076	0.0	0.0	0.0	0.0	0.0	0.0	0.0	0.0	0.0	0.0	0.0002	0.0002	0.0002	0.0002	0.0002	0.0002	0.0002	0.0002	0.0002	0.0002	0.0	0.0	0.0	0.0	0.0	0.0	0.0	0.0	0.0	0.0	0.0	0.0	0.0	0.0	0.0	0.0	0.0	0.0	0.0	0.0	0.0	0.0	0.0	0.0	0.0	0.0	0.0	0.0	0.0	0.0	0.0	0.0
0.0	0.6434	0.0004	0.0004	0.0004	0.0004	0.0004	0.0066	0.0066	0.0066	0.0066	0.0066	0.0	0.0	0.0	0.0	0.0	0.0	0.0	0.0	0.0	0.0	0.0001	0.0001	0.0001	0.0001	0.0001	0.0001	0.0001	0.0001	0.0001	0.0001	0.0	0.0	0.0	0.0	0.0	0.0	0.0	0.0	0.0	0.0	0.0	0.0	0.0	0.0	0.0	0.0	0.0	0.0	0.0	0.0	0.0	0.0	0.0	0.0	0.0	0.0	0.0	0.0	0.0	0.0	0.0	0.0
0.0	0.6932	0.0003	0.0003	0.0003	0.0003	0.0003	0.0058	0.0058	0.0058	0.0058	0.0058	0.0	0.0	0.0	0.0	0.0	0.0	0.0	0.0	0.0	0.0	0.0001	0.0001	0.0001	0.0001	0.0001	0.0001	0.0001	0.0001	0.0001	0.0001	0.0	0.0	0.0	0.0	0.0	0.0	0.0	0.0	0.0	0.0	0.0	0.0	0.0	0.0	0.0	0.0	0.0	0.0	0.0	0.0	0.0	0.0	0.0	0.0	0.0	0.0	0.0	0.0	0.0	0.0	0.0	0.0
0.0	0.7541	0.0003	0.0003	0.0003	0.0003	0.0003	0.005	0.005	0.005	0.005	0.005	0.0	0.0	0.0	0.0	0.0	0.0	0.0	0.0	0.0	0.0	0.0001	0.0001	0.0001	0.0001	0.0001	0.0001	0.0001	0.0001	0.0001	0.0001	0.0	0.0	0.0	0.0	0.0	0.0	0.0	0.0	0.0	0.0	0.0	0.0	0.0	0.0	0.0	0.0	0.0	0.0	0.0	0.0	0.0	0.0	0.0	0.0	0.0	0.0	0.0	0.0	0.0	0.0	0.0	0.0
0.0	0.7541	0.0003	0.0003	0.0003	0.0003	0.0003	0.005	0.005	0.005	0.005	0.005	0.0	0.0	0.0	0.0	0.0	0.0	0.0	0.0	0.0	0.0	0.0001	0.0001	0.0001	0.0001	0.0001	0.0001	0.0001	0.0001	0.0001	0.0001	0.0	0.0	0.0	0.0	0.0	0.0	0.0	0.0	0.0	0.0	0.0	0.0	0.0	0.0	0.0	0.0	0.0	0.0	0.0	0.0	0.0	0.0	0.0	0.0	0.0	0.0	0.0	0.0	0.0	0.0	0.0	0.0
0.0	0.4336	0.0001	0.0001	0.0001	0.0001	0.0001	0.008	0.008	0.008	0.008	0.008	0.0	0.0	0.0	0.0	0.0	0.0	0.0	0.0	0.0	0.0	0.0003	0.0003	0.0003	0.0003	0.0003	0.0003	0.0003	0.0003	0.0003	0.0003	0.0	0.0	0.0	0.0	0.0	0.0	0.0	0.0	0.0	0.0	0.0	0.0	0.0	0.0	0.0	0.0	0.0	0.0	0.0	0.0	0.0	0.0	0.0	0.0	0.0	0.0	0.0	0.0	0.0	0.0	0.0	0.0
0.0	0.596	0.0003	0.0003	0.0003	0.0003	0.0003	0.007	0.007	0.007	0.007	0.007	0.0	0.0	0.0	0.0	0.0	0.0	0.0	0.0	0.0	0.0	0.0002	0.0002	0.0002	0.0002	0.0002	0.0002	0.0002	0.0002	0.0002	0.0002	0.0	0.0	0.0	0.0	0.0	0.0	0.0	0.0	0.0	0.0	0.0	0.0	0.0	0.0	0.0	0.0	0.0	0.0	0.0	0.0	0.0	0.0	0.0	0.0	0.0	0.0	0.0	0.0	0.0	0.0	0.0	0.0
0.0	0.7229	0.0006	0.0006	0.0006	0.0006	0.0006	0.0057	0.0057	0.0057	0.0057	0.0057	0.0	0.0	0.0	0.0	0.0	0.0	0.0	0.0	0.0	0.0	0.0001	0.0001	0.0001	0.0001	0.0001	0.0001	0.0001	0.0001	0.0001	0.0001	0.0	0.0	0.0	0.0	0.0	0.0	0.0	0.0	0.0	0.0	0.0	0.0	0.0	0.0	0.0	0.0	0.0	0.0	0.0	0.0	0.0	0.0	0.0	0.0	0.0	0.0	0.0	0.0	0.0	0.0	0.0	0.0
0.0	0.7229	0.0006	0.0006	0.0006	0.0006	0.0006	0.0057	0.0057	0.0057	0.0057	0.0057	0.0	0.0	0.0	0.0	0.0	0.0	0.0	0.0	0.0	0.0	0.0001	0.0001	0.0001	0.0001	0.0001	0.0001	0.0001	0.0001	0.0001	0.0001	0.0	0.0	0.0	0.0	0.0	0.0	0.0	0.0	0.0	0.0	0.0	0.0	0.0	0.0	0.0	0.0	0.0	0.0	0.0	0.0	0.0	0.0	0.0	0.0	0.0	0.0	0.0	0.0	0.0	0.0	0.0	0.0
0.0	0.7103	0.0008	0.0008	0.0008	0.0008	0.0008	0.006	0.006	0.006	0.006	0.006	0.0	0.0	0.0	0.0	0.0	0.0	0.0	0.0	0.0	0.0	0.0001	0.0001	0.0001	0.0001	0.0001	0.0001	0.0001	0.0001	0.0001	0.0001	0.0	0.0	0.0	0.0	0.0	0.0	0.0	0.0	0.0	0.0	0.0	0.0	0.0	0.0	0.0	0.0	0.0	0.0	0.0	0.0	0.0	0.0	0.0	0.0	0.0	0.0	0.0	0.0	0.0	0.0	0.0	0.0
0.0	0.7103	0.0008	0.0008	0.0008	0.0008	0.0008	0.006	0.006	0.006	0.006	0.006	0.0	0.0	0.0	0.0	0.0	0.0	0.0	0.0	0.0	0.0	0.0001	0.0001	0.0001	0.0001	0.0001	0.0001	0.0001	0.0001	0.0001	0.0001	0.0	0.0	0.0	0.0	0.0	0.0	0.0	0.0	0.0	0.0	0.0	0.0	0.0	0.0	0.0	0.0	0.0	0.0	0.0	0.0	0.0	0.0	0.0	0.0	0.0	0.0	0.0	0.0	0.0	0.0	0.0	0.0
0.0	0.6446	0.0013	0.0012	0.0012	0.0012	0.0012	0.0073	0.0072	0.0072	0.0072	0.0072	0.0	0.0	0.0	0.0	0.0	0.0	0.0	0.0	0.0	0.0	0.0002	0.0002	0.0002	0.0002	0.0002	0.0002	0.0002	0.0002	0.0002	0.0002	0.0	0.0	0.0	0.0	0.0	0.0	0.0	0.0	0.0	0.0	0.0	0.0	0.0	0.0	0.0	0.0	0.0	0.0	0.0	0.0	0.0	0.0	0.0	0.0	0.0	0.0	0.0	0.0	0.0	0.0	0.0	0.0
0.0	0.6446	0.0013	0.0012	0.0012	0.0012	0.0012	0.0073	0.0072	0.0072	0.0072	0.0072	0.0	0.0	0.0	0.0	0.0	0.0	0.0	0.0	0.0	0.0	0.0002	0.0002	0.0002	0.0002	0.0002	0.0002	0.0002	0.0002	0.0002	0.0002	0.0	0.0	0.0	0.0	0.0	0.0	0.0	0.0	0.0	0.0	0.0	0.0	0.0	0.0	0.0	0.0	0.0	0.0	0.0	0.0	0.0	0.0	0.0	0.0	0.0	0.0	0.0	0.0	0.0	0.0	0.0	0.0
0.0	0.6494	0.0013	0.0012	0.0013	0.0012	0.0012	0.0072	0.0072	0.0072	0.0072	0.0072	0.0	0.0	0.0	0.0	0.0	0.0	0.0	0.0	0.0	0.0	0.0002	0.0002	0.0002	0.0002	0.0002	0.0002	0.0002	0.0002	0.0002	0.0002	0.0	0.0	0.0	0.0	0.0	0.0	0.0	0.0	0.0	0.0	0.0	0.0	0.0	0.0	0.0	0.0	0.0	0.0	0.0	0.0	0.0	0.0	0.0	0.0	0.0	0.0	0.0	0.0	0.0	0.0	0.0	0.0
0.0	0.6494	0.0013	0.0012	0.0013	0.0012	0.0012	0.0072	0.0072	0.0072	0.0072	0.0072	0.0	0.0	0.0	0.0	0.0	0.0	0.0	0.0	0.0	0.0	0.0002	0.0002	0.0002	0.0002	0.0002	0.0002	0.0002	0.0002	0.0002	0.0002	0.0	0.0	0.0	0.0	0.0	0.0	0.0	0.0	0.0	0.0	0.0	0.0	0.0	0.0	0.0	0.0	0.0	0.0	0.0	0.0	0.0	0.0	0.0	0.0	0.0	0.0	0.0	0.0	0.0	0.0	0.0	0.0
0.0	0.1491	0.0002	0.0001	0.0001	0.0001	0.0001	0.0061	0.0061	0.0061	0.0061	0.0061	0.0	0.0	0.0	0.0	0.0	0.0	0.0	0.0	0.0	0.0	0.0005	0.0005	0.0005	0.0005	0.0005	0.0005	0.0005	0.0005	0.0005	0.0005	0.0	0.0	0.0	0.0	0.0	0.0	0.0	0.0	0.0	0.0	0.0001	0.0001	0.0001	0.0001	0.0001	0.0001	0.0001	0.0001	0.0001	0.0001	0.0	0.0	0.0	0.0	0.0	0.0	0.0	0.0	0.0	0.0	0.0	0.0
0.0	0.3519	0.0006	0.0006	0.0006	0.0006	0.0006	0.0085	0.0085	0.0085	0.0085	0.0085	0.0	0.0	0.0	0.0	0.0	0.0	0.0	0.0	0.0	0.0	0.0004	0.0004	0.0004	0.0004	0.0004	0.0004	0.0004	0.0004	0.0004	0.0004	0.0	0.0	0.0	0.0	0.0	0.0	0.0	0.0	0.0	0.0	0.0	0.0	0.0	0.0	0.0	0.0	0.0	0.0	0.0	0.0	0.0	0.0	0.0	0.0	0.0	0.0	0.0	0.0	0.0	0.0	0.0	0.0
0.0	0.3519	0.0006	0.0006	0.0006	0.0006	0.0006	0.0085	0.0085	0.0085	0.0085	0.0085	0.0	0.0	0.0	0.0	0.0	0.0	0.0	0.0	0.0	0.0	0.0004	0.0004	0.0004	0.0004	0.0004	0.0004	0.0004	0.0004	0.0004	0.0004	0.0	0.0	0.0	0.0	0.0	0.0	0.0	0.0	0.0	0.0	0.0	0.0	0.0	0.0	0.0	0.0	0.0	0.0	0.0	0.0	0.0	0.0	0.0	0.0	0.0	0.0	0.0	0.0	0.0	0.0	0.0	0.0
0.0	0.3259	0.0005	0.0005	0.0005	0.0005	0.0005	0.0083	0.0083	0.0083	0.0083	0.0083	0.0	0.0	0.0	0.0	0.0	0.0	0.0	0.0	0.0	0.0	0.0004	0.0004	0.0004	0.0004	0.0004	0.0004	0.0004	0.0004	0.0004	0.0004	0.0	0.0	0.0	0.0	0.0	0.0	0.0	0.0	0.0	0.0	0.0	0.0	0.0	0.0	0.0	0.0	0.0	0.0	0.0	0.0	0.0	0.0	0.0	0.0	0.0	0.0	0.0	0.0	0.0	0.0	0.0	0.0
0.0	0.3828	0.0003	0.0003	0.0003	0.0003	0.0003	0.0082	0.0082	0.0082	0.0082	0.0082	0.0	0.0	0.0	0.0	0.0	0.0	0.0	0.0	0.0	0.0	0.0004	0.0004	0.0004	0.0004	0.0004	0.0004	0.0004	0.0004	0.0004	0.0004	0.0	0.0	0.0	0.0	0.0	0.0	0.0	0.0	0.0	0.0	0.0	0.0	0.0	0.0	0.0	0.0	0.0	0.0	0.0	0.0	0.0	0.0	0.0	0.0	0.0	0.0	0.0	0.0	0.0	0.0	0.0	0.0
0.0	0.6506	0.0011	0.0011	0.0011	0.0011	0.0011	0.007	0.007	0.007	0.007	0.007	0.0	0.0	0.0	0.0	0.0	0.0	0.0	0.0	0.0	0.0	0.0002	0.0002	0.0002	0.0002	0.0002	0.0002	0.0002	0.0002	0.0002	0.0002	0.0	0.0	0.0	0.0	0.0	0.0	0.0	0.0	0.0	0.0	0.0	0.0	0.0	0.0	0.0	0.0	0.0	0.0	0.0	0.0	0.0	0.0	0.0	0.0	0.0	0.0	0.0	0.0	0.0	0.0	0.0	0.0
0.0	0.6506	0.0011	0.0011	0.0011	0.0011	0.0011	0.007	0.007	0.007	0.007	0.007	0.0	0.0	0.0	0.0	0.0	0.0	0.0	0.0	0.0	0.0	0.0002	0.0002	0.0002	0.0002	0.0002	0.0002	0.0002	0.0002	0.0002	0.0002	0.0	0.0	0.0	0.0	0.0	0.0	0.0	0.0	0.0	0.0	0.0	0.0	0.0	0.0	0.0	0.0	0.0	0.0	0.0	0.0	0.0	0.0	0.0	0.0	0.0	0.0	0.0	0.0	0.0	0.0	0.0	0.0
0.0	0.5335	0.0004	0.0004	0.0004	0.0004	0.0004	0.0077	0.0077	0.0077	0.0077	0.0077	0.0	0.0	0.0	0.0	0.0	0.0	0.0	0.0	0.0	0.0	0.0002	0.0002	0.0002	0.0002	0.0002	0.0002	0.0002	0.0002	0.0002	0.0002	0.0	0.0	0.0	0.0	0.0	0.0	0.0	0.0	0.0	0.0	0.0	0.0	0.0	0.0	0.0	0.0	0.0	0.0	0.0	0.0	0.0	0.0	0.0	0.0	0.0	0.0	0.0	0.0	0.0	0.0	0.0	0.0
0.0	0.5666	0.0002	0.0002	0.0002	0.0002	0.0002	0.0072	0.0072	0.0072	0.0072	0.0072	0.0	0.0	0.0	0.0	0.0	0.0	0.0	0.0	0.0	0.0	0.0002	0.0002	0.0002	0.0002	0.0002	0.0002	0.0002	0.0002	0.0002	0.0002	0.0	0.0	0.0	0.0	0.0	0.0	0.0	0.0	0.0	0.0	0.0	0.0	0.0	0.0	0.0	0.0	0.0	0.0	0.0	0.0	0.0	0.0	0.0	0.0	0.0	0.0	0.0	0.0	0.0	0.0	0.0	0.0
0.0	0.5666	0.0002	0.0002	0.0002	0.0002	0.0002	0.0072	0.0072	0.0072	0.0072	0.0072	0.0	0.0	0.0	0.0	0.0	0.0	0.0	0.0	0.0	0.0	0.0002	0.0002	0.0002	0.0002	0.0002	0.0002	0.0002	0.0002	0.0002	0.0002	0.0	0.0	0.0	0.0	0.0	0.0	0.0	0.0	0.0	0.0	0.0	0.0	0.0	0.0	0.0	0.0	0.0	0.0	0.0	0.0	0.0	0.0	0.0	0.0	0.0	0.0	0.0	0.0	0.0	0.0	0.0	0.0
0.0	0.5998	0.0007	0.0007	0.0007	0.0007	0.0007	0.0073	0.0073	0.0073	0.0073	0.0073	0.0	0.0	0.0	0.0	0.0	0.0	0.0	0.0	0.0	0.0	0.0002	0.0002	0.0002	0.0002	0.0002	0.0002	0.0002	0.0002	0.0002	0.0002	0.0	0.0	0.0	0.0	0.0	0.0	0.0	0.0	0.0	0.0	0.0	0.0	0.0	0.0	0.0	0.0	0.0	0.0	0.0	0.0	0.0	0.0	0.0	0.0	0.0	0.0	0.0	0.0	0.0	0.0	0.0	0.0
0.0	0.5998	0.0007	0.0007	0.0007	0.0007	0.0007	0.0073	0.0073	0.0073	0.0073	0.0073	0.0	0.0	0.0	0.0	0.0	0.0	0.0	0.0	0.0	0.0	0.0002	0.0002	0.0002	0.0002	0.0002	0.0002	0.0002	0.0002	0.0002	0.0002	0.0	0.0	0.0	0.0	0.0	0.0	0.0	0.0	0.0	0.0	0.0	0.0	0.0	0.0	0.0	0.0	0.0	0.0	0.0	0.0	0.0	0.0	0.0	0.0	0.0	0.0	0.0	0.0	0.0	0.0	0.0	0.0
0.0	0.5071	0.0002	0.0002	0.0002	0.0002	0.0002	0.0078	0.0078	0.0078	0.0078	0.0078	0.0	0.0	0.0	0.0	0.0	0.0	0.0	0.0	0.0	0.0	0.0002	0.0002	0.0002	0.0002	0.0002	0.0002	0.0002	0.0002	0.0002	0.0002	0.0	0.0	0.0	0.0	0.0	0.0	0.0	0.0	0.0	0.0	0.0	0.0	0.0	0.0	0.0	0.0	0.0	0.0	0.0	0.0	0.0	0.0	0.0	0.0	0.0	0.0	0.0	0.0	0.0	0.0	0.0	0.0
0.0	0.7041	0.0008	0.0008	0.0008	0.0008	0.0008	0.0061	0.0061	0.0061	0.0061	0.0061	0.0	0.0	0.0	0.0	0.0	0.0	0.0	0.0	0.0	0.0	0.0001	0.0001	0.0001	0.0001	0.0001	0.0001	0.0001	0.0001	0.0001	0.0001	0.0	0.0	0.0	0.0	0.0	0.0	0.0	0.0	0.0	0.0	0.0	0.0	0.0	0.0	0.0	0.0	0.0	0.0	0.0	0.0	0.0	0.0	0.0	0.0	0.0	0.0	0.0	0.0	0.0	0.0	0.0	0.0
0.0	0.7041	0.0008	0.0008	0.0008	0.0008	0.0008	0.0061	0.0061	0.0061	0.0061	0.0061	0.0	0.0	0.0	0.0	0.0	0.0	0.0	0.0	0.0	0.0	0.0001	0.0001	0.0001	0.0001	0.0001	0.0001	0.0001	0.0001	0.0001	0.0001	0.0	0.0	0.0	0.0	0.0	0.0	0.0	0.0	0.0	0.0	0.0	0.0	0.0	0.0	0.0	0.0	0.0	0.0	0.0	0.0	0.0	0.0	0.0	0.0	0.0	0.0	0.0	0.0	0.0	0.0	0.0	0.0
0.0	0.527	0.0001	0.0001	0.0001	0.0001	0.0001	0.0075	0.0075	0.0075	0.0075	0.0075	0.0	0.0	0.0	0.0	0.0	0.0	0.0	0.0	0.0	0.0	0.0002	0.0002	0.0002	0.0002	0.0002	0.0002	0.0002	0.0002	0.0002	0.0002	0.0	0.0	0.0	0.0	0.0	0.0	0.0	0.0	0.0	0.0	0.0	0.0	0.0	0.0	0.0	0.0	0.0	0.0	0.0	0.0	0.0	0.0	0.0	0.0	0.0	0.0	0.0	0.0	0.0	0.0	0.0	0.0
0.0	0.1873	0.0005	0.0004	0.0004	0.0004	0.0004	0.007	0.0069	0.007	0.0069	0.0069	0.0	0.0	0.0	0.0	0.0	0.0	0.0	0.0	0.0	0.0	0.0005	0.0005	0.0005	0.0005	0.0005	0.0005	0.0005	0.0005	0.0005	0.0005	0.0	0.0	0.0	0.0	0.0	0.0	0.0	0.0	0.0	0.0	0.0001	0.0001	0.0001	0.0001	0.0001	0.0001	0.0001	0.0001	0.0001	0.0001	0.0	0.0	0.0	0.0	0.0	0.0	0.0	0.0	0.0	0.0	0.0	0.0
0.0	0.1873	0.0005	0.0004	0.0004	0.0004	0.0004	0.007	0.0069	0.007	0.0069	0.0069	0.0	0.0	0.0	0.0	0.0	0.0	0.0	0.0	0.0	0.0	0.0005	0.0005	0.0005	0.0005	0.0005	0.0005	0.0005	0.0005	0.0005	0.0005	0.0	0.0	0.0	0.0	0.0	0.0	0.0	0.0	0.0	0.0	0.0001	0.0001	0.0001	0.0001	0.0001	0.0001	0.0001	0.0001	0.0001	0.0001	0.0	0.0	0.0	0.0	0.0	0.0	0.0	0.0	0.0	0.0	0.0	0.0
0.0	0.1514	0.0003	0.0002	0.0002	0.0002	0.0002	0.0062	0.0062	0.0062	0.0062	0.0062	0.0	0.0	0.0	0.0	0.0	0.0	0.0	0.0	0.0	0.0	0.0005	0.0005	0.0005	0.0005	0.0005	0.0005	0.0005	0.0005	0.0005	0.0005	0.0	0.0	0.0	0.0	0.0	0.0	0.0	0.0	0.0	0.0	0.0001	0.0001	0.0001	0.0001	0.0001	0.0001	0.0001	0.0001	0.0001	0.0001	0.0	0.0	0.0	0.0	0.0	0.0	0.0	0.0	0.0	0.0	0.0	0.0
0.0	0.3502	0.0006	0.0006	0.0006	0.0006	0.0006	0.0084	0.0084	0.0084	0.0084	0.0084	0.0	0.0	0.0	0.0	0.0	0.0	0.0	0.0	0.0	0.0	0.0004	0.0004	0.0004	0.0004	0.0004	0.0004	0.0004	0.0004	0.0004	0.0004	0.0	0.0	0.0	0.0	0.0	0.0	0.0	0.0	0.0	0.0	0.0	0.0	0.0	0.0	0.0	0.0	0.0	0.0	0.0	0.0	0.0	0.0	0.0	0.0	0.0	0.0	0.0	0.0	0.0	0.0	0.0	0.0
0.0	0.3959	0.0003	0.0003	0.0003	0.0003	0.0003	0.0082	0.0082	0.0082	0.0082	0.0082	0.0	0.0	0.0	0.0	0.0	0.0	0.0	0.0	0.0	0.0	0.0003	0.0003	0.0003	0.0003	0.0003	0.0003	0.0003	0.0003	0.0003	0.0003	0.0	0.0	0.0	0.0	0.0	0.0	0.0	0.0	0.0	0.0	0.0	0.0	0.0	0.0	0.0	0.0	0.0	0.0	0.0	0.0	0.0	0.0	0.0	0.0	0.0	0.0	0.0	0.0	0.0	0.0	0.0	0.0
0.0	0.4463	0.0002	0.0002	0.0002	0.0002	0.0002	0.0081	0.0081	0.0081	0.0081	0.0081	0.0	0.0	0.0	0.0	0.0	0.0	0.0	0.0	0.0	0.0	0.0003	0.0003	0.0003	0.0003	0.0003	0.0003	0.0003	0.0003	0.0003	0.0003	0.0	0.0	0.0	0.0	0.0	0.0	0.0	0.0	0.0	0.0	0.0	0.0	0.0	0.0	0.0	0.0	0.0	0.0	0.0	0.0	0.0	0.0	0.0	0.0	0.0	0.0	0.0	0.0	0.0	0.0	0.0	0.0
0.0	0.4463	0.0002	0.0002	0.0002	0.0002	0.0002	0.0081	0.0081	0.0081	0.0081	0.0081	0.0	0.0	0.0	0.0	0.0	0.0	0.0	0.0	0.0	0.0	0.0003	0.0003	0.0003	0.0003	0.0003	0.0003	0.0003	0.0003	0.0003	0.0003	0.0	0.0	0.0	0.0	0.0	0.0	0.0	0.0	0.0	0.0	0.0	0.0	0.0	0.0	0.0	0.0	0.0	0.0	0.0	0.0	0.0	0.0	0.0	0.0	0.0	0.0	0.0	0.0	0.0	0.0	0.0	0.0
0.0	0.3727	0.0003	0.0003	0.0003	0.0003	0.0003	0.0082	0.0082	0.0082	0.0082	0.0082	0.0	0.0	0.0	0.0	0.0	0.0	0.0	0.0	0.0	0.0	0.0004	0.0004	0.0004	0.0004	0.0004	0.0004	0.0004	0.0004	0.0004	0.0004	0.0	0.0	0.0	0.0	0.0	0.0	0.0	0.0	0.0	0.0	0.0	0.0	0.0	0.0	0.0	0.0	0.0	0.0	0.0	0.0	0.0	0.0	0.0	0.0	0.0	0.0	0.0	0.0	0.0	0.0	0.0	0.0
0.0	0.672	0.0011	0.0011	0.0011	0.0011	0.0011	0.0067	0.0067	0.0067	0.0067	0.0067	0.0	0.0	0.0	0.0	0.0	0.0	0.0	0.0	0.0	0.0	0.0001	0.0001	0.0001	0.0001	0.0001	0.0001	0.0001	0.0001	0.0001	0.0001	0.0	0.0	0.0	0.0	0.0	0.0	0.0	0.0	0.0	0.0	0.0	0.0	0.0	0.0	0.0	0.0	0.0	0.0	0.0	0.0	0.0	0.0	0.0	0.0	0.0	0.0	0.0	0.0	0.0	0.0	0.0	0.0
0.0	0.672	0.0011	0.0011	0.0011	0.0011	0.0011	0.0067	0.0067	0.0067	0.0067	0.0067	0.0	0.0	0.0	0.0	0.0	0.0	0.0	0.0	0.0	0.0	0.0001	0.0001	0.0001	0.0001	0.0001	0.0001	0.0001	0.0001	0.0001	0.0001	0.0	0.0	0.0	0.0	0.0	0.0	0.0	0.0	0.0	0.0	0.0	0.0	0.0	0.0	0.0	0.0	0.0	0.0	0.0	0.0	0.0	0.0	0.0	0.0	0.0	0.0	0.0	0.0	0.0	0.0	0.0	0.0
0.0	0.6124	0.0007	0.0007	0.0007	0.0007	0.0007	0.0072	0.0072	0.0072	0.0072	0.0072	0.0	0.0	0.0	0.0	0.0	0.0	0.0	0.0	0.0	0.0	0.0002	0.0002	0.0002	0.0002	0.0002	0.0002	0.0002	0.0002	0.0002	0.0002	0.0	0.0	0.0	0.0	0.0	0.0	0.0	0.0	0.0	0.0	0.0	0.0	0.0	0.0	0.0	0.0	0.0	0.0	0.0	0.0	0.0	0.0	0.0	0.0	0.0	0.0	0.0	0.0	0.0	0.0	0.0	0.0
0.0	0.6124	0.0007	0.0007	0.0007	0.0007	0.0007	0.0072	0.0072	0.0072	0.0072	0.0072	0.0	0.0	0.0	0.0	0.0	0.0	0.0	0.0	0.0	0.0	0.0002	0.0002	0.0002	0.0002	0.0002	0.0002	0.0002	0.0002	0.0002	0.0002	0.0	0.0	0.0	0.0	0.0	0.0	0.0	0.0	0.0	0.0	0.0	0.0	0.0	0.0	0.0	0.0	0.0	0.0	0.0	0.0	0.0	0.0	0.0	0.0	0.0	0.0	0.0	0.0	0.0	0.0	0.0	0.0
0.0	0.3884	0.0003	0.0003	0.0003	0.0003	0.0003	0.0082	0.0082	0.0082	0.0082	0.0082	0.0	0.0	0.0	0.0	0.0	0.0	0.0	0.0	0.0	0.0	0.0004	0.0004	0.0004	0.0004	0.0004	0.0004	0.0004	0.0004	0.0004	0.0004	0.0	0.0	0.0	0.0	0.0	0.0	0.0	0.0	0.0	0.0	0.0	0.0	0.0	0.0	0.0	0.0	0.0	0.0	0.0	0.0	0.0	0.0	0.0	0.0	0.0	0.0	0.0	0.0	0.0	0.0	0.0	0.0
0.0	0.4257	0.0002	0.0002	0.0002	0.0002	0.0002	0.0081	0.0081	0.0081	0.0081	0.0081	0.0	0.0	0.0	0.0	0.0	0.0	0.0	0.0	0.0	0.0	0.0003	0.0003	0.0003	0.0003	0.0003	0.0003	0.0003	0.0003	0.0003	0.0003	0.0	0.0	0.0	0.0	0.0	0.0	0.0	0.0	0.0	0.0	0.0	0.0	0.0	0.0	0.0	0.0	0.0	0.0	0.0	0.0	0.0	0.0	0.0	0.0	0.0	0.0	0.0	0.0	0.0	0.0	0.0	0.0
0.0	0.5046	0.0004	0.0004	0.0004	0.0004	0.0004	0.0079	0.0079	0.0079	0.0079	0.0079	0.0	0.0	0.0	0.0	0.0	0.0	0.0	0.0	0.0	0.0	0.0002	0.0002	0.0002	0.0002	0.0002	0.0002	0.0002	0.0002	0.0002	0.0002	0.0	0.0	0.0	0.0	0.0	0.0	0.0	0.0	0.0	0.0	0.0	0.0	0.0	0.0	0.0	0.0	0.0	0.0	0.0	0.0	0.0	0.0	0.0	0.0	0.0	0.0	0.0	0.0	0.0	0.0	0.0	0.0
0.0	0.5046	0.0004	0.0004	0.0004	0.0004	0.0004	0.0079	0.0079	0.0079	0.0079	0.0079	0.0	0.0	0.0	0.0	0.0	0.0	0.0	0.0	0.0	0.0	0.0002	0.0002	0.0002	0.0002	0.0002	0.0002	0.0002	0.0002	0.0002	0.0002	0.0	0.0	0.0	0.0	0.0	0.0	0.0	0.0	0.0	0.0	0.0	0.0	0.0	0.0	0.0	0.0	0.0	0.0	0.0	0.0	0.0	0.0	0.0	0.0	0.0	0.0	0.0	0.0	0.0	0.0	0.0	0.0
0.0	0.3537	0.0001	0.0001	0.0001	0.0001	0.0001	0.0081	0.0081	0.0081	0.0081	0.0081	0.0	0.0	0.0	0.0	0.0	0.0	0.0	0.0	0.0	0.0	0.0004	0.0004	0.0004	0.0004	0.0004	0.0004	0.0004	0.0004	0.0004	0.0004	0.0	0.0	0.0	0.0	0.0	0.0	0.0	0.0	0.0	0.0	0.0	0.0	0.0	0.0	0.0	0.0	0.0	0.0	0.0	0.0	0.0	0.0	0.0	0.0	0.0	0.0	0.0	0.0	0.0	0.0	0.0	0.0
0.0	0.4451	0.0004	0.0004	0.0004	0.0004	0.0004	0.0082	0.0082	0.0082	0.0082	0.0082	0.0	0.0	0.0	0.0	0.0	0.0	0.0	0.0	0.0	0.0	0.0003	0.0003	0.0003	0.0003	0.0003	0.0003	0.0003	0.0003	0.0003	0.0003	0.0	0.0	0.0	0.0	0.0	0.0	0.0	0.0	0.0	0.0	0.0	0.0	0.0	0.0	0.0	0.0	0.0	0.0	0.0	0.0	0.0	0.0	0.0	0.0	0.0	0.0	0.0	0.0	0.0	0.0	0.0	0.0
0.0	0.7518	0.0009	0.0009	0.0009	0.0009	0.0009	0.0055	0.0055	0.0055	0.0055	0.0055	0.0	0.0	0.0	0.0	0.0	0.0	0.0	0.0	0.0	0.0	0.0001	0.0001	0.0001	0.0001	0.0001	0.0001	0.0001	0.0001	0.0001	0.0001	0.0	0.0	0.0	0.0	0.0	0.0	0.0	0.0	0.0	0.0	0.0	0.0	0.0	0.0	0.0	0.0	0.0	0.0	0.0	0.0	0.0	0.0	0.0	0.0	0.0	0.0	0.0	0.0	0.0	0.0	0.0	0.0
0.0	0.7518	0.0009	0.0009	0.0009	0.0009	0.0009	0.0055	0.0055	0.0055	0.0055	0.0055	0.0	0.0	0.0	0.0	0.0	0.0	0.0	0.0	0.0	0.0	0.0001	0.0001	0.0001	0.0001	0.0001	0.0001	0.0001	0.0001	0.0001	0.0001	0.0	0.0	0.0	0.0	0.0	0.0	0.0	0.0	0.0	0.0	0.0	0.0	0.0	0.0	0.0	0.0	0.0	0.0	0.0	0.0	0.0	0.0	0.0	0.0	0.0	0.0	0.0	0.0	0.0	0.0	0.0	0.0
0.0	0.5796	0.0002	0.0002	0.0002	0.0002	0.0002	0.0071	0.0071	0.0071	0.0071	0.0071	0.0	0.0	0.0	0.0	0.0	0.0	0.0	0.0	0.0	0.0	0.0002	0.0002	0.0002	0.0002	0.0002	0.0002	0.0002	0.0002	0.0002	0.0002	0.0	0.0	0.0	0.0	0.0	0.0	0.0	0.0	0.0	0.0	0.0	0.0	0.0	0.0	0.0	0.0	0.0	0.0	0.0	0.0	0.0	0.0	0.0	0.0	0.0	0.0	0.0	0.0	0.0	0.0	0.0	0.0
0.0	0.5965	0.0001	0.0001	0.0001	0.0001	0.0001	0.0069	0.0069	0.0069	0.0069	0.0069	0.0	0.0	0.0	0.0	0.0	0.0	0.0	0.0	0.0	0.0	0.0002	0.0002	0.0002	0.0002	0.0002	0.0002	0.0002	0.0002	0.0002	0.0002	0.0	0.0	0.0	0.0	0.0	0.0	0.0	0.0	0.0	0.0	0.0	0.0	0.0	0.0	0.0	0.0	0.0	0.0	0.0	0.0	0.0	0.0	0.0	0.0	0.0	0.0	0.0	0.0	0.0	0.0	0.0	0.0
0.0	0.658	0.0003	0.0003	0.0003	0.0003	0.0003	0.0063	0.0063	0.0063	0.0063	0.0063	0.0	0.0	0.0	0.0	0.0	0.0	0.0	0.0	0.0	0.0	0.0001	0.0001	0.0001	0.0001	0.0001	0.0001	0.0001	0.0001	0.0001	0.0001	0.0	0.0	0.0	0.0	0.0	0.0	0.0	0.0	0.0	0.0	0.0	0.0	0.0	0.0	0.0	0.0	0.0	0.0	0.0	0.0	0.0	0.0	0.0	0.0	0.0	0.0	0.0	0.0	0.0	0.0	0.0	0.0
0.0	0.658	0.0003	0.0003	0.0003	0.0003	0.0003	0.0063	0.0063	0.0063	0.0063	0.0063	0.0	0.0	0.0	0.0	0.0	0.0	0.0	0.0	0.0	0.0	0.0001	0.0001	0.0001	0.0001	0.0001	0.0001	0.0001	0.0001	0.0001	0.0001	0.0	0.0	0.0	0.0	0.0	0.0	0.0	0.0	0.0	0.0	0.0	0.0	0.0	0.0	0.0	0.0	0.0	0.0	0.0	0.0	0.0	0.0	0.0	0.0	0.0	0.0	0.0	0.0	0.0	0.0	0.0	0.0
0.0156	0.0156	0.0156	0.0156	0.0156	0.0156	0.0156	0.0156	0.0156	0.0156	0.0156	0.0156	0.0156	0.0156	0.0156	0.0156	0.0156	0.0156	0.0156	0.0156	0.0156	0.0156	0.0156	0.0156	0.0156	0.0156	0.0156	0.0156	0.0156	0.0156	0.0156	0.0156	0.0156	0.0156	0.0156	0.0156	0.0156	0.0156	0.0156	0.0156	0.0156	0.0156	0.0156	0.0156	0.0156	0.0156	0.0156	0.0156	0.0156	0.0156	0.0156	0.0156	0.0156	0.0156	0.0156	0.0156	0.0156	0.0156	0.0156	0.0156	0.0156	0.0156	0.0156	0.0156
0.0	0.0764	0.0719	0.0491	0.0692	0.0491	0.0491	0.0042	0.0036	0.0041	0.0036	0.0036	0.0033	0.0038	0.0033	0.0033	0.0032	0.0027	0.0027	0.0032	0.0032	0.0027	0.001	0.001	0.001	0.001	0.0009	0.0009	0.0009	0.0009	0.0009	0.0009	0.0009	0.0008	0.0008	0.0009	0.0009	0.0008	0.0008	0.0008	0.0007	0.0008	0.0007	0.0007	0.0007	0.0007	0.0007	0.0007	0.0007	0.0007	0.0007	0.0007	0.0006	0.0006	0.0006	0.0006	0.0006	0.0007	0.0007	0.0007	0.0007	0.0007	0.0006	0.0008
0.0	0.0013	0.025	0.0108	0.0085	0.0022	0.0011	0.0018	0.0008	0.0007	0.0003	0.0002	0.0024	0.0022	0.0018	0.0017	0.0013	0.0009	0.0008	0.0007	0.0006	0.0002	0.0004	0.0004	0.0003	0.0003	0.0002	0.0002	0.0002	0.0001	0.0001	0.0001	0.0004	0.0004	0.0004	0.0004	0.0003	0.0003	0.0002	0.0002	0.0002	0.0001	0.0001	0.0001	0.0001	0.0001	0.0001	0.0001	0.0001	0.0001	0.0001	0.0001	0.0001	0.0001	0.0001	0.0001	0.0001	0.0001	0.0001	0.0001	0.0001	0.0001	0.0001	0.0001
0.0	0.011	0.0329	0.3302	0.0175	0.0115	0.1039	0.0018	0.0076	0.001	0.0007	0.0024	0.014	0.0021	0.0018	0.0088	0.0095	0.0078	0.0113	0.001	0.0043	0.0026	0.0013	0.0005	0.0004	0.001	0.0009	0.0007	0.001	0.0003	0.0005	0.0003	0.0015	0.0013	0.0021	0.0004	0.0011	0.001	0.0009	0.0013	0.001	0.0005	0.0004	0.0004	0.0005	0.0003	0.0004	0.0003	0.0003	0.0003	0.0003	0.0002	0.0004	0.0006	0.0005	0.0004	0.0003	0.0003	0.0003	0.0003	0.0003	0.0002	0.0003	0.0004
0.0	0.0048	0.0101	0.0101	0.0099	0.0086	0.0113	0.0009	0.0009	0.0009	0.0008	0.001	0.0013	0.0012	0.0012	0.0013	0.0012	0.0012	0.0013	0.0011	0.0013	0.0012	0.0002	0.0002	0.0002	0.0002	0.0002	0.0002	0.0002	0.0002	0.0002	0.0002	0.0003	0.0002	0.0003	0.0002	0.0003	0.0003	0.0002	0.0003	0.0003	0.0003	0.0001	0.0001	0.0001	0.0001	0.0001	0.0001	0.0001	0.0001	0.0001	0.0001	0.0001	0.0001	0.0001	0.0001	0.0001	0.0001	0.0001	0.0001	0.0001	0.0001	0.0001	0.0001
0.0	0.0226	0.1411	0.1883	0.0903	0.028	0.0264	0.003	0.0042	0.0018	0.0009	0.0009	0.0068	0.0041	0.0032	0.0032	0.0055	0.0045	0.0047	0.002	0.0019	0.001	0.0004	0.0002	0.0002	0.0002	0.0003	0.0003	0.0003	0.0001	0.0001	0.0001	0.0005	0.0005	0.0005	0.0003	0.0003	0.0002	0.0004	0.0004	0.0003	0.0001	0.0001	0.0001	0.0001	0.0001	0.0001	0.0001	0.0001	0.0001	0.0001	0.0	0.0001	0.0001	0.0001	0.0001	0.0001	0.0	0.0	0.0	0.0	0.0	0.0	0.0
0.0	0.0014	0.3926	0.0032	0.0019	0.0015	0.0015	0.0089	0.0002	0.0001	0.0001	0.0001	0.0106	0.0094	0.009	0.009	0.0002	0.0002	0.0002	0.0001	0.0001	0.0001	0.0006	0.0005	0.0004	0.0005	0.0	0.0	0.0	0.0	0.0	0.0	0.0006	0.0006	0.0006	0.0005	0.0005	0.0005	0.0	0.0	0.0	0.0	0.0001	0.0001	0.0001	0.0	0.0	0.0	0.0	0.0	0.0	0.0	0.0001	0.0001	0.0001	0.0	0.0	0.0	0.0	0.0	0.0	0.0	0.0	0.0
0.0	0.0042	0.4838	0.0108	0.0059	0.1569	0.0047	0.0055	0.0003	0.0002	0.0018	0.0001	0.0075	0.0061	0.0084	0.0057	0.0003	0.0036	0.0003	0.0023	0.0002	0.0019	0.0003	0.0002	0.0003	0.0002	0.0	0.0002	0.0	0.0001	0.0	0.0001	0.0003	0.0005	0.0003	0.0003	0.0002	0.0003	0.0002	0.0	0.0002	0.0001	0.0	0.0	0.0	0.0	0.0	0.0	0.0	0.0	0.0	0.0	0.0001	0.0	0.0001	0.0	0.0	0.0	0.0	0.0	0.0	0.0	0.0	0.0
0.0	0.0161	0.6398	0.0208	0.0207	0.139	0.022	0.0094	0.0011	0.0011	0.0019	0.0012	0.0125	0.0124	0.0128	0.0132	0.0014	0.0025	0.0014	0.0025	0.0014	0.0026	0.0011	0.0011	0.0011	0.0011	0.0003	0.0004	0.0003	0.0004	0.0003	0.0004	0.0013	0.0013	0.0013	0.0013	0.0013	0.0014	0.0004	0.0004	0.0004	0.0004	0.0003	0.0003	0.0003	0.0003	0.0003	0.0003	0.0002	0.0002	0.0002	0.0002	0.0003	0.0003	0.0003	0.0003	0.0002	0.0002	0.0002	0.0002	0.0002	0.0002	0.0002	0.0002
0.0	0.0107	0.2217	0.0692	0.068	0.0155	0.0123	0.005	0.0016	0.0016	0.0005	0.0005	0.0064	0.0064	0.0052	0.0051	0.0028	0.0017	0.0017	0.0017	0.0016	0.0006	0.0003	0.0003	0.0003	0.0003	0.0001	0.0001	0.0001	0.0001	0.0001	0.0	0.0004	0.0003	0.0003	0.0003	0.0003	0.0003	0.0001	0.0001	0.0001	0.0001	0.0	0.0	0.0	0.0	0.0	0.0	0.0	0.0	0.0	0.0	0.0	0.0	0.0	0.0	0.0	0.0	0.0	0.0	0.0	0.0	0.0	0.0
0.0	0.0018	0.007	0.4537	0.0031	0.0019	0.0018	0.0003	0.0089	0.0001	0.0001	0.0001	0.0139	0.0004	0.0003	0.0003	0.0101	0.009	0.0089	0.0002	0.0001	0.0001	0.0007	0.0	0.0	0.0	0.0004	0.0004	0.0004	0.0	0.0	0.0	0.0007	0.0007	0.0007	0.0	0.0	0.0	0.0005	0.0005	0.0004	0.0	0.0001	0.0001	0.0001	0.0	0.0	0.0	0.0	0.0	0.0	0.0	0.0001	0.0001	0.0001	0.0	0.0	0.0	0.0	0.0	0.0	0.0	0.0	0.0
0.0	0.0046	0.5053	0.1492	0.0056	0.0065	0.0059	0.0053	0.002	0.0002	0.0003	0.0002	0.0144	0.0057	0.0058	0.0059	0.0021	0.0029	0.0022	0.0003	0.0003	0.0003	0.0007	0.0002	0.0002	0.0003	0.0002	0.0002	0.0002	0.0001	0.0001	0.0001	0.0007	0.0008	0.0008	0.0003	0.0003	0.0003	0.0002	0.0002	0.0002	0.0001	0.0001	0.0001	0.0001	0.0001	0.0001	0.0001	0.0001	0.0001	0.0001	0.0	0.0001	0.0001	0.0001	0.0001	0.0001	0.0001	0.0001	0.0001	0.0	0.0001	0.0001	0.0
0.0	0.0038	0.024	0.2146	0.0751	0.0073	0.0042	0.0007	0.0055	0.0019	0.0003	0.0002	0.0079	0.0033	0.0008	0.0007	0.0075	0.0057	0.0055	0.002	0.0019	0.0003	0.0005	0.0002	0.0001	0.0001	0.0004	0.0003	0.0003	0.0001	0.0001	0.0	0.0006	0.0005	0.0005	0.0002	0.0002	0.0001	0.0004	0.0004	0.0003	0.0001	0.0001	0.0001	0.0001	0.0	0.0	0.0	0.0	0.0	0.0	0.0	0.0001	0.0001	0.0001	0.0	0.0	0.0	0.0	0.0	0.0	0.0	0.0	0.0
0.0	0.0014	0.766	0.0036	0.0015	0.0015	0.0015	0.0055	0.0001	0.0	0.0	0.0	0.0077	0.0056	0.0056	0.0056	0.0001	0.0001	0.0001	0.0	0.0001	0.0001	0.0002	0.0001	0.0001	0.0001	0.0	0.0	0.0	0.0	0.0	0.0	0.0002	0.0002	0.0002	0.0001	0.0001	0.0001	0.0	0.0	0.0	0.0	0.0	0.0	0.0	0.0	0.0	0.0	0.0	0.0	0.0	0.0	0.0	0.0	0.0	0.0	0.0	0.0	0.0	0.0	0.0	0.0	0.0	0.0
0.0	0.0026	0.1872	0.5302	0.0029	0.003	0.003	0.0024	0.0032	0.0002	0.0002	0.0002	0.1874	0.0025	0.0026	0.0026	0.0035	0.0036	0.0036	0.0002	0.0002	0.0002	0.0026	0.0002	0.0002	0.0002	0.0002	0.0002	0.0002	0.0	0.0	0.0	0.0027	0.0028	0.0028	0.0002	0.0002	0.0002	0.0002	0.0002	0.0002	0.0	0.0002	0.0002	0.0002	0.0	0.0	0.0	0.0	0.0	0.0	0.0	0.0002	0.0002	0.0002	0.0	0.0	0.0	0.0	0.0	0.0	0.0	0.0	0.0
0.0	0.0022	0.0322	0.0445	0.2217	0.0024	0.0024	0.0016	0.0019	0.006	0.0003	0.0004	0.0179	0.0349	0.0017	0.0017	0.0469	0.002	0.002	0.0062	0.0062	0.0004	0.0015	0.0023	0.0003	0.0003	0.0028	0.0003	0.0003	0.0006	0.0006	0.0002	0.0196	0.0015	0.0015	0.0024	0.0024	0.0003	0.003	0.003	0.0003	0.0006	0.002	0.0003	0.0003	0.0004	0.0004	0.0001	0.0005	0.0005	0.0001	0.0002	0.0021	0.0021	0.0003	0.0004	0.0005	0.0004	0.0004	0.0001	0.0002	0.0002	0.0004	0.0002
0.0	0.0089	0.2427	0.0748	0.4835	0.011	0.0093	0.0011	0.0006	0.0028	0.0001	0.0001	0.0033	0.0097	0.0011	0.0011	0.0108	0.0006	0.0006	0.0029	0.0029	0.0001	0.0002	0.0003	0.0	0.0	0.0004	0.0	0.0	0.0001	0.0001	0.0	0.0022	0.0002	0.0002	0.0003	0.0003	0.0	0.0004	0.0004	0.0	0.0001	0.0002	0.0	0.0	0.0	0.0	0.0	0.0	0.0	0.0	0.0	0.0002	0.0002	0.0	0.0	0.0	0.0	0.0	0.0	0.0	0.0	0.0	0.0
0.0	0.0009	0.003	0.0033	0.8999	0.0009	0.0009	0.0001	0.0001	0.0026	0.0	0.0	0.0003	0.0047	0.0001	0.0001	0.005	0.0001	0.0001	0.0026	0.0026	0.0	0.0	0.0001	0.0	0.0	0.0001	0.0	0.0	0.0	0.0	0.0	0.0004	0.0	0.0	0.0001	0.0001	0.0	0.0001	0.0001	0.0	0.0	0.0	0.0	0.0	0.0	0.0	0.0	0.0	0.0	0.0	0.0	0.0	0.0	0.0	0.0	0.0	0.0	0.0	0.0	0.0	0.0	0.0	0.0
0.0	0.0083	0.0382	0.0484	0.5758	0.1405	0.0086	0.0005	0.0007	0.0038	0.0006	0.0002	0.0035	0.0134	0.0011	0.0006	0.0174	0.0012	0.0007	0.0047	0.0039	0.0006	0.0003	0.0005	0.0001	0.0001	0.0006	0.0001	0.0001	0.0002	0.0001	0.0	0.0035	0.0003	0.0003	0.0006	0.0005	0.0001	0.0007	0.0006	0.0001	0.0002	0.0003	0.0001	0.0001	0.0001	0.0001	0.0	0.0001	0.0001	0.0	0.0	0.0004	0.0003	0.0001	0.0001	0.0001	0.0001	0.0001	0.0	0.0	0.0	0.0001	0.0
0.0	0.0012	0.0042	0.0054	0.9091	0.0166	0.0012	0.0001	0.0001	0.002	0.0	0.0	0.0005	0.0045	0.0001	0.0001	0.0055	0.0001	0.0001	0.0023	0.002	0.0	0.0	0.0001	0.0	0.0	0.0001	0.0	0.0	0.0	0.0	0.0	0.0005	0.0	0.0	0.0001	0.0001	0.0	0.0001	0.0001	0.0	0.0	0.0	0.0	0.0	0.0	0.0	0.0	0.0	0.0	0.0	0.0	0.0	0.0	0.0	0.0	0.0	0.0	0.0	0.0	0.0	0.0	0.0	0.0
0.0	0.0004	0.0008	0.001	0.972	0.0004	0.0004	0.0	0.0	0.0008	0.0	0.0	0.0	0.0013	0.0	0.0	0.0015	0.0	0.0	0.0009	0.0008	0.0	0.0	0.0	0.0	0.0	0.0	0.0	0.0	0.0	0.0	0.0	0.0	0.0	0.0	0.0	0.0	0.0	0.0	0.0	0.0	0.0	0.0	0.0	0.0	0.0	0.0	0.0	0.0	0.0	0.0	0.0	0.0	0.0	0.0	0.0	0.0	0.0	0.0	0.0	0.0	0.0	0.0	0.0
0.0	0.0055	0.2907	0.0382	0.5863	0.0067	0.0057	0.0005	0.0001	0.0012	0.0	0.0	0.0007	0.0027	0.0005	0.0005	0.0024	0.0001	0.0001	0.0013	0.0012	0.0	0.0	0.0	0.0	0.0	0.0	0.0	0.0	0.0	0.0	0.0	0.0002	0.0	0.0	0.0	0.0	0.0	0.0	0.0	0.0	0.0	0.0	0.0	0.0	0.0	0.0	0.0	0.0	0.0	0.0	0.0	0.0	0.0	0.0	0.0	0.0	0.0	0.0	0.0	0.0	0.0	0.0	0.0
0.0	0.0003	0.0008	0.0007	0.9943	0.0004	0.0003	0.0	0.0	0.0003	0.0	0.0	0.0	0.0008	0.0	0.0	0.0007	0.0	0.0	0.0004	0.0003	0.0	0.0	0.0	0.0	0.0	0.0	0.0	0.0	0.0	0.0	0.0	0.0	0.0	0.0	0.0	0.0	0.0	0.0	0.0	0.0	0.0	0.0	0.0	0.0	0.0	0.0	0.0	0.0	0.0	0.0	0.0	0.0	0.0	0.0	0.0	0.0	0.0	0.0	0.0	0.0	0.0	0.0	0.0
0.0	0.0366	0.0483	0.0474	0.0451	0.0434	0.044	0.0029	0.0028	0.0027	0.0026	0.0026	0.0033	0.0032	0.0031	0.0031	0.0031	0.003	0.003	0.0029	0.0029	0.0028	0.0007	0.0007	0.0007	0.0006	0.0007	0.0006	0.0006	0.0006	0.0006	0.0006	0.0007	0.0007	0.0007	0.0007	0.0007	0.0007	0.0007	0.0007	0.0007	0.0006	0.0005	0.0005	0.0005	0.0005	0.0005	0.0005	0.0005	0.0005	0.0004	0.0004	0.0005	0.0005	0.0005	0.0005	0.0005	0.0005	0.0005	0.0005	0.0005	0.0005	0.0005	0.0006
0.0	0.7567	0.01	0.0097	0.0093	0.0089	0.009	0.0119	0.0117	0.0112	0.0109	0.0109	0.0012	0.0012	0.0012	0.0012	0.0012	0.0011	0.0011	0.0011	0.0011	0.001	0.0013	0.0013	0.0012	0.0012	0.0012	0.0012	0.0012	0.0011	0.0011	0.0011	0.0006	0.0006	0.0006	0.0006	0.0006	0.0006	0.0006	0.0006	0.0006	0.0006	0.0007	0.0007	0.0007	0.0006	0.0006	0.0006	0.0006	0.0006	0.0006	0.0006	0.0005	0.0005	0.0005	0.0005	0.0005	0.0006	0.0006	0.0005	0.0005	0.0005	0.0006	0.0006
0.0	0.5468	0.0027	0.0015	0.0014	0.0014	0.0014	0.0083	0.0083	0.0082	0.0082	0.0082	0.0001	0.0001	0.0001	0.0001	0.0001	0.0001	0.0001	0.0001	0.0001	0.0001	0.0003	0.0003	0.0003	0.0003	0.0003	0.0003	0.0003	0.0003	0.0003	0.0003	0.0	0.0	0.0	0.0	0.0	0.0	0.0	0.0	0.0	0.0	0.0001	0.0	0.0	0.0	0.0	0.0	0.0	0.0	0.0	0.0	0.0	0.0	0.0	0.0	0.0	0.0	0.0	0.0	0.0	0.0	0.0	0.0
0.0	0.0335	0.0005	0.0004	0.0344	0.0004	0.0004	0.0021	0.0021	0.0321	0.0021	0.0021	0.0001	0.002	0.0001	0.0001	0.002	0.0001	0.0001	0.002	0.002	0.0001	0.0003	0.0037	0.0003	0.0003	0.0037	0.0003	0.0003	0.0037	0.0037	0.0003	0.0003	0.0001	0.0001	0.0003	0.0003	0.0001	0.0003	0.0003	0.0001	0.0003	0.0007	0.0001	0.0001	0.0007	0.0007	0.0001	0.0007	0.0007	0.0001	0.0007	0.0001	0.0001	0.0	0.0001	0.0001	0.0003	0.0003	0.0001	0.0003	0.0002	0.0001	0.0002
0.0	0.0318	0.047	0.0016	0.0307	0.0016	0.0016	0.0314	0.0031	0.0273	0.0031	0.0031	0.0027	0.0303	0.0027	0.0027	0.0029	0.0005	0.0005	0.0029	0.0029	0.0004	0.004	0.0295	0.004	0.004	0.0053	0.0009	0.0009	0.0053	0.0053	0.0008	0.0038	0.0006	0.0006	0.0037	0.0037	0.0006	0.0008	0.0008	0.0003	0.0008	0.0068	0.0012	0.0012	0.0068	0.0068	0.0011	0.0019	0.0019	0.0006	0.0019	0.0011	0.0011	0.0004	0.0011	0.0005	0.0026	0.0026	0.0007	0.0026	0.0013	0.0007	0.0018
0.0	0.0574	0.1124	0.0009	0.0009	0.0009	0.0009	0.0574	0.0028	0.0028	0.0027	0.0027	0.0042	0.0042	0.0042	0.0042	0.0002	0.0002	0.0002	0.0002	0.0002	0.0002	0.0047	0.0046	0.0046	0.0046	0.0004	0.0004	0.0004	0.0003	0.0003	0.0003	0.0004	0.0004	0.0004	0.0004	0.0004	0.0004	0.0001	0.0001	0.0001	0.0001	0.0007	0.0007	0.0007	0.0007	0.0007	0.0007	0.0001	0.0001	0.0001	0.0001	0.0001	0.0001	0.0001	0.0001	0.0001	0.0002	0.0002	0.0002	0.0002	0.0001	0.0001	0.0002
0.0	0.0262	0.0399	0.0016	0.0502	0.0015	0.0015	0.022	0.0023	0.0261	0.0023	0.0023	0.003	0.0391	0.003	0.003	0.0029	0.0004	0.0004	0.0028	0.0028	0.0004	0.0036	0.0243	0.0036	0.0036	0.0031	0.0006	0.0006	0.0031	0.0031	0.0006	0.0042	0.0007	0.0007	0.0041	0.0041	0.0007	0.0006	0.0006	0.0003	0.0006	0.0048	0.0011	0.0011	0.0048	0.0048	0.0011	0.0009	0.0009	0.0004	0.0009	0.001	0.001	0.0004	0.001	0.0004	0.0017	0.0017	0.0007	0.0016	0.0006	0.0006	0.0011
0.0	0.0451	0.0674	0.005	0.5197	0.0048	0.0048	0.0211	0.0028	0.0462	0.0028	0.0028	0.0038	0.0685	0.0037	0.0037	0.0063	0.0005	0.0005	0.0062	0.0062	0.0005	0.0032	0.0215	0.0032	0.0032	0.003	0.0006	0.0006	0.0029	0.0029	0.0006	0.004	0.0007	0.0007	0.0039	0.0039	0.0007	0.0006	0.0006	0.0002	0.0006	0.0033	0.0009	0.0009	0.0033	0.0033	0.0009	0.0006	0.0006	0.0003	0.0006	0.0007	0.0007	0.0003	0.0007	0.0003	0.001	0.001	0.0005	0.0009	0.0003	0.0003	0.0005
0.0	0.0342	0.0733	0.0131	0.0713	0.0123	0.0123	0.0087	0.002	0.0084	0.0019	0.0019	0.0033	0.0054	0.0032	0.0032	0.0032	0.001	0.001	0.0031	0.0031	0.001	0.001	0.0016	0.001	0.001	0.001	0.0004	0.0004	0.001	0.001	0.0004	0.0007	0.0005	0.0005	0.0007	0.0007	0.0005	0.0005	0.0005	0.0003	0.0005	0.0005	0.0004	0.0004	0.0005	0.0005	0.0003	0.0004	0.0004	0.0002	0.0003	0.0003	0.0003	0.0003	0.0003	0.0003	0.0003	0.0003	0.0003	0.0003	0.0003	0.0003	0.0004
0.0	0.1236	0.0053	0.0012	0.005	0.0012	0.0012	0.0097	0.0059	0.0095	0.0059	0.0059	0.0005	0.0008	0.0005	0.0005	0.0005	0.0002	0.0002	0.0005	0.0005	0.0002	0.0012	0.0016	0.0011	0.0011	0.0011	0.0007	0.0007	0.0011	0.0011	0.0007	0.0002	0.0001	0.0001	0.0002	0.0002	0.0001	0.0001	0.0001	0.0001	0.0001	0.0004	0.0003	0.0003	0.0004	0.0004	0.0003	0.0003	0.0003	0.0002	0.0003	0.0001	0.0001	0.0001	0.0001	0.0001	0.0002	0.0002	0.0002	0.0002	0.0002	0.0001	0.0002
0.0	0.2922	0.1754	0.0062	0.0158	0.006	0.006	0.018	0.0062	0.0136	0.0062	0.0062	0.0038	0.0047	0.0037	0.0037	0.0009	0.0004	0.0004	0.0009	0.0009	0.0004	0.0013	0.0019	0.0012	0.0012	0.001	0.0005	0.0005	0.001	0.001	0.0005	0.0005	0.0004	0.0004	0.0005	0.0005	0.0003	0.0002	0.0002	0.0002	0.0002	0.0004	0.0003	0.0003	0.0004	0.0004	0.0003	0.0003	0.0003	0.0002	0.0002	0.0002	0.0002	0.0002	0.0002	0.0002	0.0002	0.0002	0.0002	0.0002	0.0002	0.0002	0.0002
0.0	0.281	0.0029	0.001	0.0022	0.001	0.001	0.0101	0.0083	0.0094	0.0083	0.0083	0.0002	0.0003	0.0002	0.0002	0.0002	0.0001	0.0001	0.0002	0.0002	0.0001	0.0007	0.0008	0.0007	0.0007	0.0006	0.0005	0.0005	0.0006	0.0006	0.0005	0.0	0.0	0.0	0.0	0.0	0.0	0.0	0.0	0.0	0.0	0.0001	0.0001	0.0001	0.0001	0.0001	0.0001	0.0001	0.0001	0.0001	0.0001	0.0	0.0	0.0	0.0	0.0	0.0	0.0	0.0	0.0	0.0	0.0	0.0
0.0	0.5642	0.0034	0.0028	0.0031	0.0028	0.0028	0.0097	0.0092	0.0095	0.0092	0.0092	0.0002	0.0002	0.0002	0.0002	0.0002	0.0001	0.0001	0.0002	0.0002	0.0001	0.0004	0.0004	0.0004	0.0004	0.0004	0.0004	0.0004	0.0004	0.0004	0.0004	0.0	0.0	0.0	0.0	0.0	0.0	0.0	0.0	0.0	0.0	0.0	0.0	0.0	0.0	0.0	0.0	0.0	0.0	0.0	0.0	0.0	0.0	0.0	0.0	0.0	0.0	0.0	0.0	0.0	0.0	0.0	0.0
0.0	0.3845	0.004	0.0014	0.003	0.0014	0.0014	0.0113	0.0088	0.0104	0.0088	0.0088	0.0002	0.0003	0.0002	0.0002	0.0002	0.0001	0.0001	0.0002	0.0002	0.0001	0.0006	0.0008	0.0006	0.0006	0.0006	0.0005	0.0005	0.0006	0.0006	0.0004	0.0001	0.0	0.0	0.0001	0.0001	0.0	0.0	0.0	0.0	0.0	0.0001	0.0001	0.0001	0.0001	0.0001	0.0001	0.0001	0.0001	0.0001	0.0001	0.0	0.0	0.0	0.0	0.0	0.0	0.0	0.0	0.0	0.0	0.0	0.0
0.0	0.6312	0.0031	0.0024	0.0028	0.0024	0.0024	0.0089	0.0082	0.0086	0.0082	0.0082	0.0001	0.0002	0.0001	0.0001	0.0001	0.0001	0.0001	0.0001	0.0001	0.0001	0.0003	0.0003	0.0003	0.0003	0.0003	0.0003	0.0003	0.0003	0.0003	0.0003	0.0	0.0	0.0	0.0	0.0	0.0	0.0	0.0	0.0	0.0	0.0	0.0	0.0	0.0	0.0	0.0	0.0	0.0	0.0	0.0	0.0	0.0	0.0	0.0	0.0	0.0	0.0	0.0	0.0	0.0	0.0	0.0
0.0	0.6639	0.0016	0.0014	0.0015	0.0014	0.0014	0.0072	0.0071	0.0072	0.0071	0.0071	0.0001	0.0001	0.0001	0.0001	0.0	0.0	0.0	0.0	0.0	0.0	0.0002	0.0002	0.0002	0.0002	0.0002	0.0002	0.0002	0.0002	0.0002	0.0002	0.0	0.0	0.0	0.0	0.0	0.0	0.0	0.0	0.0	0.0	0.0	0.0	0.0	0.0	0.0	0.0	0.0	0.0	0.0	0.0	0.0	0.0	0.0	0.0	0.0	0.0	0.0	0.0	0.0	0.0	0.0	0.0
0.0	0.9518	0.0017	0.0017	0.0017	0.0017	0.0017	0.0024	0.0024	0.0024	0.0024	0.0024	0.0	0.0	0.0	0.0	0.0	0.0	0.0	0.0	0.0	0.0	0.0	0.0	0.0	0.0	0.0	0.0	0.0	0.0	0.0	0.0	0.0	0.0	0.0	0.0	0.0	0.0	0.0	0.0	0.0	0.0	0.0	0.0	0.0	0.0	0.0	0.0	0.0	0.0	0.0	0.0	0.0	0.0	0.0	0.0	0.0	0.0	0.0	0.0	0.0	0.0	0.0	0.0
0.0	0.8575	0.0004	0.0004	0.0004	0.0004	0.0004	0.0032	0.0032	0.0032	0.0032	0.0032	0.0	0.0	0.0	0.0	0.0	0.0	0.0	0.0	0.0	0.0	0.0	0.0	0.0	0.0	0.0	0.0	0.0	0.0	0.0	0.0	0.0	0.0	0.0	0.0	0.0	0.0	0.0	0.0	0.0	0.0	0.0	0.0	0.0	0.0	0.0	0.0	0.0	0.0	0.0	0.0	0.0	0.0	0.0	0.0	0.0	0.0	0.0	0.0	0.0	0.0	0.0	0.0
0.0	0.922	0.0022	0.002	0.0021	0.002	0.002	0.0034	0.0032	0.0033	0.0032	0.0032	0.0	0.0	0.0	0.0	0.0	0.0	0.0	0.0	0.0	0.0	0.0	0.0001	0.0	0.0	0.0	0.0	0.0	0.0	0.0	0.0	0.0	0.0	0.0	0.0	0.0	0.0	0.0	0.0	0.0	0.0	0.0	0.0	0.0	0.0	0.0	0.0	0.0	0.0	0.0	0.0	0.0	0.0	0.0	0.0	0.0	0.0	0.0	0.0	0.0	0.0	0.0	0.0
0.0	0.9837	0.0006	0.0006	0.0006	0.0006	0.0006	0.0008	0.0008	0.0008	0.0008	0.0008	0.0	0.0	0.0	0.0	0.0	0.0	0.0	0.0	0.0	0.0	0.0	0.0	0.0	0.0	0.0	0.0	0.0	0.0	0.0	0.0	0.0	0.0	0.0	0.0	0.0	0.0	0.0	0.0	0.0	0.0	0.0	0.0	0.0	0.0	0.0	0.0	0.0	0.0	0.0	0.0	0.0	0.0	0.0	0.0	0.0	0.0	0.0	0.0	0.0	0.0	0.0	0.0
0.0	0.7373	0.0001	0.0001	0.0001	0.0001	0.0001	0.0051	0.0051	0.0051	0.0051	0.0051	0.0	0.0	0.0	0.0	0.0	0.0	0.0	0.0	0.0	0.0	0.0001	0.0001	0.0001	0.0001	0.0001	0.0001	0.0001	0.0001	0.0001	0.0001	0.0	0.0	0.0	0.0	0.0	0.0	0.0	0.0	0.0	0.0	0.0	0.0	0.0	0.0	0.0	0.0	0.0	0.0	0.0	0.0	0.0	0.0	0.0	0.0	0.0	0.0	0.0	0.0	0.0	0.0	0.0	0.0
0.0	0.8725	0.001	0.001	0.001	0.001	0.001	0.0034	0.0034	0.0034	0.0034	0.0034	0.0	0.0	0.0	0.0	0.0	0.0	0.0	0.0	0.0	0.0	0.0	0.0	0.0	0.0	0.0	0.0	0.0	0.0	0.0	0.0	0.0	0.0	0.0	0.0	0.0	0.0	0.0	0.0	0.0	0.0	0.0	0.0	0.0	0.0	0.0	0.0	0.0	0.0	0.0	0.0	0.0	0.0	0.0	0.0	0.0	0.0	0.0	0.0	0.0	0.0	0.0	0.0
0.0	0.9247	0.0006	0.0006	0.0006	0.0006	0.0006	0.0021	0.0021	0.0021	0.0021	0.0021	0.0	0.0	0.0	0.0	0.0	0.0	0.0	0.0	0.0	0.0	0.0	0.0	0.0	0.0	0.0	0.0	0.0	0.0	0.0	0.0	0.0	0.0	0.0	0.0	0.0	0.0	0.0	0.0	0.0	0.0	0.0	0.0	0.0	0.0	0.0	0.0	0.0	0.0	0.0	0.0	0.0	0.0	0.0	0.0	0.0	0.0	0.0	0.0	0.0	0.0	0.0	0.0
0.0	0.9158	0.0003	0.0003	0.0003	0.0003	0.0003	0.0021	0.0021	0.0021	0.0021	0.0021	0.0	0.0	0.0	0.0	0.0	0.0	0.0	0.0	0.0	0.0	0.0	0.0	0.0	0.0	0.0	0.0	0.0	0.0	0.0	0.0	0.0	0.0	0.0	0.0	0.0	0.0	0.0	0.0	0.0	0.0	0.0	0.0	0.0	0.0	0.0	0.0	0.0	0.0	0.0	0.0	0.0	0.0	0.0	0.0	0.0	0.0	0.0	0.0	0.0	0.0	0.0	0.0
0.0	0.9712	0.0001	0.0001	0.0001	0.0001	0.0001	0.0007	0.0007	0.0007	0.0007	0.0007	0.0	0.0	0.0	0.0	0.0	0.0	0.0	0.0	0.0	0.0	0.0	0.0	0.0	0.0	0.0	0.0	0.0	0.0	0.0	0.0	0.0	0.0	0.0	0.0	0.0	0.0	0.0	0.0	0.0	0.0	0.0	0.0	0.0	0.0	0.0	0.0	0.0	0.0	0.0	0.0	0.0	0.0	0.0	0.0	0.0	0.0	0.0	0.0	0.0	0.0	0.0	0.0
0.0	0.7926	0.0001	0.0001	0.0001	0.0001	0.0001	0.0042	0.0042	0.0042	0.0042	0.0042	0.0	0.0	0.0	0.0	0.0	0.0	0.0	0.0	0.0	0.0	0.0	0.0	0.0	0.0	0.0	0.0	0.0	0.0	0.0	0.0	0.0	0.0	0.0	0.0	0.0	0.0	0.0	0.0	0.0	0.0	0.0	0.0	0.0	0.0	0.0	0.0	0.0	0.0	0.0	0.0	0.0	0.0	0.0	0.0	0.0	0.0	0.0	0.0	0.0	0.0	0.0	0.0
0.0	0.9051	0.0008	0.0008	0.0008	0.0008	0.0008	0.0026	0.0026	0.0026	0.0026	0.0026	0.0	0.0	0.0	0.0	0.0	0.0	0.0	0.0	0.0	0.0	0.0	0.0	0.0	0.0	0.0	0.0	0.0	0.0	0.0	0.0	0.0	0.0	0.0	0.0	0.0	0.0	0.0	0.0	0.0	0.0	0.0	0.0	0.0	0.0	0.0	0.0	0.0	0.0	0.0	0.0	0.0	0.0	0.0	0.0	0.0	0.0	0.0	0.0	0.0	0.0	0.0	0.0
0.0	0.8178	0.0004	0.0004	0.0004	0.0004	0.0004	0.004	0.004	0.004	0.004	0.004	0.0	0.0	0.0	0.0	0.0	0.0	0.0	0.0	0.0	0.0	0.0	0.0	0.0	0.0	0.0	0.0	0.0	0.0	0.0	0.0	0.0	0.0	0.0	0.0	0.0	0.0	0.0	0.0	0.0	0.0	0.0	0.0	0.0	0.0	0.0	0.0	0.0	0.0	0.0	0.0	0.0	0.0	0.0	0.0	0.0	0.0	0.0	0.0	0.0	0.0	0.0	0.0
0.0	0.7543	0.0007	0.0007	0.0007	0.0007	0.0007	0.0053	0.0053	0.0053	0.0053	0.0053	0.0	0.0	0.0	0.0	0.0	0.0	0.0	0.0	0.0	0.0	0.0001	0.0001	0.0001	0.0001	0.0001	0.0001	0.0001	0.0001	0.0001	0.0001	0.0	0.0	0.0	0.0	0.0	0.0	0.0	0.0	0.0	0.0	0.0	0.0	0.0	0.0	0.0	0.0	0.0	0.0	0.0	0.0	0.0	0.0	0.0	0.0	0.0	0.0	0.0	0.0	0.0	0.0	0.0	0.0
0.0	0.0205	0.0615	0.0079	0.0219	0.0075	0.0074	0.0039	0.0013	0.0019	0.0013	0.0012	0.0034	0.004	0.0033	0.0033	0.0013	0.0007	0.0007	0.0013	0.0013	0.0007	0.0005	0.0005	0.0004	0.0004	0.0002	0.0002	0.0002	0.0002	0.0002	0.0002	0.0005	0.0004	0.0004	0.0005	0.0005	0.0004	0.0002	0.0002	0.0001	0.0002	0.0001	0.0001	0.0001	0.0001	0.0001	0.0001	0.0001	0.0001	0.0001	0.0001	0.0001	0.0001	0.0001	0.0001	0.0001	0.0001	0.0001	0.0001	0.0001	0.0001	0.0001	0.0001
0.0	0.576	0.0181	0.006	0.0088	0.0059	0.0059	0.0227	0.0107	0.0136	0.0106	0.0106	0.0012	0.0014	0.0012	0.0012	0.0007	0.0005	0.0005	0.0006	0.0006	0.0005	0.0015	0.0017	0.0015	0.0015	0.0009	0.0007	0.0007	0.0009	0.0009	0.0007	0.0003	0.0002	0.0002	0.0002	0.0002	0.0002	0.0001	0.0001	0.0001	0.0001	0.0003	0.0003	0.0003	0.0003	0.0003	0.0003	0.0002	0.0002	0.0001	0.0002	0.0001	0.0001	0.0001	0.0001	0.0001	0.0001	0.0001	0.0001	0.0001	0.0001	0.0001	0.0001
0.0	0.2812	0.0018	0.0009	0.0011	0.0009	0.0009	0.0092	0.0083	0.0085	0.0083	0.0083	0.0001	0.0001	0.0001	0.0001	0.0001	0.0001	0.0001	0.0001	0.0001	0.0001	0.0006	0.0006	0.0006	0.0006	0.0005	0.0005	0.0005	0.0005	0.0005	0.0005	0.0	0.0	0.0	0.0	0.0	0.0	0.0	0.0	0.0	0.0	0.0001	0.0001	0.0001	0.0001	0.0001	0.0001	0.0001	0.0001	0.0001	0.0001	0.0	0.0	0.0	0.0	0.0	0.0	0.0	0.0	0.0	0.0	0.0	0.0
0.0	0.7081	0.0039	0.0035	0.0036	0.0035	0.0035	0.0084	0.008	0.0081	0.008	0.008	0.0002	0.0002	0.0002	0.0002	0.0002	0.0002	0.0002	0.0002	0.0002	0.0002	0.0003	0.0003	0.0003	0.0003	0.0003	0.0003	0.0003	0.0003	0.0003	0.0003	0.0	0.0	0.0	0.0	0.0	0.0	0.0	0.0	0.0	0.0	0.0	0.0	0.0	0.0	0.0	0.0	0.0	0.0	0.0	0.0	0.0	0.0	0.0	0.0	0.0	0.0	0.0	0.0	0.0	0.0	0.0	0.0
0.0	0.7027	0.0038	0.0034	0.0035	0.0034	0.0034	0.0085	0.0081	0.0082	0.0081	0.0081	0.0002	0.0002	0.0002	0.0002	0.0002	0.0002	0.0002	0.0002	0.0002	0.0002	0.0003	0.0003	0.0003	0.0003	0.0003	0.0003	0.0003	0.0003	0.0003	0.0003	0.0	0.0	0.0	0.0	0.0	0.0	0.0	0.0	0.0	0.0	0.0	0.0	0.0	0.0	0.0	0.0	0.0	0.0	0.0	0.0	0.0	0.0	0.0	0.0	0.0	0.0	0.0	0.0	0.0	0.0	0.0	0.0
0.0	0.9176	0.006	0.0029	0.0036	0.0028	0.0028	0.0069	0.0037	0.0045	0.0037	0.0037	0.0002	0.0002	0.0002	0.0002	0.0001	0.0001	0.0001	0.0001	0.0001	0.0001	0.0002	0.0002	0.0002	0.0002	0.0001	0.0001	0.0001	0.0001	0.0001	0.0001	0.0	0.0	0.0	0.0	0.0	0.0	0.0	0.0	0.0	0.0	0.0	0.0	0.0	0.0	0.0	0.0	0.0	0.0	0.0	0.0	0.0	0.0	0.0	0.0	0.0	0.0	0.0	0.0	0.0	0.0	0.0	0.0
0.0	0.6284	0.0008	0.0004	0.0005	0.0004	0.0004	0.0071	0.0068	0.0069	0.0068	0.0068	0.0	0.0	0.0	0.0	0.0	0.0	0.0	0.0	0.0	0.0	0.0002	0.0002	0.0002	0.0002	0.0002	0.0002	0.0002	0.0002	0.0002	0.0002	0.0	0.0	0.0	0.0	0.0	0.0	0.0	0.0	0.0	0.0	0.0	0.0	0.0	0.0	0.0	0.0	0.0	0.0	0.0	0.0	0.0	0.0	0.0	0.0	0.0	0.0	0.0	0.0	0.0	0.0	0.0	0.0
0.0	0.6498	0.0012	0.0012	0.0012	0.0012	0.0012	0.0072	0.0071	0.0071	0.0071	0.0071	0.0	0.0	0.0	0.0	0.0	0.0	0.0	0.0	0.0	0.0	0.0002	0.0002	0.0002	0.0002	0.0002	0.0002	0.0002	0.0002	0.0002	0.0002	0.0	0.0	0.0	0.0	0.0	0.0	0.0	0.0	0.0	0.0	0.0	0.0	0.0	0.0	0.0	0.0	0.0	0.0	0.0	0.0	0.0	0.0	0.0	0.0	0.0	0.0	0.0	0.0	0.0	0.0	0.0	0.0
0.0	0.7035	0.0013	0.0013	0.0013	0.0013	0.0013	0.0065	0.0065	0.0065	0.0065	0.0065	0.0	0.0	0.0	0.0	0.0	0.0	0.0	0.0	0.0	0.0	0.0001	0.0001	0.0001	0.0001	0.0001	0.0001	0.0001	0.0001	0.0001	0.0001	0.0	0.0	0.0	0.0	0.0	0.0	0.0	0.0	0.0	0.0	0.0	0.0	0.0	0.0	0.0	0.0	0.0	0.0	0.0	0.0	0.0	0.0	0.0	0.0	0.0	0.0	0.0	0.0	0.0	0.0	0.0	0.0
0.0	0.8443	0.0013	0.0013	0.0013	0.0013	0.0013	0.0042	0.0042	0.0042	0.0042	0.0042	0.0	0.0	0.0	0.0	0.0	0.0	0.0	0.0	0.0	0.0	0.0001	0.0001	0.0001	0.0001	0.0001	0.0001	0.0001	0.0001	0.0001	0.0001	0.0	0.0	0.0	0.0	0.0	0.0	0.0	0.0	0.0	0.0	0.0	0.0	0.0	0.0	0.0	0.0	0.0	0.0	0.0	0.0	0.0	0.0	0.0	0.0	0.0	0.0	0.0	0.0	0.0	0.0	0.0	0.0
0.0	0.8751	0.0007	0.0007	0.0007	0.0007	0.0007	0.0032	0.0032	0.0032	0.0032	0.0032	0.0	0.0	0.0	0.0	0.0	0.0	0.0	0.0	0.0	0.0	0.0	0.0	0.0	0.0	0.0	0.0	0.0	0.0	0.0	0.0	0.0	0.0	0.0	0.0	0.0	0.0	0.0	0.0	0.0	0.0	0.0	0.0	0.0	0.0	0.0	0.0	0.0	0.0	0.0	0.0	0.0	0.0	0.0	0.0	0.0	0.0	0.0	0.0	0.0	0.0	0.0	0.0
0.0	0.6574	0.0004	0.0004	0.0004	0.0004	0.0004	0.0064	0.0064	0.0064	0.0064	0.0064	0.0	0.0	0.0	0.0	0.0	0.0	0.0	0.0	0.0	0.0	0.0001	0.0001	0.0001	0.0001	0.0001	0.0001	0.0001	0.0001	0.0001	0.0001	0.0	0.0	0.0	0.0	0.0	0.0	0.0	0.0	0.0	0.0	0.0	0.0	0.0	0.0	0.0	0.0	0.0	0.0	0.0	0.0	0.0	0.0	0.0	0.0	0.0	0.0	0.0	0.0	0.0	0.0	0.0	0.0
0.0	0.9735	0.0006	0.0006	0.0006	0.0006	0.0006	0.001	0.001	0.001	0.001	0.001	0.0	0.0	0.0	0.0	0.0	0.0	0.0	0.0	0.0	0.0	0.0	0.0	0.0	0.0	0.0	0.0	0.0	0.0	0.0	0.0	0.0	0.0	0.0	0.0	0.0	0.0	0.0	0.0	0.0	0.0	0.0	0.0	0.0	0.0	0.0	0.0	0.0	0.0	0.0	0.0	0.0	0.0	0.0	0.0	0.0	0.0	0.0	0.0	0.0	0.0	0.0	0.0
0.0	0.8297	0.0001	0.0001	0.0001	0.0001	0.0001	0.0036	0.0036	0.0036	0.0036	0.0036	0.0	0.0	0.0	0.0	0.0	0.0	0.0	0.0	0.0	0.0	0.0	0.0	0.0	0.0	0.0	0.0	0.0	0.0	0.0	0.0	0.0	0.0	0.0	0.0	0.0	0.0	0.0	0.0	0.0	0.0	0.0	0.0	0.0	0.0	0.0	0.0	0.0	0.0	0.0	0.0	0.0	0.0	0.0	0.0	0.0	0.0	0.0	0.0	0.0	0.0	0.0	0.0
0.0	0.9384	0.0007	0.0007	0.0007	0.0007	0.0007	0.0019	0.0019	0.0019	0.0019	0.0019	0.0	0.0	0.0	0.0	0.0	0.0	0.0	0.0	0.0	0.0	0.0	0.0	0.0	0.0	0.0	0.0	0.0	0.0	0.0	0.0	0.0	0.0	0.0	0.0	0.0	0.0	0.0	0.0	0.0	0.0	0.0	0.0	0.0	0.0	0.0	0.0	0.0	0.0	0.0	0.0	0.0	0.0	0.0	0.0	0.0	0.0	0.0	0.0	0.0	0.0	0.0	0.0
0.0	0.9941	0.0002	0.0002	0.0002	0.0002	0.0002	0.0003	0.0003	0.0003	0.0003	0.0003	0.0	0.0	0.0	0.0	0.0	0.0	0.0	0.0	0.0	0.0	0.0	0.0	0.0	0.0	0.0	0.0	0.0	0.0	0.0	0.0	0.0	0.0	0.0	0.0	0.0	0.0	0.0	0.0	0.0	0.0	0.0	0.0	0.0	0.0	0.0	0.0	0.0	0.0	0.0	0.0	0.0	0.0	0.0	0.0	0.0	0.0	0.0	0.0	0.0	0.0	0.0	0.0
0.0	0.7389	0.0	0.0	0.0	0.0	0.0	0.005	0.005	0.005	0.005	0.005	0.0	0.0	0.0	0.0	0.0	0.0	0.0	0.0	0.0	0.0	0.0001	0.0001	0.0001	0.0001	0.0001	0.0001	0.0001	0.0001	0.0001	0.0001	0.0	0.0	0.0	0.0	0.0	0.0	0.0	0.0	0.0	0.0	0.0	0.0	0.0	0.0	0.0	0.0	0.0	0.0	0.0	0.0	0.0	0.0	0.0	0.0	0.0	0.0	0.0	0.0	0.0	0.0	0.0	0.0
0.0	0.8797	0.0	0.0	0.0	0.0	0.0	0.0026	0.0026	0.0026	0.0026	0.0026	0.0	0.0	0.0	0.0	0.0	0.0	0.0	0.0	0.0	0.0	0.0	0.0	0.0	0.0	0.0	0.0	0.0	0.0	0.0	0.0	0.0	0.0	0.0	0.0	0.0	0.0	0.0	0.0	0.0	0.0	0.0	0.0	0.0	0.0	0.0	0.0	0.0	0.0	0.0	0.0	0.0	0.0	0.0	0.0	0.0	0.0	0.0	0.0	0.0	0.0	0.0	0.0
0.0	0.9602	0.0005	0.0005	0.0005	0.0005	0.0005	0.0012	0.0012	0.0012	0.0012	0.0012	0.0	0.0	0.0	0.0	0.0	0.0	0.0	0.0	0.0	0.0	0.0	0.0	0.0	0.0	0.0	0.0	0.0	0.0	0.0	0.0	0.0	0.0	0.0	0.0	0.0	0.0	0.0	0.0	0.0	0.0	0.0	0.0	0.0	0.0	0.0	0.0	0.0	0.0	0.0	0.0	0.0	0.0	0.0	0.0	0.0	0.0	0.0	0.0	0.0	0.0	0.0	0.0
0.0	0.7398	0.0002	0.0002	0.0002	0.0002	0.0002	0.0051	0.0051	0.0051	0.0051	0.0051	0.0	0.0	0.0	0.0	0.0	0.0	0.0	0.0	0.0	0.0	0.0001	0.0001	0.0001	0.0001	0.0001	0.0001	0.0001	0.0001	0.0001	0.0001	0.0	0.0	0.0	0.0	0.0	0.0	0.0	0.0	0.0	0.0	0.0	0.0	0.0	0.0	0.0	0.0	0.0	0.0	0.0	0.0	0.0	0.0	0.0	0.0	0.0	0.0	0.0	0.0	0.0	0.0	0.0	0.0
0.0	0.6429	0.0202	0.0067	0.0099	0.0065	0.0065	0.0239	0.0105	0.0136	0.0103	0.0103	0.0013	0.0015	0.0013	0.0013	0.0007	0.0005	0.0005	0.0007	0.0007	0.0005	0.0015	0.0017	0.0015	0.0015	0.0008	0.0007	0.0007	0.0008	0.0008	0.0006	0.0003	0.0002	0.0002	0.0003	0.0003	0.0002	0.0002	0.0002	0.0001	0.0001	0.0003	0.0003	0.0003	0.0003	0.0003	0.0003	0.0002	0.0002	0.0001	0.0002	0.0001	0.0001	0.0001	0.0001	0.0001	0.0001	0.0001	0.0001	0.0001	0.0001	0.0001	0.0001
0.0	0.6491	0.004	0.0018	0.0023	0.0017	0.0017	0.0096	0.0074	0.0079	0.0074	0.0074	0.0002	0.0002	0.0002	0.0002	0.0001	0.0001	0.0001	0.0001	0.0001	0.0001	0.0003	0.0004	0.0003	0.0003	0.0002	0.0002	0.0002	0.0002	0.0002	0.0002	0.0	0.0	0.0	0.0	0.0	0.0	0.0	0.0	0.0	0.0	0.0	0.0	0.0	0.0	0.0	0.0	0.0	0.0	0.0	0.0	0.0	0.0	0.0	0.0	0.0	0.0	0.0	0.0	0.0	0.0	0.0	0.0
0.0	0.8098	0.005	0.0022	0.0029	0.0022	0.0022	0.0081	0.0053	0.006	0.0053	0.0053	0.0002	0.0002	0.0002	0.0002	0.0001	0.0001	0.0001	0.0001	0.0001	0.0001	0.0002	0.0003	0.0002	0.0002	0.0002	0.0001	0.0001	0.0001	0.0001	0.0001	0.0	0.0	0.0	0.0	0.0	0.0	0.0	0.0	0.0	0.0	0.0	0.0	0.0	0.0	0.0	0.0	0.0	0.0	0.0	0.0	0.0	0.0	0.0	0.0	0.0	0.0	0.0	0.0	0.0	0.0	0.0	0.0
0.0	0.6009	0.001	0.0007	0.0007	0.0007	0.0007	0.0076	0.0072	0.0073	0.0072	0.0072	0.0	0.0	0.0	0.0	0.0	0.0	0.0	0.0	0.0	0.0	0.0002	0.0002	0.0002	0.0002	0.0002	0.0002	0.0002	0.0002	0.0002	0.0002	0.0	0.0	0.0	0.0	0.0	0.0	0.0	0.0	0.0	0.0	0.0	0.0	0.0	0.0	0.0	0.0	0.0	0.0	0.0	0.0	0.0	0.0	0.0	0.0	0.0	0.0	0.0	0.0	0.0	0.0	0.0	0.0
0.0	0.6932	0.0015	0.0014	0.0014	0.0014	0.0014	0.0068	0.0067	0.0067	0.0067	0.0067	0.0	0.0	0.0	0.0	0.0	0.0	0.0	0.0	0.0	0.0	0.0001	0.0001	0.0001	0.0001	0.0001	0.0001	0.0001	0.0001	0.0001	0.0001	0.0	0.0	0.0	0.0	0.0	0.0	0.0	0.0	0.0	0.0	0.0	0.0	0.0	0.0	0.0	0.0	0.0	0.0	0.0	0.0	0.0	0.0	0.0	0.0	0.0	0.0	0.0	0.0	0.0	0.0	0.0	0.0
0.0	0.8783	0.0014	0.0014	0.0014	0.0014	0.0014	0.0037	0.0036	0.0036	0.0036	0.0036	0.0	0.0	0.0	0.0	0.0	0.0	0.0	0.0	0.0	0.0	0.0	0.0	0.0	0.0	0.0	0.0	0.0	0.0	0.0	0.0	0.0	0.0	0.0	0.0	0.0	0.0	0.0	0.0	0.0	0.0	0.0	0.0	0.0	0.0	0.0	0.0	0.0	0.0	0.0	0.0	0.0	0.0	0.0	0.0	0.0	0.0	0.0	0.0	0.0	0.0	0.0	0.0
0.0	0.8822	0.0006	0.0006	0.0006	0.0006	0.0006	0.003	0.0029	0.0029	0.0029	0.0029	0.0	0.0	0.0	0.0	0.0	0.0	0.0	0.0	0.0	0.0	0.0	0.0	0.0	0.0	0.0	0.0	0.0	0.0	0.0	0.0	0.0	0.0	0.0	0.0	0.0	0.0	0.0	0.0	0.0	0.0	0.0	0.0	0.0	0.0	0.0	0.0	0.0	0.0	0.0	0.0	0.0	0.0	0.0	0.0	0.0	0.0	0.0	0.0	0.0	0.0	0.0	0.0
0.0	0.7652	0.0016	0.0015	0.0016	0.0015	0.0015	0.0058	0.0057	0.0058	0.0057	0.0057	0.0	0.0	0.0	0.0	0.0	0.0	0.0	0.0	0.0	0.0	0.0001	0.0001	0.0001	0.0001	0.0001	0.0001	0.0001	0.0001	0.0001	0.0001	0.0	0.0	0.0	0.0	0.0	0.0	0.0	0.0	0.0	0.0	0.0	0.0	0.0	0.0	0.0	0.0	0.0	0.0	0.0	0.0	0.0	0.0	0.0	0.0	0.0	0.0	0.0	0.0	0.0	0.0	0.0	0.0
0.0	0.8476	0.0011	0.0011	0.0011	0.0011	0.0011	0.004	0.0039	0.004	0.0039	0.0039	0.0	0.0	0.0	0.0	0.0	0.0	0.0	0.0	0.0	0.0	0.0	0.0	0.0	0.0	0.0	0.0	0.0	0.0	0.0	0.0	0.0	0.0	0.0	0.0	0.0	0.0	0.0	0.0	0.0	0.0	0.0	0.0	0.0	0.0	0.0	0.0	0.0	0.0	0.0	0.0	0.0	0.0	0.0	0.0	0.0	0.0	0.0	0.0	0.0	0.0	0.0	0.0
0.0	0.7993	0.0006	0.0006	0.0006	0.0006	0.0006	0.0045	0.0045	0.0045	0.0045	0.0045	0.0	0.0	0.0	0.0	0.0	0.0	0.0	0.0	0.0	0.0	0.0001	0.0001	0.0001	0.0001	0.0001	0.0001	0.0001	0.0001	0.0001	0.0001	0.0	0.0	0.0	0.0	0.0	0.0	0.0	0.0	0.0	0.0	0.0	0.0	0.0	0.0	0.0	0.0	0.0	0.0	0.0	0.0	0.0	0.0	0.0	0.0	0.0	0.0	0.0	0.0	0.0	0.0	0.0	0.0
0.0	0.6764	0.0006	0.0006	0.0006	0.0006	0.0006	0.0064	0.0064	0.0064	0.0064	0.0064	0.0	0.0	0.0	0.0	0.0	0.0	0.0	0.0	0.0	0.0	0.0001	0.0001	0.0001	0.0001	0.0001	0.0001	0.0001	0.0001	0.0001	0.0001	0.0	0.0	0.0	0.0	0.0	0.0	0.0	0.0	0.0	0.0	0.0	0.0	0.0	0.0	0.0	0.0	0.0	0.0	0.0	0.0	0.0	0.0	0.0	0.0	0.0	0.0	0.0	0.0	0.0	0.0	0.0	0.0
0.0	0.7449	0.0007	0.0007	0.0007	0.0007	0.0007	0.0054	0.0054	0.0054	0.0054	0.0054	0.0	0.0	0.0	0.0	0.0	0.0	0.0	0.0	0.0	0.0	0.0001	0.0001	0.0001	0.0001	0.0001	0.0001	0.0001	0.0001	0.0001	0.0001	0.0	0.0	0.0	0.0	0.0	0.0	0.0	0.0	0.0	0.0	0.0	0.0	0.0	0.0	0.0	0.0	0.0	0.0	0.0	0.0	0.0	0.0	0.0	0.0	0.0	0.0	0.0	0.0	0.0	0.0	0.0	0.0
0.0	0.9739	0.0012	0.0012	0.0012	0.0012	0.0012	0.0015	0.0015	0.0015	0.0015	0.0015	0.0	0.0	0.0	0.0	0.0	0.0	0.0	0.0	0.0	0.0	0.0	0.0	0.0	0.0	0.0	0.0	0.0	0.0	0.0	0.0	0.0	0.0	0.0	0.0	0.0	0.0	0.0	0.0	0.0	0.0	0.0	0.0	0.0	0.0	0.0	0.0	0.0	0.0	0.0	0.0	0.0	0.0	0.0	0.0	0.0	0.0	0.0	0.0	0.0	0.0	0.0	0.0
0.0	0.8336	0.0002	0.0002	0.0002	0.0002	0.0002	0.0036	0.0036	0.0036	0.0036	0.0036	0.0	0.0	0.0	0.0	0.0	0.0	0.0	0.0	0.0	0.0	0.0	0.0	0.0	0.0	0.0	0.0	0.0	0.0	0.0	0.0	0.0	0.0	0.0	0.0	0.0	0.0	0.0	0.0	0.0	0.0	0.0	0.0	0.0	0.0	0.0	0.0	0.0	0.0	0.0	0.0	0.0	0.0	0.0	0.0	0.0	0.0	0.0	0.0	0.0	0.0	0.0	0.0
0.0	0.9081	0.0006	0.0006	0.0006	0.0006	0.0006	0.0025	0.0025	0.0025	0.0025	0.0025	0.0	0.0	0.0	0.0	0.0	0.0	0.0	0.0	0.0	0.0	0.0	0.0	0.0	0.0	0.0	0.0	0.0	0.0	0.0	0.0	0.0	0.0	0.0	0.0	0.0	0.0	0.0	0.0	0.0	0.0	0.0	0.0	0.0	0.0	0.0	0.0	0.0	0.0	0.0	0.0	0.0	0.0	0.0	0.0	0.0	0.0	0.0	0.0	0.0	0.0	0.0	0.0
0.0	0.8377	0.0004	0.0004	0.0004	0.0004	0.0004	0.0036	0.0036	0.0036	0.0036	0.0036	0.0	0.0	0.0	0.0	0.0	0.0	0.0	0.0	0.0	0.0	0.0	0.0	0.0	0.0	0.0	0.0	0.0	0.0	0.0	0.0	0.0	0.0	0.0	0.0	0.0	0.0	0.0	0.0	0.0	0.0	0.0	0.0	0.0	0.0	0.0	0.0	0.0	0.0	0.0	0.0	0.0	0.0	0.0	0.0	0.0	0.0	0.0	0.0	0.0	0.0	0.0	0.0
0.0	0.9186	0.0002	0.0002	0.0002	0.0002	0.0002	0.0019	0.0019	0.0019	0.0019	0.0019	0.0	0.0	0.0	0.0	0.0	0.0	0.0	0.0	0.0	0.0	0.0	0.0	0.0	0.0	0.0	0.0	0.0	0.0	0.0	0.0	0.0	0.0	0.0	0.0	0.0	0.0	0.0	0.0	0.0	0.0	0.0	0.0	0.0	0.0	0.0	0.0	0.0	0.0	0.0	0.0	0.0	0.0	0.0	0.0	0.0	0.0	0.0	0.0	0.0	0.0	0.0	0.0
0.0	0.7872	0.0003	0.0003	0.0003	0.0003	0.0003	0.0044	0.0044	0.0044	0.0044	0.0044	0.0	0.0	0.0	0.0	0.0	0.0	0.0	0.0	0.0	0.0	0.0	0.0	0.0	0.0	0.0	0.0	0.0	0.0	0.0	0.0	0.0	0.0	0.0	0.0	0.0	0.0	0.0	0.0	0.0	0.0	0.0	0.0	0.0	0.0	0.0	0.0	0.0	0.0	0.0	0.0	0.0	0.0	0.0	0.0	0.0	0.0	0.0	0.0	0.0	0.0	0.0	0.0
0.0	0.7846	0.0007	0.0007	0.0007	0.0007	0.0007	0.0048	0.0048	0.0048	0.0048	0.0048	0.0	0.0	0.0	0.0	0.0	0.0	0.0	0.0	0.0	0.0	0.0001	0.0001	0.0001	0.0001	0.0001	0.0001	0.0001	0.0001	0.0001	0.0001	0.0	0.0	0.0	0.0	0.0	0.0	0.0	0.0	0.0	0.0	0.0	0.0	0.0	0.0	0.0	0.0	0.0	0.0	0.0	0.0	0.0	0.0	0.0	0.0	0.0	0.0	0.0	0.0	0.0	0.0	0.0	0.0
0.0	0.7374	0.0008	0.0008	0.0008	0.0008	0.0008	0.0056	0.0056	0.0056	0.0056	0.0056	0.0	0.0	0.0	0.0	0.0	0.0	0.0	0.0	0.0	0.0	0.0001	0.0001	0.0001	0.0001	0.0001	0.0001	0.0001	0.0001	0.0001	0.0001	0.0	0.0	0.0	0.0	0.0	0.0	0.0	0.0	0.0	0.0	0.0	0.0	0.0	0.0	0.0	0.0	0.0	0.0	0.0	0.0	0.0	0.0	0.0	0.0	0.0	0.0	0.0	0.0	0.0	0.0	0.0	0.0
0.0	0.9662	0.001	0.001	0.001	0.001	0.001	0.0015	0.0015	0.0015	0.0015	0.0015	0.0	0.0	0.0	0.0	0.0	0.0	0.0	0.0	0.0	0.0	0.0	0.0	0.0	0.0	0.0	0.0	0.0	0.0	0.0	0.0	0.0	0.0	0.0	0.0	0.0	0.0	0.0	0.0	0.0	0.0	0.0	0.0	0.0	0.0	0.0	0.0	0.0	0.0	0.0	0.0	0.0	0.0	0.0	0.0	0.0	0.0	0.0	0.0	0.0	0.0	0.0	0.0
0.0	0.9704	0.0003	0.0003	0.0003	0.0003	0.0003	0.0009	0.0009	0.0009	0.0009	0.0009	0.0	0.0	0.0	0.0	0.0	0.0	0.0	0.0	0.0	0.0	0.0	0.0	0.0	0.0	0.0	0.0	0.0	0.0	0.0	0.0	0.0	0.0	0.0	0.0	0.0	0.0	0.0	0.0	0.0	0.0	0.0	0.0	0.0	0.0	0.0	0.0	0.0	0.0	0.0	0.0	0.0	0.0	0.0	0.0	0.0	0.0	0.0	0.0	0.0	0.0	0.0	0.0
0.0	0.9028	0.0001	0.0001	0.0001	0.0001	0.0001	0.0022	0.0022	0.0022	0.0022	0.0022	0.0	0.0	0.0	0.0	0.0	0.0	0.0	0.0	0.0	0.0	0.0	0.0	0.0	0.0	0.0	0.0	0.0	0.0	0.0	0.0	0.0	0.0	0.0	0.0	0.0	0.0	0.0	0.0	0.0	0.0	0.0	0.0	0.0	0.0	0.0	0.0	0.0	0.0	0.0	0.0	0.0	0.0	0.0	0.0	0.0	0.0	0.0	0.0	0.0	0.0	0.0	0.0
