x1
1.0
1.0
1.0
1.0
1.0
1.0
1.0
1.0
1.0
1.0
1.0
1.0
1.0
1.0
1.0
1.0
1.0
1.0
1.0
1.0
1.0
1.0
1.0
1.0
1.0
1.0
1.0
1.0
1.0
1.0
1.0
1.0
1.0
1.0
1.0
1.0
1.0
1.0
1.0
1.0
1.0
1.0
1.0
1.0
1.0
1.0
1.0
1.0
1.0
1.0
1.0
1.0
1.0
1.0
1.0
1.0
1.0
1.0
1.0
1.0
1.0
1.0
1.0
1.0
1.0
1.0
1.0
1.0
1.0
1.0
1.0
1.0
1.0
1.0
1.0
1.0
1.0
1.0
1.0
1.0
1.0
1.0
1.0
1.0
1.0
1.0
1.0
1.0
1.0
1.0
1.0
1.0
1.0
1.0
1.0
1.0
0.0017754977379949254
0.0018326068864222575
0.0006408366259673759
0.0009332881824704888
0.001295454181872332
0.002833610493019359
0.011486758192493582
0.006359456906057873
0.0009312145718469898
0.0022697792857744913
0.014539265315200922
0.0013349988886214074
0.023908831494909487
0.004470323796103196
0.0030447474307058204
0.001901909953369435
0.011755779669205324
0.023389291902704203
0.0038514856815275523
0.014541819001204293
0.021038555020043283
0.01949140034062064
0.01571551732041647
0.001422619359976663
0.001554848736775139
0.0018788263920134266
0.0032247589928156286
0.02604042212610476
0.0027074059630263474
0.009351050315208885
0.005137986591226477
0.003306475482474152
0.0019427373408254637
0.003381938151804782
0.005667219583917777
0.01164623314767905
0.0057234403385978995
0.02192720843886629
0.02583496627635018
0.019164841782182584
0.020205866379343254
0.022228722320723388
0.024991805623309552
0.020229080046458448
0.030097915130281764
0.032873197009985373
0.02997704398097623
0.011173131552189627
0.02660947632117561
0.017661567802029442
0.024939258948009958
0.02338952249519561
0.009619483966563508
0.008473474049887736
0.014988124721521194
0.016215230257929356
0.016690831289186484
0.004379396560891093
0.008518156609537326
0.00434651211550768
0.009603167799163714
0.013374098483380524
0.03194195468493617
0.016585425500001118
0.04172002802389265
0.01841165144709693
0.010142141106536563
0.020136640309830943
0.01229740025714142
0.019152381491872282
0.011730218087736052
0.022472555358481375
0.008772582868051904
0.0028047271577820556
0.004340259604503362
0.013765746980876221
0.010805606899173292
0.010320865814373177
0.005999257791316631
0.03882017825170695
0.009380150678650986
0.013064469267990026
0.018787425352654295
0.013193042512928974
0.022100556622932796
0.012320603071699066
0.010265158478680056
0.00767342251271009
0.008384195966571785
0.011792101911386103
0.035329637283354025
0.030889580218131506
0.026739437688609327
0.02101350560689412
0.016519679398527495
