x1	x2	x3	x4	x5	x6	x7	x8	x9	x10	x11	x12	x13	x14	x15	x16	x17	x18	x19	x20	x21	x22	x23	x24	x25	x26	x27	x28	x29	x30	x31	x32	x33	x34	x35	x36	x37	x38	x39	x40	x41	x42	x43	x44	x45	x46	x47	x48	x49	x50	x51	x52	x53	x54	x55	x56	x57	x58	x59	x60	x61	x62	x63
0.0276	0.0312	0.0308	0.031	0.031	0.0326	0.0034	0.0034	0.0034	0.0034	0.0034	0.0035	0.0035	0.0035	0.0036	0.0035	0.0035	0.0035	0.0035	0.0035	0.0035	0.0012	0.0012	0.0012	0.0012	0.0012	0.0012	0.0012	0.0012	0.0012	0.0012	0.0012	0.0012	0.0012	0.0012	0.0012	0.0012	0.0012	0.0012	0.0012	0.0012	0.0009	0.0009	0.0009	0.0009	0.0009	0.0009	0.0009	0.0009	0.0009	0.0009	0.0009	0.0009	0.0009	0.0009	0.0009	0.0009	0.0009	0.0009	0.0009	0.0009	0.0009	0.0009
0.0365	0.0575	0.0684	0.0568	0.0566	0.0403	0.0039	0.0042	0.0038	0.0038	0.0034	0.0049	0.0045	0.0044	0.004	0.0048	0.0048	0.0043	0.0044	0.0039	0.0039	0.0014	0.0013	0.0013	0.0013	0.0014	0.0014	0.0013	0.0013	0.0013	0.0013	0.0014	0.0014	0.0014	0.0014	0.0013	0.0013	0.0014	0.0014	0.0014	0.0013	0.001	0.001	0.001	0.001	0.001	0.001	0.001	0.001	0.001	0.001	0.001	0.001	0.001	0.001	0.001	0.0009	0.0009	0.0009	0.0009	0.0009	0.0009	0.0009
0.0023	0.0037	0.005	0.0028	0.0025	0.2682	0.0016	0.0017	0.0016	0.0015	0.0105	0.0019	0.0017	0.0016	0.0116	0.0018	0.0017	0.0126	0.0016	0.0108	0.0105	0.0012	0.0011	0.0011	0.0021	0.0011	0.0011	0.0022	0.0011	0.002	0.002	0.0012	0.0012	0.0024	0.0011	0.0021	0.0021	0.0011	0.0022	0.0022	0.002	0.001	0.001	0.0013	0.001	0.0013	0.0013	0.001	0.0013	0.0013	0.0012	0.001	0.0013	0.0013	0.0013	0.0013	0.0009	0.0011	0.0011	0.0011	0.0011	0.0011	0.0011
0.0136	0.0968	0.0147	0.0143	0.2498	0.0146	0.0091	0.0052	0.0051	0.0151	0.0051	0.0094	0.0092	0.0949	0.0091	0.0052	0.0159	0.0052	0.0155	0.0051	0.0153	0.0042	0.0042	0.0095	0.0042	0.0033	0.0053	0.0033	0.0052	0.0033	0.0052	0.0043	0.0099	0.0043	0.0096	0.0042	0.0095	0.0053	0.0033	0.0053	0.0052	0.003	0.0044	0.003	0.0044	0.003	0.0043	0.0034	0.0025	0.0034	0.0034	0.0044	0.003	0.0044	0.0044	0.0034	0.0032	0.0025	0.0032	0.0031	0.0026	0.0032	0.0027
0.0038	0.72	0.0054	0.0052	0.0051	0.0051	0.0091	0.001	0.001	0.001	0.001	0.0094	0.0092	0.0091	0.0091	0.001	0.001	0.001	0.001	0.001	0.001	0.0011	0.0011	0.0011	0.0011	0.0007	0.0007	0.0007	0.0007	0.0007	0.0007	0.0011	0.0011	0.0011	0.0011	0.0011	0.0011	0.0007	0.0007	0.0007	0.0007	0.0007	0.0007	0.0007	0.0007	0.0007	0.0007	0.0005	0.0005	0.0005	0.0005	0.0007	0.0007	0.0007	0.0007	0.0005	0.0005	0.0005	0.0005	0.0005	0.0004	0.0005	0.0005
0.0015	0.4441	0.004	0.0039	0.0046	0.0039	0.0108	0.0014	0.0014	0.0014	0.0014	0.011	0.0109	0.0115	0.0109	0.0014	0.0014	0.0014	0.0014	0.0014	0.0014	0.0017	0.0017	0.0017	0.0017	0.001	0.001	0.001	0.001	0.001	0.001	0.0017	0.0017	0.0017	0.0017	0.0017	0.0017	0.001	0.001	0.001	0.001	0.001	0.0011	0.001	0.0011	0.001	0.0011	0.0008	0.0008	0.0008	0.0008	0.0011	0.0011	0.0011	0.0011	0.0008	0.0009	0.0009	0.0009	0.0009	0.0007	0.0009	0.0008
0.0015	0.4441	0.004	0.0039	0.0046	0.0039	0.0108	0.0014	0.0014	0.0014	0.0014	0.011	0.0109	0.0115	0.0109	0.0014	0.0014	0.0014	0.0014	0.0014	0.0014	0.0017	0.0017	0.0017	0.0017	0.001	0.001	0.001	0.001	0.001	0.001	0.0017	0.0017	0.0017	0.0017	0.0017	0.0017	0.001	0.001	0.001	0.001	0.001	0.0011	0.001	0.0011	0.001	0.0011	0.0008	0.0008	0.0008	0.0008	0.0011	0.0011	0.0011	0.0011	0.0008	0.0009	0.0009	0.0009	0.0009	0.0007	0.0009	0.0008
0.0072	0.2784	0.1018	0.0102	0.0096	0.0096	0.0085	0.004	0.0017	0.0017	0.0017	0.0114	0.0088	0.0086	0.0086	0.0041	0.004	0.004	0.0018	0.0018	0.0017	0.0019	0.0017	0.0016	0.0016	0.0013	0.0013	0.0013	0.0011	0.0011	0.0011	0.0019	0.0019	0.0019	0.0017	0.0017	0.0016	0.0013	0.0013	0.0013	0.0011	0.0012	0.0011	0.0011	0.0011	0.0011	0.0011	0.001	0.001	0.001	0.0009	0.0012	0.0012	0.0011	0.0011	0.001	0.001	0.001	0.001	0.0009	0.0009	0.001	0.0009
0.0241	0.3044	0.4628	0.0256	0.025	0.0249	0.0017	0.0029	0.0007	0.0007	0.0007	0.0049	0.0017	0.0017	0.0017	0.003	0.0029	0.0029	0.0007	0.0007	0.0007	0.0006	0.0004	0.0004	0.0004	0.0005	0.0005	0.0005	0.0004	0.0004	0.0004	0.0006	0.0006	0.0006	0.0004	0.0004	0.0004	0.0005	0.0005	0.0005	0.0004	0.0004	0.0004	0.0004	0.0003	0.0003	0.0003	0.0003	0.0003	0.0003	0.0003	0.0004	0.0004	0.0004	0.0003	0.0003	0.0003	0.0003	0.0003	0.0003	0.0003	0.0003	0.0002
0.0146	0.3154	0.1118	0.0156	0.0153	0.0152	0.0156	0.0091	0.005	0.0049	0.0049	0.1105	0.0162	0.0158	0.0158	0.0093	0.0091	0.0091	0.005	0.005	0.0049	0.0093	0.005	0.005	0.005	0.004	0.004	0.004	0.0031	0.0031	0.003	0.0096	0.0094	0.0094	0.005	0.005	0.005	0.004	0.004	0.004	0.0031	0.0041	0.0041	0.0041	0.0031	0.0031	0.0031	0.0027	0.0027	0.0027	0.0023	0.0041	0.0041	0.0041	0.0031	0.0027	0.0028	0.0028	0.0028	0.0023	0.0022	0.0028	0.0023
0.0079	0.522	0.0249	0.0166	0.0096	0.0093	0.0124	0.0033	0.0029	0.0025	0.0025	0.0274	0.0195	0.0129	0.0125	0.0037	0.0033	0.0033	0.0029	0.0029	0.0025	0.0035	0.003	0.0026	0.0026	0.0018	0.0018	0.0018	0.0017	0.0017	0.0016	0.0039	0.0035	0.0035	0.003	0.003	0.0026	0.0019	0.0018	0.0018	0.0017	0.0019	0.0018	0.0018	0.0017	0.0017	0.0016	0.0014	0.0014	0.0013	0.0013	0.0019	0.0019	0.0018	0.0017	0.0014	0.0015	0.0015	0.0014	0.0014	0.0012	0.0015	0.0013
0.0079	0.522	0.0249	0.0166	0.0096	0.0093	0.0124	0.0033	0.0029	0.0025	0.0025	0.0274	0.0195	0.0129	0.0125	0.0037	0.0033	0.0033	0.0029	0.0029	0.0025	0.0035	0.003	0.0026	0.0026	0.0018	0.0018	0.0018	0.0017	0.0017	0.0016	0.0039	0.0035	0.0035	0.003	0.003	0.0026	0.0019	0.0018	0.0018	0.0017	0.0019	0.0018	0.0018	0.0017	0.0017	0.0016	0.0014	0.0014	0.0013	0.0013	0.0019	0.0019	0.0018	0.0017	0.0014	0.0015	0.0015	0.0014	0.0014	0.0012	0.0015	0.0013
0.007	0.0703	0.0085	0.113	0.0121	0.0088	0.0048	0.0024	0.0074	0.0025	0.0024	0.0051	0.0323	0.005	0.0048	0.0079	0.0026	0.0025	0.0076	0.0075	0.0025	0.0019	0.0043	0.0019	0.0019	0.0024	0.0015	0.0015	0.0024	0.0024	0.0015	0.0046	0.002	0.0019	0.0043	0.0043	0.0019	0.0025	0.0024	0.0015	0.0024	0.0021	0.0014	0.0014	0.002	0.002	0.0014	0.0016	0.0016	0.0012	0.0016	0.0021	0.0021	0.0014	0.002	0.0016	0.0017	0.0017	0.0013	0.0016	0.0014	0.0017	0.0016
0.0135	0.0728	0.0363	0.0876	0.0364	0.0155	0.0046	0.0037	0.006	0.0033	0.0025	0.0112	0.0094	0.0056	0.0046	0.0114	0.0052	0.0037	0.0068	0.006	0.0033	0.0023	0.0024	0.0018	0.0016	0.0027	0.0018	0.0016	0.002	0.0019	0.0015	0.0041	0.0026	0.0023	0.0025	0.0024	0.0018	0.0029	0.0027	0.0018	0.002	0.0019	0.0015	0.0014	0.0015	0.0015	0.0012	0.0016	0.0016	0.0013	0.0013	0.002	0.0019	0.0015	0.0015	0.0016	0.0015	0.0014	0.0012	0.0012	0.0013	0.0015	0.0013
0.021	0.0258	0.0293	0.4756	0.2614	0.022	0.0008	0.0008	0.0032	0.0019	0.0007	0.0008	0.0034	0.002	0.0008	0.0037	0.002	0.0008	0.0047	0.0032	0.0019	0.0004	0.0005	0.0005	0.0004	0.0005	0.0005	0.0004	0.0006	0.0005	0.0005	0.0006	0.0005	0.0004	0.0006	0.0005	0.0005	0.0006	0.0005	0.0005	0.0006	0.0004	0.0004	0.0003	0.0004	0.0004	0.0004	0.0004	0.0004	0.0004	0.0004	0.0004	0.0004	0.0004	0.0004	0.0004	0.0003	0.0003	0.0003	0.0003	0.0003	0.0003	0.0003
0.0007	0.0008	0.0009	0.9045	0.0012	0.0012	0.0003	0.0003	0.003	0.0003	0.0003	0.0003	0.0032	0.0003	0.0003	0.0033	0.0003	0.0003	0.0031	0.003	0.0003	0.0002	0.0003	0.0002	0.0002	0.0003	0.0002	0.0002	0.0003	0.0003	0.0002	0.0003	0.0002	0.0002	0.0003	0.0003	0.0002	0.0003	0.0003	0.0002	0.0003	0.0002	0.0002	0.0002	0.0002	0.0002	0.0002	0.0002	0.0002	0.0002	0.0002	0.0002	0.0002	0.0002	0.0002	0.0002	0.0002	0.0002	0.0001	0.0002	0.0002	0.0002	0.0001
0.0121	0.0131	0.0139	0.117	0.4094	0.0125	0.0041	0.0041	0.0066	0.013	0.0039	0.0043	0.0071	0.014	0.0041	0.0075	0.0148	0.0041	0.1162	0.0066	0.0131	0.0024	0.0031	0.0041	0.0023	0.0031	0.0041	0.0023	0.0068	0.003	0.004	0.0033	0.0043	0.0024	0.0073	0.0031	0.0041	0.0077	0.0031	0.0041	0.0068	0.0019	0.0024	0.0015	0.0031	0.0019	0.0023	0.0032	0.0019	0.0023	0.003	0.0033	0.0019	0.0024	0.0031	0.0032	0.002	0.0013	0.0016	0.0019	0.0019	0.002	0.0014
0.0139	0.2892	0.0184	0.5216	0.0156	0.0147	0.0015	0.0005	0.0024	0.0005	0.0005	0.0015	0.0035	0.0015	0.0015	0.0025	0.0005	0.0005	0.0024	0.0024	0.0005	0.0003	0.0004	0.0003	0.0003	0.0004	0.0003	0.0003	0.0004	0.0004	0.0003	0.0004	0.0003	0.0003	0.0004	0.0004	0.0003	0.0004	0.0004	0.0003	0.0004	0.0003	0.0003	0.0003	0.0003	0.0003	0.0003	0.0003	0.0003	0.0002	0.0003	0.0003	0.0003	0.0003	0.0003	0.0003	0.0002	0.0002	0.0002	0.0002	0.0002	0.0002	0.0002
0.0108	0.3917	0.012	0.1332	0.0114	0.0112	0.0119	0.0038	0.006	0.0037	0.0037	0.0129	0.1301	0.0121	0.0119	0.0065	0.0038	0.0038	0.0061	0.006	0.0037	0.0038	0.0063	0.0038	0.0038	0.0029	0.0022	0.0022	0.0028	0.0028	0.0022	0.0067	0.0038	0.0038	0.0064	0.0063	0.0038	0.0029	0.0029	0.0022	0.0028	0.0029	0.0022	0.0022	0.0029	0.0029	0.0022	0.0018	0.0018	0.0015	0.0018	0.0029	0.0029	0.0022	0.0029	0.0018	0.0018	0.0018	0.0015	0.0018	0.0013	0.0018	0.0013
0.0002	0.0002	0.0002	0.8902	0.0009	0.0009	0.0003	0.0003	0.0031	0.0003	0.0003	0.0003	0.0031	0.0003	0.0003	0.0032	0.0003	0.0003	0.0031	0.0031	0.0003	0.0003	0.0004	0.0003	0.0003	0.0004	0.0003	0.0003	0.0004	0.0004	0.0003	0.0004	0.0003	0.0003	0.0004	0.0004	0.0003	0.0004	0.0004	0.0003	0.0004	0.0003	0.0002	0.0002	0.0003	0.0003	0.0002	0.0003	0.0003	0.0002	0.0003	0.0003	0.0003	0.0002	0.0003	0.0003	0.0002	0.0002	0.0002	0.0002	0.0002	0.0002	0.0002
0.0022	0.0027	0.0026	0.8423	0.0301	0.003	0.0004	0.0004	0.0034	0.0005	0.0004	0.0004	0.0036	0.0005	0.0004	0.0036	0.0005	0.0004	0.0036	0.0034	0.0005	0.0003	0.0004	0.0003	0.0003	0.0004	0.0003	0.0003	0.0004	0.0004	0.0003	0.0004	0.0003	0.0003	0.0004	0.0004	0.0003	0.0004	0.0004	0.0003	0.0004	0.0003	0.0002	0.0002	0.0003	0.0003	0.0002	0.0003	0.0003	0.0002	0.0003	0.0003	0.0003	0.0002	0.0003	0.0003	0.0002	0.0002	0.0002	0.0002	0.0002	0.0002	0.0002
0.0001	0.0001	0.0001	0.8845	0.0008	0.0008	0.0004	0.0004	0.0032	0.0004	0.0004	0.0004	0.0032	0.0004	0.0004	0.0032	0.0004	0.0004	0.0032	0.0032	0.0004	0.0003	0.0004	0.0003	0.0003	0.0004	0.0003	0.0003	0.0004	0.0004	0.0003	0.0004	0.0003	0.0003	0.0004	0.0004	0.0003	0.0004	0.0004	0.0003	0.0004	0.0003	0.0002	0.0002	0.0003	0.0003	0.0002	0.0003	0.0003	0.0002	0.0003	0.0003	0.0003	0.0002	0.0003	0.0003	0.0002	0.0002	0.0002	0.0002	0.0002	0.0002	0.0002
0.001	0.0012	0.0012	0.8499	0.0312	0.0018	0.0004	0.0004	0.0031	0.0005	0.0004	0.0004	0.0031	0.0005	0.0004	0.0031	0.0005	0.0004	0.0033	0.0031	0.0005	0.0003	0.0004	0.0003	0.0003	0.0004	0.0003	0.0003	0.0004	0.0004	0.0003	0.0004	0.0003	0.0003	0.0004	0.0004	0.0003	0.0004	0.0004	0.0003	0.0004	0.0003	0.0002	0.0002	0.0003	0.0003	0.0002	0.0003	0.0003	0.0002	0.0003	0.0003	0.0003	0.0002	0.0003	0.0003	0.0002	0.0002	0.0002	0.0002	0.0002	0.0002	0.0002
0.0113	0.061	0.0062	0.0172	0.0065	0.0066	0.0115	0.0031	0.0063	0.0031	0.0031	0.0069	0.0155	0.0069	0.0069	0.0037	0.0024	0.0024	0.0037	0.0037	0.0024	0.0033	0.0066	0.0033	0.0033	0.0027	0.0019	0.0019	0.0027	0.0027	0.0019	0.004	0.0026	0.0026	0.004	0.004	0.0026	0.0021	0.0021	0.0017	0.0021	0.0032	0.0022	0.0022	0.0032	0.0032	0.0022	0.0021	0.0021	0.0017	0.0021	0.0025	0.0025	0.0019	0.0024	0.0018	0.0027	0.0027	0.0021	0.0027	0.0023	0.0023	0.0032
0.0163	0.5212	0.0105	0.0233	0.0107	0.0107	0.0202	0.003	0.0053	0.003	0.003	0.0136	0.0258	0.0137	0.0137	0.0035	0.0024	0.0024	0.0035	0.0035	0.0024	0.0031	0.0055	0.0031	0.0031	0.0021	0.0016	0.0016	0.0021	0.0021	0.0016	0.0036	0.0025	0.0025	0.0036	0.0036	0.0025	0.0017	0.0017	0.0014	0.0017	0.0022	0.0016	0.0016	0.0022	0.0022	0.0016	0.0015	0.0015	0.0012	0.0015	0.0018	0.0018	0.0015	0.0018	0.0013	0.0015	0.0015	0.0013	0.0015	0.0014	0.0014	0.0015
0.0163	0.5212	0.0105	0.0233	0.0107	0.0107	0.0202	0.003	0.0053	0.003	0.003	0.0136	0.0258	0.0137	0.0137	0.0035	0.0024	0.0024	0.0035	0.0035	0.0024	0.0031	0.0055	0.0031	0.0031	0.0021	0.0016	0.0016	0.0021	0.0021	0.0016	0.0036	0.0025	0.0025	0.0036	0.0036	0.0025	0.0017	0.0017	0.0014	0.0017	0.0022	0.0016	0.0016	0.0022	0.0022	0.0016	0.0015	0.0015	0.0012	0.0015	0.0018	0.0018	0.0015	0.0018	0.0013	0.0015	0.0015	0.0013	0.0015	0.0014	0.0014	0.0015
0.0053	0.0081	0.0028	0.0346	0.0034	0.0034	0.0029	0.0016	0.0059	0.0016	0.0016	0.0019	0.0078	0.0019	0.0019	0.004	0.0013	0.0013	0.004	0.004	0.0013	0.0013	0.0032	0.0013	0.0013	0.0018	0.001	0.001	0.0018	0.0018	0.001	0.0022	0.0011	0.0011	0.0022	0.0022	0.0011	0.0015	0.0015	0.0009	0.0015	0.0017	0.0011	0.0011	0.0017	0.0017	0.0011	0.0012	0.0012	0.0009	0.0012	0.0014	0.0014	0.001	0.0014	0.0011	0.0015	0.0015	0.0012	0.0015	0.0012	0.0013	0.0018
0.0074	0.0103	0.0046	0.2725	0.0066	0.0066	0.0031	0.0022	0.0141	0.0022	0.0022	0.0024	0.0167	0.0024	0.0024	0.0116	0.0019	0.0019	0.0116	0.0116	0.002	0.0015	0.0036	0.0015	0.0015	0.0026	0.0013	0.0013	0.0026	0.0026	0.0013	0.0029	0.0014	0.0014	0.0029	0.0029	0.0014	0.0023	0.0023	0.0013	0.0023	0.0017	0.0012	0.0012	0.0017	0.0017	0.0012	0.0015	0.0015	0.0011	0.0015	0.0015	0.0015	0.0011	0.0015	0.0014	0.0014	0.0014	0.0011	0.0014	0.0012	0.0013	0.0014
0.0021	0.0028	0.0014	0.388	0.0038	0.0038	0.0015	0.0014	0.0114	0.0014	0.0014	0.0014	0.012	0.0014	0.0014	0.0108	0.0014	0.0014	0.0109	0.0109	0.0014	0.001	0.0019	0.001	0.001	0.0018	0.001	0.001	0.0018	0.0018	0.001	0.0018	0.001	0.001	0.0018	0.0018	0.001	0.0017	0.0017	0.001	0.0017	0.0011	0.0008	0.0008	0.0011	0.0011	0.0008	0.0011	0.0011	0.0008	0.0011	0.0011	0.0011	0.0008	0.0011	0.0011	0.0009	0.0009	0.0008	0.0009	0.0009	0.0009	0.0009
0.0021	0.0028	0.0014	0.388	0.0038	0.0038	0.0015	0.0014	0.0114	0.0014	0.0014	0.0014	0.012	0.0014	0.0014	0.0108	0.0014	0.0014	0.0109	0.0109	0.0014	0.001	0.0019	0.001	0.001	0.0018	0.001	0.001	0.0018	0.0018	0.001	0.0018	0.001	0.001	0.0018	0.0018	0.001	0.0017	0.0017	0.001	0.0017	0.0011	0.0008	0.0008	0.0011	0.0011	0.0008	0.0011	0.0011	0.0008	0.0011	0.0011	0.0011	0.0008	0.0011	0.0011	0.0009	0.0009	0.0008	0.0009	0.0009	0.0009	0.0009
0.2155	0.0902	0.0128	0.015	0.013	0.0131	0.0119	0.0081	0.0087	0.0081	0.0081	0.0041	0.0042	0.0041	0.0041	0.0021	0.002	0.002	0.0021	0.0021	0.002	0.0021	0.0021	0.0021	0.0021	0.0018	0.0017	0.0017	0.0018	0.0018	0.0017	0.0013	0.0013	0.0013	0.0013	0.0013	0.0013	0.0011	0.0011	0.0011	0.0011	0.0012	0.0012	0.0012	0.0012	0.0012	0.0012	0.0011	0.0011	0.0011	0.0011	0.001	0.001	0.001	0.001	0.0009	0.0011	0.0011	0.001	0.0011	0.001	0.0009	0.001
0.3174	0.007	0.0059	0.0072	0.006	0.006	0.0129	0.012	0.013	0.012	0.012	0.0018	0.0019	0.0018	0.0018	0.0018	0.0017	0.0017	0.0018	0.0018	0.0017	0.0022	0.0023	0.0022	0.0022	0.0022	0.0021	0.0021	0.0022	0.0022	0.0021	0.0012	0.0011	0.0011	0.0012	0.0012	0.0011	0.0011	0.0011	0.0011	0.0011	0.0013	0.0013	0.0013	0.0013	0.0013	0.0013	0.0013	0.0013	0.0012	0.0013	0.001	0.001	0.0009	0.001	0.0009	0.0011	0.0011	0.0011	0.0011	0.0011	0.0009	0.0011
0.3281	0.0049	0.0047	0.0049	0.0047	0.0048	0.0116	0.0114	0.0116	0.0114	0.0114	0.0015	0.0015	0.0015	0.0015	0.0015	0.0015	0.0015	0.0015	0.0015	0.0015	0.0019	0.0019	0.0019	0.0019	0.0019	0.0019	0.0019	0.0019	0.0019	0.0019	0.001	0.001	0.001	0.001	0.001	0.001	0.001	0.001	0.001	0.001	0.0011	0.0011	0.0011	0.0011	0.0011	0.0011	0.0011	0.0011	0.0011	0.0011	0.0009	0.0009	0.0009	0.0009	0.0009	0.001	0.001	0.001	0.001	0.001	0.0008	0.001
0.5717	0.0042	0.0041	0.0042	0.0041	0.0042	0.0104	0.0103	0.0104	0.0103	0.0103	0.0012	0.0012	0.0012	0.0012	0.0012	0.0012	0.0012	0.0012	0.0012	0.0012	0.0014	0.0014	0.0014	0.0014	0.0014	0.0014	0.0014	0.0014	0.0014	0.0014	0.0008	0.0008	0.0008	0.0008	0.0008	0.0008	0.0008	0.0008	0.0008	0.0008	0.0009	0.0009	0.0009	0.0009	0.0009	0.0009	0.0009	0.0009	0.0009	0.0009	0.0007	0.0007	0.0007	0.0007	0.0007	0.0007	0.0007	0.0007	0.0007	0.0007	0.0006	0.0007
0.5717	0.0042	0.0041	0.0042	0.0041	0.0042	0.0104	0.0103	0.0104	0.0103	0.0103	0.0012	0.0012	0.0012	0.0012	0.0012	0.0012	0.0012	0.0012	0.0012	0.0012	0.0014	0.0014	0.0014	0.0014	0.0014	0.0014	0.0014	0.0014	0.0014	0.0014	0.0008	0.0008	0.0008	0.0008	0.0008	0.0008	0.0008	0.0008	0.0008	0.0008	0.0009	0.0009	0.0009	0.0009	0.0009	0.0009	0.0009	0.0009	0.0009	0.0009	0.0007	0.0007	0.0007	0.0007	0.0007	0.0007	0.0007	0.0007	0.0007	0.0007	0.0006	0.0007
0.2443	0.0039	0.0038	0.0039	0.0038	0.0038	0.0103	0.0101	0.0103	0.0101	0.0101	0.0014	0.0014	0.0014	0.0014	0.0014	0.0014	0.0014	0.0014	0.0014	0.0014	0.0019	0.0019	0.0019	0.0019	0.0018	0.0018	0.0018	0.0018	0.0018	0.0018	0.001	0.001	0.001	0.001	0.001	0.001	0.001	0.001	0.001	0.001	0.0011	0.0011	0.0011	0.0011	0.0011	0.0011	0.0011	0.0011	0.0011	0.0011	0.0008	0.0008	0.0008	0.0008	0.0008	0.001	0.001	0.001	0.001	0.001	0.0008	0.001
0.5646	0.0035	0.0035	0.0035	0.0035	0.0035	0.01	0.01	0.01	0.01	0.01	0.0012	0.0012	0.0012	0.0012	0.0012	0.0012	0.0012	0.0012	0.0012	0.0012	0.0014	0.0014	0.0014	0.0014	0.0014	0.0014	0.0014	0.0014	0.0014	0.0014	0.0008	0.0008	0.0008	0.0008	0.0008	0.0008	0.0008	0.0008	0.0008	0.0008	0.0009	0.0009	0.0009	0.0009	0.0009	0.0009	0.0009	0.0009	0.0009	0.0009	0.0007	0.0007	0.0007	0.0007	0.0007	0.0007	0.0007	0.0007	0.0007	0.0007	0.0006	0.0007
0.5951	0.0025	0.0025	0.0025	0.0025	0.0025	0.009	0.009	0.009	0.009	0.009	0.0011	0.0011	0.0011	0.0011	0.0011	0.0011	0.0011	0.0011	0.0011	0.0011	0.0012	0.0012	0.0012	0.0012	0.0012	0.0012	0.0012	0.0012	0.0012	0.0012	0.0008	0.0008	0.0008	0.0008	0.0008	0.0008	0.0008	0.0008	0.0008	0.0008	0.0008	0.0008	0.0008	0.0008	0.0008	0.0008	0.0008	0.0008	0.0008	0.0008	0.0007	0.0007	0.0007	0.0007	0.0007	0.0007	0.0007	0.0007	0.0007	0.0007	0.0006	0.0006
0.6884	0.0023	0.0023	0.0023	0.0023	0.0023	0.0077	0.0077	0.0077	0.0077	0.0077	0.0009	0.0009	0.0009	0.0009	0.0009	0.0009	0.0009	0.0009	0.0009	0.0009	0.001	0.001	0.001	0.001	0.001	0.001	0.001	0.001	0.001	0.001	0.0007	0.0007	0.0007	0.0007	0.0007	0.0007	0.0007	0.0007	0.0007	0.0007	0.0007	0.0007	0.0007	0.0007	0.0007	0.0007	0.0007	0.0007	0.0007	0.0007	0.0005	0.0005	0.0005	0.0005	0.0005	0.0006	0.0006	0.0006	0.0006	0.0006	0.0005	0.0005
0.6884	0.0023	0.0023	0.0023	0.0023	0.0023	0.0077	0.0077	0.0077	0.0077	0.0077	0.0009	0.0009	0.0009	0.0009	0.0009	0.0009	0.0009	0.0009	0.0009	0.0009	0.001	0.001	0.001	0.001	0.001	0.001	0.001	0.001	0.001	0.001	0.0007	0.0007	0.0007	0.0007	0.0007	0.0007	0.0007	0.0007	0.0007	0.0007	0.0007	0.0007	0.0007	0.0007	0.0007	0.0007	0.0007	0.0007	0.0007	0.0007	0.0005	0.0005	0.0005	0.0005	0.0005	0.0006	0.0006	0.0006	0.0006	0.0006	0.0005	0.0005
0.4146	0.0029	0.0029	0.0029	0.0029	0.003	0.0104	0.0104	0.0104	0.0104	0.0104	0.0013	0.0013	0.0013	0.0013	0.0013	0.0013	0.0013	0.0013	0.0013	0.0013	0.0016	0.0016	0.0016	0.0016	0.0016	0.0016	0.0016	0.0016	0.0016	0.0016	0.001	0.001	0.001	0.001	0.001	0.001	0.001	0.001	0.001	0.001	0.001	0.001	0.001	0.001	0.001	0.001	0.001	0.001	0.001	0.001	0.0008	0.0008	0.0008	0.0008	0.0008	0.0009	0.0009	0.0009	0.0009	0.0009	0.0007	0.0008
0.5618	0.003	0.0031	0.0031	0.0031	0.0031	0.0097	0.0097	0.0097	0.0097	0.0097	0.0012	0.0012	0.0012	0.0012	0.0012	0.0012	0.0012	0.0012	0.0012	0.0012	0.0014	0.0014	0.0014	0.0014	0.0014	0.0014	0.0014	0.0014	0.0014	0.0014	0.0008	0.0008	0.0008	0.0008	0.0008	0.0008	0.0008	0.0008	0.0008	0.0008	0.0009	0.0009	0.0009	0.0009	0.0009	0.0009	0.0009	0.0009	0.0009	0.0009	0.0007	0.0007	0.0007	0.0007	0.0007	0.0007	0.0007	0.0007	0.0007	0.0007	0.0006	0.0007
0.6414	0.0025	0.0025	0.0025	0.0025	0.0025	0.0085	0.0085	0.0085	0.0085	0.0085	0.001	0.001	0.001	0.001	0.001	0.001	0.001	0.001	0.001	0.001	0.0011	0.0011	0.0011	0.0011	0.0011	0.0011	0.0011	0.0011	0.0011	0.0011	0.0007	0.0007	0.0007	0.0007	0.0007	0.0007	0.0007	0.0007	0.0007	0.0007	0.0008	0.0008	0.0008	0.0008	0.0008	0.0008	0.0008	0.0008	0.0008	0.0008	0.0006	0.0006	0.0006	0.0006	0.0006	0.0006	0.0006	0.0006	0.0006	0.0006	0.0005	0.0006
0.692	0.0021	0.0021	0.0021	0.0021	0.0021	0.0075	0.0075	0.0075	0.0075	0.0075	0.0009	0.0009	0.0009	0.0009	0.0009	0.0009	0.0009	0.0009	0.0009	0.0009	0.001	0.001	0.001	0.001	0.001	0.001	0.001	0.001	0.001	0.001	0.0007	0.0007	0.0007	0.0007	0.0007	0.0007	0.0007	0.0007	0.0007	0.0007	0.0007	0.0007	0.0007	0.0007	0.0007	0.0007	0.0007	0.0007	0.0007	0.0007	0.0005	0.0005	0.0005	0.0005	0.0005	0.0006	0.0006	0.0006	0.0006	0.0006	0.0005	0.0005
0.7526	0.0018	0.0018	0.0018	0.0018	0.0018	0.0064	0.0064	0.0064	0.0064	0.0064	0.0007	0.0007	0.0007	0.0007	0.0007	0.0007	0.0007	0.0007	0.0007	0.0007	0.0008	0.0008	0.0008	0.0008	0.0008	0.0008	0.0008	0.0008	0.0008	0.0008	0.0005	0.0005	0.0005	0.0005	0.0005	0.0005	0.0005	0.0005	0.0005	0.0005	0.0006	0.0006	0.0006	0.0006	0.0006	0.0006	0.0006	0.0006	0.0006	0.0006	0.0004	0.0004	0.0004	0.0004	0.0004	0.0005	0.0005	0.0005	0.0005	0.0005	0.0004	0.0004
0.7526	0.0018	0.0018	0.0018	0.0018	0.0018	0.0064	0.0064	0.0064	0.0064	0.0064	0.0007	0.0007	0.0007	0.0007	0.0007	0.0007	0.0007	0.0007	0.0007	0.0007	0.0008	0.0008	0.0008	0.0008	0.0008	0.0008	0.0008	0.0008	0.0008	0.0008	0.0005	0.0005	0.0005	0.0005	0.0005	0.0005	0.0005	0.0005	0.0005	0.0005	0.0006	0.0006	0.0006	0.0006	0.0006	0.0006	0.0006	0.0006	0.0006	0.0006	0.0004	0.0004	0.0004	0.0004	0.0004	0.0005	0.0005	0.0005	0.0005	0.0005	0.0004	0.0004
0.4337	0.0027	0.0027	0.0027	0.0027	0.0027	0.0102	0.0102	0.0102	0.0102	0.0102	0.0013	0.0013	0.0013	0.0013	0.0013	0.0013	0.0013	0.0013	0.0013	0.0013	0.0016	0.0016	0.0016	0.0016	0.0016	0.0016	0.0016	0.0016	0.0016	0.0016	0.001	0.001	0.001	0.001	0.001	0.001	0.001	0.001	0.001	0.001	0.001	0.001	0.001	0.001	0.001	0.001	0.001	0.001	0.001	0.001	0.0008	0.0008	0.0008	0.0008	0.0008	0.0009	0.0009	0.0009	0.0009	0.0009	0.0007	0.0008
0.5947	0.0025	0.0025	0.0025	0.0025	0.0025	0.009	0.009	0.009	0.009	0.009	0.0011	0.0011	0.0011	0.0011	0.0011	0.0011	0.0011	0.0011	0.0011	0.0011	0.0012	0.0012	0.0012	0.0012	0.0012	0.0012	0.0012	0.0012	0.0012	0.0012	0.0008	0.0008	0.0008	0.0008	0.0008	0.0008	0.0008	0.0008	0.0008	0.0008	0.0008	0.0008	0.0008	0.0008	0.0008	0.0008	0.0008	0.0008	0.0008	0.0008	0.0007	0.0007	0.0007	0.0007	0.0007	0.0007	0.0007	0.0007	0.0007	0.0007	0.0006	0.0006
0.7198	0.0023	0.0023	0.0023	0.0023	0.0023	0.0073	0.0073	0.0073	0.0073	0.0073	0.0008	0.0008	0.0008	0.0008	0.0008	0.0008	0.0008	0.0008	0.0008	0.0008	0.0009	0.0009	0.0009	0.0009	0.0009	0.0009	0.0009	0.0009	0.0009	0.0009	0.0006	0.0006	0.0006	0.0006	0.0006	0.0006	0.0006	0.0006	0.0006	0.0006	0.0006	0.0006	0.0006	0.0006	0.0006	0.0006	0.0006	0.0006	0.0006	0.0006	0.0005	0.0005	0.0005	0.0005	0.0005	0.0005	0.0005	0.0005	0.0005	0.0005	0.0004	0.0004
0.7198	0.0023	0.0023	0.0023	0.0023	0.0023	0.0073	0.0073	0.0073	0.0073	0.0073	0.0008	0.0008	0.0008	0.0008	0.0008	0.0008	0.0008	0.0008	0.0008	0.0008	0.0009	0.0009	0.0009	0.0009	0.0009	0.0009	0.0009	0.0009	0.0009	0.0009	0.0006	0.0006	0.0006	0.0006	0.0006	0.0006	0.0006	0.0006	0.0006	0.0006	0.0006	0.0006	0.0006	0.0006	0.0006	0.0006	0.0006	0.0006	0.0006	0.0006	0.0005	0.0005	0.0005	0.0005	0.0005	0.0005	0.0005	0.0005	0.0005	0.0005	0.0004	0.0004
0.706	0.0027	0.0027	0.0027	0.0027	0.0027	0.0077	0.0077	0.0077	0.0077	0.0077	0.0009	0.0009	0.0009	0.0009	0.0009	0.0009	0.0009	0.0009	0.0009	0.0009	0.001	0.001	0.001	0.001	0.001	0.001	0.001	0.001	0.001	0.001	0.0006	0.0006	0.0006	0.0006	0.0006	0.0006	0.0006	0.0006	0.0006	0.0006	0.0006	0.0006	0.0006	0.0006	0.0006	0.0006	0.0006	0.0006	0.0006	0.0006	0.0005	0.0005	0.0005	0.0005	0.0005	0.0005	0.0005	0.0005	0.0005	0.0005	0.0004	0.0005
0.706	0.0027	0.0027	0.0027	0.0027	0.0027	0.0077	0.0077	0.0077	0.0077	0.0077	0.0009	0.0009	0.0009	0.0009	0.0009	0.0009	0.0009	0.0009	0.0009	0.0009	0.001	0.001	0.001	0.001	0.001	0.001	0.001	0.001	0.001	0.001	0.0006	0.0006	0.0006	0.0006	0.0006	0.0006	0.0006	0.0006	0.0006	0.0006	0.0006	0.0006	0.0006	0.0006	0.0006	0.0006	0.0006	0.0006	0.0006	0.0006	0.0005	0.0005	0.0005	0.0005	0.0005	0.0005	0.0005	0.0005	0.0005	0.0005	0.0004	0.0005
0.6388	0.0035	0.0035	0.0035	0.0035	0.0035	0.0092	0.0092	0.0092	0.0092	0.0092	0.0011	0.0011	0.0011	0.0011	0.0011	0.0011	0.0011	0.0011	0.0011	0.0011	0.0012	0.0012	0.0012	0.0012	0.0012	0.0012	0.0012	0.0012	0.0012	0.0012	0.0007	0.0007	0.0007	0.0007	0.0007	0.0007	0.0007	0.0007	0.0007	0.0007	0.0008	0.0008	0.0008	0.0008	0.0008	0.0008	0.0008	0.0008	0.0008	0.0008	0.0006	0.0006	0.0006	0.0006	0.0006	0.0006	0.0006	0.0006	0.0006	0.0006	0.0005	0.0006
0.6388	0.0035	0.0035	0.0035	0.0035	0.0035	0.0092	0.0092	0.0092	0.0092	0.0092	0.0011	0.0011	0.0011	0.0011	0.0011	0.0011	0.0011	0.0011	0.0011	0.0011	0.0012	0.0012	0.0012	0.0012	0.0012	0.0012	0.0012	0.0012	0.0012	0.0012	0.0007	0.0007	0.0007	0.0007	0.0007	0.0007	0.0007	0.0007	0.0007	0.0007	0.0008	0.0008	0.0008	0.0008	0.0008	0.0008	0.0008	0.0008	0.0008	0.0008	0.0006	0.0006	0.0006	0.0006	0.0006	0.0006	0.0006	0.0006	0.0006	0.0006	0.0005	0.0006
0.6434	0.0035	0.0035	0.0035	0.0035	0.0035	0.0092	0.0091	0.0091	0.0091	0.0091	0.001	0.001	0.001	0.001	0.001	0.001	0.001	0.001	0.001	0.001	0.0012	0.0012	0.0012	0.0012	0.0012	0.0012	0.0012	0.0012	0.0012	0.0012	0.0007	0.0007	0.0007	0.0007	0.0007	0.0007	0.0007	0.0007	0.0007	0.0007	0.0008	0.0008	0.0008	0.0008	0.0008	0.0008	0.0008	0.0008	0.0008	0.0008	0.0006	0.0006	0.0006	0.0006	0.0006	0.0006	0.0006	0.0006	0.0006	0.0006	0.0005	0.0006
0.6434	0.0035	0.0035	0.0035	0.0035	0.0035	0.0092	0.0091	0.0091	0.0091	0.0091	0.001	0.001	0.001	0.001	0.001	0.001	0.001	0.001	0.001	0.001	0.0012	0.0012	0.0012	0.0012	0.0012	0.0012	0.0012	0.0012	0.0012	0.0012	0.0007	0.0007	0.0007	0.0007	0.0007	0.0007	0.0007	0.0007	0.0007	0.0007	0.0008	0.0008	0.0008	0.0008	0.0008	0.0008	0.0008	0.0008	0.0008	0.0008	0.0006	0.0006	0.0006	0.0006	0.0006	0.0006	0.0006	0.0006	0.0006	0.0006	0.0005	0.0006
0.1493	0.0024	0.0023	0.0024	0.0024	0.0024	0.0077	0.0077	0.0077	0.0077	0.0077	0.0011	0.0011	0.0011	0.0011	0.0011	0.0011	0.0011	0.0011	0.0011	0.0011	0.0016	0.0016	0.0016	0.0016	0.0015	0.0015	0.0015	0.0015	0.0015	0.0015	0.0008	0.0008	0.0008	0.0008	0.0008	0.0008	0.0008	0.0008	0.0008	0.0008	0.0009	0.0009	0.0009	0.0009	0.0009	0.0009	0.0009	0.0009	0.0009	0.0009	0.0007	0.0007	0.0007	0.0007	0.0007	0.0009	0.0009	0.0009	0.0009	0.0009	0.0007	0.0009
0.349	0.0035	0.0035	0.0035	0.0035	0.0035	0.0107	0.0107	0.0107	0.0107	0.0107	0.0014	0.0014	0.0014	0.0014	0.0014	0.0014	0.0014	0.0014	0.0014	0.0014	0.0017	0.0017	0.0017	0.0017	0.0017	0.0017	0.0017	0.0017	0.0017	0.0017	0.001	0.001	0.001	0.001	0.001	0.001	0.001	0.001	0.001	0.001	0.0011	0.0011	0.0011	0.0011	0.0011	0.0011	0.0011	0.0011	0.0011	0.0011	0.0008	0.0008	0.0008	0.0008	0.0008	0.0009	0.0009	0.0009	0.0009	0.0009	0.0008	0.0009
0.349	0.0035	0.0035	0.0035	0.0035	0.0035	0.0107	0.0107	0.0107	0.0107	0.0107	0.0014	0.0014	0.0014	0.0014	0.0014	0.0014	0.0014	0.0014	0.0014	0.0014	0.0017	0.0017	0.0017	0.0017	0.0017	0.0017	0.0017	0.0017	0.0017	0.0017	0.001	0.001	0.001	0.001	0.001	0.001	0.001	0.001	0.001	0.001	0.0011	0.0011	0.0011	0.0011	0.0011	0.0011	0.0011	0.0011	0.0011	0.0011	0.0008	0.0008	0.0008	0.0008	0.0008	0.0009	0.0009	0.0009	0.0009	0.0009	0.0008	0.0009
0.3239	0.0033	0.0033	0.0033	0.0033	0.0033	0.0105	0.0105	0.0105	0.0105	0.0105	0.0014	0.0014	0.0014	0.0014	0.0014	0.0014	0.0014	0.0014	0.0014	0.0014	0.0017	0.0017	0.0017	0.0017	0.0017	0.0017	0.0017	0.0017	0.0017	0.0017	0.001	0.001	0.001	0.001	0.001	0.001	0.001	0.001	0.001	0.001	0.0011	0.0011	0.0011	0.0011	0.0011	0.0011	0.0011	0.0011	0.0011	0.0011	0.0008	0.0008	0.0008	0.0008	0.0008	0.0009	0.0009	0.0009	0.0009	0.0009	0.0008	0.0009
0.3817	0.003	0.003	0.0031	0.0031	0.0031	0.0105	0.0105	0.0105	0.0105	0.0105	0.0013	0.0013	0.0013	0.0013	0.0013	0.0013	0.0013	0.0013	0.0013	0.0013	0.0017	0.0017	0.0017	0.0017	0.0017	0.0017	0.0017	0.0017	0.0017	0.0017	0.001	0.001	0.001	0.001	0.001	0.001	0.001	0.001	0.001	0.001	0.0011	0.0011	0.0011	0.0011	0.0011	0.0011	0.0011	0.0011	0.0011	0.0011	0.0008	0.0008	0.0008	0.0008	0.0008	0.0009	0.0009	0.0009	0.0009	0.0009	0.0008	0.0009
0.645	0.0032	0.0032	0.0032	0.0033	0.0033	0.0089	0.0089	0.0089	0.0089	0.0089	0.001	0.001	0.001	0.001	0.001	0.001	0.001	0.001	0.001	0.001	0.0012	0.0012	0.0012	0.0012	0.0012	0.0012	0.0012	0.0012	0.0012	0.0012	0.0007	0.0007	0.0007	0.0007	0.0007	0.0007	0.0007	0.0007	0.0007	0.0007	0.0008	0.0008	0.0008	0.0008	0.0008	0.0008	0.0008	0.0008	0.0008	0.0008	0.0006	0.0006	0.0006	0.0006	0.0006	0.0006	0.0006	0.0006	0.0006	0.0006	0.0005	0.0006
0.645	0.0032	0.0032	0.0032	0.0033	0.0033	0.0089	0.0089	0.0089	0.0089	0.0089	0.001	0.001	0.001	0.001	0.001	0.001	0.001	0.001	0.001	0.001	0.0012	0.0012	0.0012	0.0012	0.0012	0.0012	0.0012	0.0012	0.0012	0.0012	0.0007	0.0007	0.0007	0.0007	0.0007	0.0007	0.0007	0.0007	0.0007	0.0007	0.0008	0.0008	0.0008	0.0008	0.0008	0.0008	0.0008	0.0008	0.0008	0.0008	0.0006	0.0006	0.0006	0.0006	0.0006	0.0006	0.0006	0.0006	0.0006	0.0006	0.0005	0.0006
0.5316	0.0028	0.0028	0.0028	0.0028	0.0029	0.0098	0.0098	0.0098	0.0098	0.0098	0.0012	0.0012	0.0012	0.0012	0.0012	0.0012	0.0012	0.0012	0.0012	0.0012	0.0014	0.0014	0.0014	0.0014	0.0014	0.0014	0.0014	0.0014	0.0014	0.0014	0.0009	0.0009	0.0009	0.0009	0.0009	0.0009	0.0009	0.0009	0.0009	0.0009	0.0009	0.0009	0.0009	0.0009	0.0009	0.0009	0.0009	0.0009	0.0009	0.0009	0.0007	0.0007	0.0007	0.0007	0.0007	0.0008	0.0008	0.0008	0.0008	0.0008	0.0006	0.0007
0.5659	0.0025	0.0025	0.0025	0.0025	0.0025	0.0093	0.0093	0.0093	0.0093	0.0093	0.0011	0.0011	0.0011	0.0011	0.0011	0.0011	0.0011	0.0011	0.0011	0.0011	0.0013	0.0013	0.0013	0.0013	0.0013	0.0013	0.0013	0.0013	0.0013	0.0013	0.0008	0.0008	0.0008	0.0008	0.0008	0.0008	0.0008	0.0008	0.0008	0.0008	0.0009	0.0009	0.0009	0.0009	0.0009	0.0009	0.0009	0.0009	0.0009	0.0009	0.0007	0.0007	0.0007	0.0007	0.0007	0.0007	0.0007	0.0007	0.0007	0.0007	0.0006	0.0007
0.5659	0.0025	0.0025	0.0025	0.0025	0.0025	0.0093	0.0093	0.0093	0.0093	0.0093	0.0011	0.0011	0.0011	0.0011	0.0011	0.0011	0.0011	0.0011	0.0011	0.0011	0.0013	0.0013	0.0013	0.0013	0.0013	0.0013	0.0013	0.0013	0.0013	0.0013	0.0008	0.0008	0.0008	0.0008	0.0008	0.0008	0.0008	0.0008	0.0008	0.0008	0.0009	0.0009	0.0009	0.0009	0.0009	0.0009	0.0009	0.0009	0.0009	0.0009	0.0007	0.0007	0.0007	0.0007	0.0007	0.0007	0.0007	0.0007	0.0007	0.0007	0.0006	0.0007
0.5962	0.003	0.003	0.003	0.003	0.003	0.0093	0.0093	0.0093	0.0093	0.0093	0.0011	0.0011	0.0011	0.0011	0.0011	0.0011	0.0011	0.0011	0.0011	0.0011	0.0013	0.0013	0.0013	0.0013	0.0013	0.0013	0.0013	0.0013	0.0013	0.0013	0.0008	0.0008	0.0008	0.0008	0.0008	0.0008	0.0008	0.0008	0.0008	0.0008	0.0008	0.0008	0.0008	0.0008	0.0008	0.0008	0.0008	0.0008	0.0008	0.0008	0.0007	0.0007	0.0007	0.0007	0.0007	0.0007	0.0007	0.0007	0.0007	0.0007	0.0006	0.0006
0.5962	0.003	0.003	0.003	0.003	0.003	0.0093	0.0093	0.0093	0.0093	0.0093	0.0011	0.0011	0.0011	0.0011	0.0011	0.0011	0.0011	0.0011	0.0011	0.0011	0.0013	0.0013	0.0013	0.0013	0.0013	0.0013	0.0013	0.0013	0.0013	0.0013	0.0008	0.0008	0.0008	0.0008	0.0008	0.0008	0.0008	0.0008	0.0008	0.0008	0.0008	0.0008	0.0008	0.0008	0.0008	0.0008	0.0008	0.0008	0.0008	0.0008	0.0007	0.0007	0.0007	0.0007	0.0007	0.0007	0.0007	0.0007	0.0007	0.0007	0.0006	0.0006
0.5061	0.0027	0.0027	0.0027	0.0028	0.0028	0.0099	0.0099	0.0099	0.0099	0.0099	0.0012	0.0012	0.0012	0.0012	0.0012	0.0012	0.0012	0.0012	0.0012	0.0012	0.0014	0.0014	0.0014	0.0014	0.0014	0.0014	0.0014	0.0014	0.0014	0.0014	0.0009	0.0009	0.0009	0.0009	0.0009	0.0009	0.0009	0.0009	0.0009	0.0009	0.0009	0.0009	0.0009	0.0009	0.0009	0.0009	0.0009	0.0009	0.0009	0.0009	0.0008	0.0008	0.0008	0.0008	0.0008	0.0008	0.0008	0.0008	0.0008	0.0008	0.0007	0.0007
0.6997	0.0027	0.0027	0.0027	0.0027	0.0027	0.0078	0.0078	0.0078	0.0078	0.0078	0.0009	0.0009	0.0009	0.0009	0.0009	0.0009	0.0009	0.0009	0.0009	0.0009	0.001	0.001	0.001	0.001	0.001	0.001	0.001	0.001	0.001	0.001	0.0006	0.0006	0.0006	0.0006	0.0006	0.0006	0.0006	0.0006	0.0006	0.0006	0.0007	0.0007	0.0007	0.0007	0.0007	0.0007	0.0007	0.0007	0.0007	0.0007	0.0005	0.0005	0.0005	0.0005	0.0005	0.0005	0.0005	0.0005	0.0005	0.0005	0.0005	0.0005
0.6997	0.0027	0.0027	0.0027	0.0027	0.0027	0.0078	0.0078	0.0078	0.0078	0.0078	0.0009	0.0009	0.0009	0.0009	0.0009	0.0009	0.0009	0.0009	0.0009	0.0009	0.001	0.001	0.001	0.001	0.001	0.001	0.001	0.001	0.001	0.001	0.0006	0.0006	0.0006	0.0006	0.0006	0.0006	0.0006	0.0006	0.0006	0.0006	0.0007	0.0007	0.0007	0.0007	0.0007	0.0007	0.0007	0.0007	0.0007	0.0007	0.0005	0.0005	0.0005	0.0005	0.0005	0.0005	0.0005	0.0005	0.0005	0.0005	0.0005	0.0005
0.5267	0.0025	0.0025	0.0025	0.0025	0.0025	0.0097	0.0097	0.0097	0.0097	0.0097	0.0012	0.0012	0.0012	0.0012	0.0012	0.0012	0.0012	0.0012	0.0012	0.0012	0.0014	0.0014	0.0014	0.0014	0.0014	0.0014	0.0014	0.0014	0.0014	0.0014	0.0009	0.0009	0.0009	0.0009	0.0009	0.0009	0.0009	0.0009	0.0009	0.0009	0.0009	0.0009	0.0009	0.0009	0.0009	0.0009	0.0009	0.0009	0.0009	0.0009	0.0007	0.0007	0.0007	0.0007	0.0007	0.0008	0.0008	0.0008	0.0008	0.0008	0.0007	0.0007
0.186	0.0029	0.0029	0.0029	0.0029	0.0029	0.0088	0.0087	0.0088	0.0087	0.0087	0.0012	0.0012	0.0012	0.0012	0.0012	0.0012	0.0012	0.0012	0.0012	0.0012	0.0017	0.0017	0.0017	0.0017	0.0017	0.0017	0.0017	0.0017	0.0017	0.0017	0.0009	0.0009	0.0009	0.0009	0.0009	0.0009	0.0009	0.0009	0.0009	0.0009	0.001	0.001	0.001	0.001	0.001	0.001	0.001	0.001	0.001	0.001	0.0008	0.0008	0.0008	0.0008	0.0008	0.0009	0.0009	0.0009	0.0009	0.0009	0.0008	0.001
0.186	0.0029	0.0029	0.0029	0.0029	0.0029	0.0088	0.0087	0.0088	0.0087	0.0087	0.0012	0.0012	0.0012	0.0012	0.0012	0.0012	0.0012	0.0012	0.0012	0.0012	0.0017	0.0017	0.0017	0.0017	0.0017	0.0017	0.0017	0.0017	0.0017	0.0017	0.0009	0.0009	0.0009	0.0009	0.0009	0.0009	0.0009	0.0009	0.0009	0.0009	0.001	0.001	0.001	0.001	0.001	0.001	0.001	0.001	0.001	0.001	0.0008	0.0008	0.0008	0.0008	0.0008	0.0009	0.0009	0.0009	0.0009	0.0009	0.0008	0.001
0.1512	0.0025	0.0024	0.0025	0.0025	0.0025	0.0078	0.0078	0.0078	0.0078	0.0078	0.0011	0.0011	0.0011	0.0011	0.0011	0.0011	0.0011	0.0011	0.0011	0.0011	0.0016	0.0016	0.0016	0.0016	0.0016	0.0016	0.0016	0.0016	0.0016	0.0016	0.0008	0.0008	0.0008	0.0008	0.0008	0.0008	0.0008	0.0008	0.0008	0.0008	0.001	0.001	0.001	0.001	0.001	0.001	0.001	0.001	0.0009	0.001	0.0007	0.0007	0.0007	0.0007	0.0007	0.0009	0.0009	0.0009	0.0009	0.0009	0.0007	0.0009
0.3478	0.0034	0.0034	0.0034	0.0034	0.0034	0.0107	0.0107	0.0107	0.0107	0.0107	0.0014	0.0014	0.0014	0.0014	0.0014	0.0014	0.0014	0.0014	0.0014	0.0014	0.0017	0.0017	0.0017	0.0017	0.0017	0.0017	0.0017	0.0017	0.0017	0.0017	0.001	0.001	0.001	0.001	0.001	0.001	0.001	0.001	0.001	0.001	0.0011	0.0011	0.0011	0.0011	0.0011	0.0011	0.0011	0.0011	0.0011	0.0011	0.0008	0.0008	0.0008	0.0008	0.0008	0.0009	0.0009	0.0009	0.0009	0.0009	0.0008	0.0009
0.395	0.003	0.003	0.003	0.003	0.003	0.0105	0.0105	0.0105	0.0105	0.0105	0.0013	0.0013	0.0013	0.0013	0.0013	0.0013	0.0013	0.0013	0.0013	0.0013	0.0016	0.0016	0.0016	0.0016	0.0016	0.0016	0.0016	0.0016	0.0016	0.0016	0.001	0.001	0.001	0.001	0.001	0.001	0.001	0.001	0.001	0.001	0.001	0.001	0.001	0.001	0.001	0.001	0.001	0.001	0.001	0.001	0.0008	0.0008	0.0008	0.0008	0.0008	0.0009	0.0009	0.0009	0.0009	0.0009	0.0008	0.0009
0.4454	0.0029	0.0029	0.0029	0.0029	0.0029	0.0103	0.0103	0.0103	0.0103	0.0103	0.0013	0.0013	0.0013	0.0013	0.0013	0.0013	0.0013	0.0013	0.0013	0.0013	0.0016	0.0016	0.0016	0.0016	0.0016	0.0016	0.0016	0.0016	0.0016	0.0016	0.0009	0.0009	0.0009	0.0009	0.0009	0.0009	0.0009	0.0009	0.0009	0.0009	0.001	0.001	0.001	0.001	0.001	0.001	0.001	0.001	0.001	0.001	0.0008	0.0008	0.0008	0.0008	0.0008	0.0009	0.0009	0.0009	0.0009	0.0009	0.0007	0.0008
0.4454	0.0029	0.0029	0.0029	0.0029	0.0029	0.0103	0.0103	0.0103	0.0103	0.0103	0.0013	0.0013	0.0013	0.0013	0.0013	0.0013	0.0013	0.0013	0.0013	0.0013	0.0016	0.0016	0.0016	0.0016	0.0016	0.0016	0.0016	0.0016	0.0016	0.0016	0.0009	0.0009	0.0009	0.0009	0.0009	0.0009	0.0009	0.0009	0.0009	0.0009	0.001	0.001	0.001	0.001	0.001	0.001	0.001	0.001	0.001	0.001	0.0008	0.0008	0.0008	0.0008	0.0008	0.0009	0.0009	0.0009	0.0009	0.0009	0.0007	0.0008
0.3717	0.003	0.003	0.003	0.0031	0.0031	0.0105	0.0105	0.0105	0.0105	0.0105	0.0013	0.0013	0.0013	0.0013	0.0013	0.0013	0.0013	0.0013	0.0013	0.0013	0.0017	0.0017	0.0017	0.0017	0.0017	0.0017	0.0017	0.0017	0.0017	0.0017	0.001	0.001	0.001	0.001	0.001	0.001	0.001	0.001	0.001	0.001	0.0011	0.0011	0.0011	0.0011	0.0011	0.0011	0.0011	0.0011	0.0011	0.0011	0.0008	0.0008	0.0008	0.0008	0.0008	0.0009	0.0009	0.0009	0.0009	0.0009	0.0008	0.0009
0.6665	0.0031	0.0031	0.0031	0.0031	0.0032	0.0086	0.0086	0.0086	0.0086	0.0086	0.001	0.001	0.001	0.001	0.001	0.001	0.001	0.001	0.001	0.001	0.0011	0.0011	0.0011	0.0011	0.0011	0.0011	0.0011	0.0011	0.0011	0.0011	0.0007	0.0007	0.0007	0.0007	0.0007	0.0007	0.0007	0.0007	0.0007	0.0007	0.0007	0.0007	0.0007	0.0007	0.0007	0.0007	0.0007	0.0007	0.0007	0.0007	0.0006	0.0006	0.0006	0.0006	0.0006	0.0006	0.0006	0.0006	0.0006	0.0006	0.0005	0.0005
0.6665	0.0031	0.0031	0.0031	0.0031	0.0032	0.0086	0.0086	0.0086	0.0086	0.0086	0.001	0.001	0.001	0.001	0.001	0.001	0.001	0.001	0.001	0.001	0.0011	0.0011	0.0011	0.0011	0.0011	0.0011	0.0011	0.0011	0.0011	0.0011	0.0007	0.0007	0.0007	0.0007	0.0007	0.0007	0.0007	0.0007	0.0007	0.0007	0.0007	0.0007	0.0007	0.0007	0.0007	0.0007	0.0007	0.0007	0.0007	0.0007	0.0006	0.0006	0.0006	0.0006	0.0006	0.0006	0.0006	0.0006	0.0006	0.0006	0.0005	0.0005
0.6086	0.003	0.003	0.003	0.003	0.003	0.0092	0.0092	0.0092	0.0092	0.0092	0.0011	0.0011	0.0011	0.0011	0.0011	0.0011	0.0011	0.0011	0.0011	0.0011	0.0012	0.0012	0.0012	0.0012	0.0012	0.0012	0.0012	0.0012	0.0012	0.0012	0.0008	0.0008	0.0008	0.0008	0.0008	0.0008	0.0008	0.0008	0.0008	0.0008	0.0008	0.0008	0.0008	0.0008	0.0008	0.0008	0.0008	0.0008	0.0008	0.0008	0.0006	0.0006	0.0006	0.0006	0.0006	0.0007	0.0007	0.0007	0.0007	0.0007	0.0006	0.0006
0.6086	0.003	0.003	0.003	0.003	0.003	0.0092	0.0092	0.0092	0.0092	0.0092	0.0011	0.0011	0.0011	0.0011	0.0011	0.0011	0.0011	0.0011	0.0011	0.0011	0.0012	0.0012	0.0012	0.0012	0.0012	0.0012	0.0012	0.0012	0.0012	0.0012	0.0008	0.0008	0.0008	0.0008	0.0008	0.0008	0.0008	0.0008	0.0008	0.0008	0.0008	0.0008	0.0008	0.0008	0.0008	0.0008	0.0008	0.0008	0.0008	0.0008	0.0006	0.0006	0.0006	0.0006	0.0006	0.0007	0.0007	0.0007	0.0007	0.0007	0.0006	0.0006
0.3874	0.003	0.003	0.003	0.003	0.003	0.0105	0.0105	0.0105	0.0105	0.0105	0.0013	0.0013	0.0013	0.0013	0.0013	0.0013	0.0013	0.0013	0.0013	0.0013	0.0017	0.0017	0.0017	0.0017	0.0017	0.0017	0.0017	0.0017	0.0017	0.0017	0.001	0.001	0.001	0.001	0.001	0.001	0.001	0.001	0.001	0.001	0.0011	0.0011	0.0011	0.0011	0.0011	0.0011	0.0011	0.0011	0.0011	0.0011	0.0008	0.0008	0.0008	0.0008	0.0008	0.0009	0.0009	0.0009	0.0009	0.0009	0.0008	0.0009
0.4252	0.0028	0.0028	0.0029	0.0029	0.0029	0.0104	0.0104	0.0104	0.0104	0.0104	0.0013	0.0013	0.0013	0.0013	0.0013	0.0013	0.0013	0.0013	0.0013	0.0013	0.0016	0.0016	0.0016	0.0016	0.0016	0.0016	0.0016	0.0016	0.0016	0.0016	0.001	0.001	0.001	0.001	0.001	0.001	0.001	0.001	0.001	0.001	0.001	0.001	0.001	0.001	0.001	0.001	0.001	0.001	0.001	0.001	0.0008	0.0008	0.0008	0.0008	0.0008	0.0009	0.0009	0.0009	0.0009	0.0009	0.0007	0.0008
0.5029	0.0029	0.0029	0.0029	0.0029	0.0029	0.0101	0.0101	0.0101	0.0101	0.0101	0.0012	0.0012	0.0012	0.0012	0.0012	0.0012	0.0012	0.0012	0.0012	0.0012	0.0015	0.0015	0.0015	0.0015	0.0015	0.0015	0.0015	0.0015	0.0015	0.0015	0.0009	0.0009	0.0009	0.0009	0.0009	0.0009	0.0009	0.0009	0.0009	0.0009	0.001	0.001	0.001	0.001	0.001	0.001	0.001	0.001	0.001	0.001	0.0008	0.0008	0.0008	0.0008	0.0008	0.0008	0.0008	0.0008	0.0008	0.0008	0.0007	0.0007
0.5029	0.0029	0.0029	0.0029	0.0029	0.0029	0.0101	0.0101	0.0101	0.0101	0.0101	0.0012	0.0012	0.0012	0.0012	0.0012	0.0012	0.0012	0.0012	0.0012	0.0012	0.0015	0.0015	0.0015	0.0015	0.0015	0.0015	0.0015	0.0015	0.0015	0.0015	0.0009	0.0009	0.0009	0.0009	0.0009	0.0009	0.0009	0.0009	0.0009	0.0009	0.001	0.001	0.001	0.001	0.001	0.001	0.001	0.001	0.001	0.001	0.0008	0.0008	0.0008	0.0008	0.0008	0.0008	0.0008	0.0008	0.0008	0.0008	0.0007	0.0007
0.3536	0.0028	0.0028	0.0028	0.0029	0.0029	0.0103	0.0103	0.0103	0.0103	0.0103	0.0013	0.0013	0.0013	0.0013	0.0013	0.0013	0.0013	0.0013	0.0013	0.0013	0.0017	0.0017	0.0017	0.0017	0.0017	0.0017	0.0017	0.0017	0.0017	0.0017	0.001	0.001	0.001	0.001	0.001	0.001	0.001	0.001	0.001	0.001	0.0011	0.0011	0.0011	0.0011	0.0011	0.0011	0.0011	0.0011	0.0011	0.0011	0.0008	0.0008	0.0008	0.0008	0.0008	0.0009	0.0009	0.0009	0.0009	0.0009	0.0008	0.0009
0.4433	0.0031	0.0031	0.0031	0.0031	0.0031	0.0105	0.0105	0.0105	0.0105	0.0105	0.0013	0.0013	0.0013	0.0013	0.0013	0.0013	0.0013	0.0013	0.0013	0.0013	0.0016	0.0016	0.0016	0.0016	0.0016	0.0016	0.0016	0.0016	0.0016	0.0016	0.001	0.001	0.001	0.001	0.001	0.001	0.001	0.001	0.001	0.001	0.001	0.001	0.001	0.001	0.001	0.001	0.001	0.001	0.001	0.001	0.0008	0.0008	0.0008	0.0008	0.0008	0.0009	0.0009	0.0009	0.0009	0.0009	0.0007	0.0008
0.7468	0.0026	0.0026	0.0026	0.0026	0.0026	0.0071	0.0071	0.0071	0.0071	0.0071	0.0008	0.0008	0.0008	0.0008	0.0008	0.0008	0.0008	0.0008	0.0008	0.0008	0.0009	0.0009	0.0009	0.0009	0.0009	0.0009	0.0009	0.0009	0.0009	0.0009	0.0006	0.0006	0.0006	0.0006	0.0006	0.0006	0.0006	0.0006	0.0006	0.0006	0.0006	0.0006	0.0006	0.0006	0.0006	0.0006	0.0006	0.0006	0.0006	0.0006	0.0005	0.0005	0.0005	0.0005	0.0005	0.0005	0.0005	0.0005	0.0005	0.0005	0.0004	0.0004
0.7468	0.0026	0.0026	0.0026	0.0026	0.0026	0.0071	0.0071	0.0071	0.0071	0.0071	0.0008	0.0008	0.0008	0.0008	0.0008	0.0008	0.0008	0.0008	0.0008	0.0008	0.0009	0.0009	0.0009	0.0009	0.0009	0.0009	0.0009	0.0009	0.0009	0.0009	0.0006	0.0006	0.0006	0.0006	0.0006	0.0006	0.0006	0.0006	0.0006	0.0006	0.0006	0.0006	0.0006	0.0006	0.0006	0.0006	0.0006	0.0006	0.0006	0.0006	0.0005	0.0005	0.0005	0.0005	0.0005	0.0005	0.0005	0.0005	0.0005	0.0005	0.0004	0.0004
0.5792	0.0024	0.0024	0.0024	0.0024	0.0024	0.0091	0.0091	0.0091	0.0091	0.0091	0.0011	0.0011	0.0011	0.0011	0.0011	0.0011	0.0011	0.0011	0.0011	0.0011	0.0013	0.0013	0.0013	0.0013	0.0013	0.0013	0.0013	0.0013	0.0013	0.0013	0.0008	0.0008	0.0008	0.0008	0.0008	0.0008	0.0008	0.0008	0.0008	0.0008	0.0008	0.0008	0.0008	0.0008	0.0008	0.0008	0.0008	0.0008	0.0008	0.0008	0.0007	0.0007	0.0007	0.0007	0.0007	0.0007	0.0007	0.0007	0.0007	0.0007	0.0006	0.0006
0.5963	0.0023	0.0023	0.0023	0.0023	0.0023	0.0089	0.0089	0.0089	0.0089	0.0089	0.0011	0.0011	0.0011	0.0011	0.0011	0.0011	0.0011	0.0011	0.0011	0.0011	0.0012	0.0012	0.0012	0.0012	0.0012	0.0012	0.0012	0.0012	0.0012	0.0012	0.0008	0.0008	0.0008	0.0008	0.0008	0.0008	0.0008	0.0008	0.0008	0.0008	0.0008	0.0008	0.0008	0.0008	0.0008	0.0008	0.0008	0.0008	0.0008	0.0008	0.0007	0.0007	0.0007	0.0007	0.0007	0.0007	0.0007	0.0007	0.0007	0.0007	0.0006	0.0006
0.6567	0.0022	0.0022	0.0022	0.0022	0.0022	0.0081	0.0081	0.0081	0.0081	0.0081	0.001	0.001	0.001	0.001	0.001	0.001	0.001	0.001	0.001	0.001	0.0011	0.0011	0.0011	0.0011	0.0011	0.0011	0.0011	0.0011	0.0011	0.0011	0.0007	0.0007	0.0007	0.0007	0.0007	0.0007	0.0007	0.0007	0.0007	0.0007	0.0007	0.0007	0.0007	0.0007	0.0007	0.0007	0.0007	0.0007	0.0007	0.0007	0.0006	0.0006	0.0006	0.0006	0.0006	0.0006	0.0006	0.0006	0.0006	0.0006	0.0005	0.0005
0.6567	0.0022	0.0022	0.0022	0.0022	0.0022	0.0081	0.0081	0.0081	0.0081	0.0081	0.001	0.001	0.001	0.001	0.001	0.001	0.001	0.001	0.001	0.001	0.0011	0.0011	0.0011	0.0011	0.0011	0.0011	0.0011	0.0011	0.0011	0.0011	0.0007	0.0007	0.0007	0.0007	0.0007	0.0007	0.0007	0.0007	0.0007	0.0007	0.0007	0.0007	0.0007	0.0007	0.0007	0.0007	0.0007	0.0007	0.0007	0.0007	0.0006	0.0006	0.0006	0.0006	0.0006	0.0006	0.0006	0.0006	0.0006	0.0006	0.0005	0.0005
0.0159	0.0159	0.0159	0.0159	0.0159	0.0159	0.0159	0.0159	0.0159	0.0159	0.0159	0.0159	0.0159	0.0159	0.0159	0.0159	0.0159	0.0159	0.0159	0.0159	0.0159	0.0159	0.0159	0.0159	0.0159	0.0159	0.0159	0.0159	0.0159	0.0159	0.0159	0.0159	0.0159	0.0159	0.0159	0.0159	0.0159	0.0159	0.0159	0.0159	0.0159	0.0159	0.0159	0.0159	0.0159	0.0159	0.0159	0.0159	0.0159	0.0159	0.0159	0.0159	0.0159	0.0159	0.0159	0.0159	0.0159	0.0159	0.0159	0.0159	0.0159	0.0159	0.0159
0.0738	0.064	0.0461	0.0628	0.0463	0.0464	0.0052	0.0046	0.0051	0.0046	0.0047	0.0039	0.0044	0.0039	0.0039	0.0038	0.0034	0.0034	0.0038	0.0038	0.0034	0.0017	0.0017	0.0017	0.0017	0.0017	0.0016	0.0016	0.0017	0.0017	0.0016	0.0015	0.0014	0.0014	0.0015	0.0015	0.0014	0.0014	0.0014	0.0013	0.0014	0.0013	0.0013	0.0013	0.0013	0.0013	0.0013	0.0013	0.0013	0.0012	0.0013	0.0012	0.0012	0.0011	0.0012	0.0011	0.0012	0.0012	0.0012	0.0012	0.0012	0.0011	0.0013
0.0024	0.0228	0.0108	0.0088	0.0039	0.0029	0.0022	0.0014	0.0012	0.0009	0.0008	0.0028	0.0026	0.0023	0.0022	0.0018	0.0014	0.0013	0.0013	0.0012	0.0008	0.0008	0.0008	0.0007	0.0007	0.0006	0.0006	0.0006	0.0006	0.0005	0.0005	0.0009	0.0008	0.0008	0.0008	0.0008	0.0007	0.0006	0.0006	0.0006	0.0005	0.0006	0.0005	0.0005	0.0005	0.0005	0.0005	0.0005	0.0005	0.0005	0.0004	0.0005	0.0005	0.0005	0.0005	0.0005	0.0005	0.0005	0.0005	0.0005	0.0005	0.0005	0.0007
0.024	0.0384	0.2389	0.0291	0.0255	0.1266	0.0035	0.0083	0.003	0.0028	0.0054	0.012	0.0037	0.0035	0.0091	0.0094	0.0084	0.0121	0.003	0.0065	0.0056	0.0026	0.0018	0.0017	0.0023	0.0023	0.0022	0.0026	0.0016	0.002	0.0019	0.0027	0.0026	0.0032	0.0018	0.0024	0.0023	0.0023	0.0027	0.0026	0.002	0.0017	0.0017	0.0018	0.0015	0.0016	0.0016	0.0016	0.0017	0.0016	0.0015	0.0017	0.0019	0.0018	0.0016	0.0017	0.0015	0.0016	0.0015	0.0015	0.0015	0.0016	0.0017
0.0063	0.0099	0.0103	0.0102	0.0096	0.0118	0.0015	0.0015	0.0015	0.0015	0.0016	0.0018	0.0017	0.0017	0.0018	0.0018	0.0017	0.0019	0.0017	0.0018	0.0018	0.0007	0.0007	0.0006	0.0007	0.0007	0.0007	0.0007	0.0006	0.0007	0.0007	0.0007	0.0007	0.0007	0.0007	0.0007	0.0007	0.0007	0.0007	0.0007	0.0007	0.0005	0.0005	0.0005	0.0005	0.0005	0.0005	0.0005	0.0005	0.0005	0.0005	0.0005	0.0005	0.0005	0.0005	0.0005	0.0005	0.0005	0.0005	0.0005	0.0005	0.0005	0.0006
0.0502	0.1142	0.1372	0.0921	0.0555	0.0541	0.0043	0.005	0.0037	0.0031	0.003	0.0064	0.005	0.0044	0.0044	0.0058	0.0052	0.0052	0.0038	0.0038	0.0031	0.0014	0.0013	0.0013	0.0013	0.0014	0.0013	0.0013	0.0012	0.0012	0.0012	0.0015	0.0015	0.0015	0.0013	0.0013	0.0013	0.0014	0.0014	0.0014	0.0012	0.001	0.001	0.001	0.001	0.001	0.0009	0.001	0.001	0.001	0.0009	0.001	0.001	0.001	0.001	0.001	0.0009	0.0009	0.0009	0.0009	0.0009	0.0009	0.0009
0.0026	0.3736	0.0061	0.0054	0.005	0.005	0.0114	0.0017	0.0016	0.0016	0.0016	0.0126	0.0118	0.0115	0.0115	0.0017	0.0017	0.0017	0.0017	0.0017	0.0016	0.002	0.002	0.002	0.002	0.0011	0.0011	0.0011	0.0011	0.0011	0.0011	0.0021	0.0021	0.0021	0.002	0.002	0.002	0.0011	0.0011	0.0011	0.0011	0.0012	0.0012	0.0012	0.0012	0.0012	0.0012	0.0009	0.0009	0.0009	0.0009	0.0012	0.0012	0.0012	0.0012	0.0009	0.001	0.001	0.001	0.001	0.0009	0.0011	0.001
0.0161	0.3598	0.021	0.0183	0.2208	0.018	0.0063	0.0017	0.0016	0.0045	0.0016	0.0072	0.0066	0.0097	0.0064	0.0017	0.0054	0.0017	0.0048	0.0016	0.0045	0.0013	0.0013	0.0015	0.0013	0.001	0.0012	0.001	0.0012	0.0009	0.0012	0.0013	0.0016	0.0013	0.0015	0.0013	0.0015	0.0012	0.001	0.0012	0.0012	0.0009	0.001	0.0009	0.001	0.0009	0.0009	0.0008	0.0008	0.0008	0.0008	0.001	0.0009	0.001	0.001	0.0008	0.0008	0.0007	0.0008	0.0008	0.0007	0.0008	0.0007
0.0298	0.5144	0.0331	0.0329	0.1415	0.0342	0.0118	0.0028	0.0028	0.0038	0.0029	0.0137	0.0136	0.0144	0.0143	0.003	0.0041	0.003	0.0041	0.003	0.0042	0.0027	0.0027	0.0027	0.0027	0.0016	0.0017	0.0016	0.0017	0.0016	0.0017	0.0028	0.0029	0.0029	0.0029	0.0029	0.0029	0.0017	0.0016	0.0018	0.0018	0.0016	0.0016	0.0016	0.0016	0.0016	0.0016	0.0013	0.0013	0.0013	0.0013	0.0016	0.0016	0.0016	0.0016	0.0014	0.0013	0.0013	0.0013	0.0013	0.0013	0.0013	0.0014
0.0296	0.1543	0.0753	0.0771	0.0366	0.0328	0.0056	0.0036	0.0036	0.0027	0.0026	0.0067	0.0068	0.0058	0.0057	0.0047	0.0037	0.0036	0.0038	0.0037	0.0027	0.0014	0.0014	0.0014	0.0013	0.0013	0.0012	0.0012	0.0012	0.0012	0.0011	0.0015	0.0014	0.0014	0.0014	0.0014	0.0014	0.0013	0.0013	0.0012	0.0012	0.001	0.001	0.001	0.001	0.001	0.001	0.0009	0.0009	0.0009	0.0009	0.001	0.001	0.001	0.001	0.0009	0.0009	0.0009	0.0009	0.0009	0.0008	0.0009	0.0009
0.0037	0.0069	0.4232	0.0069	0.006	0.0059	0.0019	0.0118	0.0018	0.0018	0.0017	0.0146	0.002	0.0019	0.0019	0.0128	0.0119	0.0119	0.0018	0.0018	0.0018	0.0022	0.0012	0.0012	0.0012	0.0021	0.002	0.002	0.0012	0.0012	0.0012	0.0023	0.0022	0.0022	0.0012	0.0012	0.0012	0.0021	0.0021	0.0021	0.0012	0.0013	0.0013	0.0013	0.001	0.001	0.001	0.0013	0.0013	0.0013	0.001	0.0013	0.0013	0.0013	0.001	0.0013	0.0011	0.0011	0.0011	0.0009	0.0011	0.0011	0.001
0.0106	0.4094	0.1982	0.0126	0.014	0.013	0.0065	0.0045	0.0016	0.0016	0.0016	0.016	0.0068	0.0069	0.0069	0.0046	0.0053	0.0046	0.0017	0.0016	0.0017	0.002	0.0013	0.0013	0.0013	0.0013	0.0013	0.0013	0.001	0.001	0.001	0.002	0.0021	0.0021	0.0014	0.0014	0.0014	0.0013	0.0013	0.0014	0.001	0.0011	0.0011	0.0011	0.0009	0.0009	0.0009	0.0009	0.0009	0.0009	0.0008	0.0011	0.0011	0.0011	0.0009	0.0009	0.0008	0.0008	0.0008	0.0008	0.0008	0.0008	0.0008
0.0154	0.0282	0.1665	0.0849	0.0219	0.018	0.0025	0.0064	0.004	0.0022	0.0021	0.0075	0.0049	0.0026	0.0025	0.0086	0.0066	0.0064	0.0042	0.0041	0.0023	0.0016	0.0013	0.0011	0.0011	0.0017	0.0015	0.0015	0.0013	0.0013	0.0011	0.0018	0.0016	0.0016	0.0014	0.0013	0.0012	0.0017	0.0017	0.0015	0.0013	0.0011	0.001	0.001	0.001	0.001	0.0009	0.0011	0.0011	0.001	0.001	0.0011	0.0011	0.001	0.001	0.0011	0.001	0.001	0.0009	0.0009	0.001	0.001	0.001
0.0021	0.751	0.0065	0.0034	0.0035	0.0035	0.0072	0.001	0.0008	0.0008	0.0008	0.01	0.0072	0.0073	0.0073	0.001	0.001	0.001	0.0008	0.0008	0.0008	0.001	0.0009	0.0009	0.0009	0.0006	0.0006	0.0006	0.0006	0.0006	0.0006	0.001	0.001	0.001	0.0009	0.0009	0.0009	0.0006	0.0006	0.0006	0.0006	0.0006	0.0006	0.0006	0.0006	0.0006	0.0006	0.0005	0.0005	0.0005	0.0005	0.0006	0.0006	0.0006	0.0006	0.0005	0.0005	0.0005	0.0005	0.0005	0.0004	0.0005	0.0004
0.0119	0.1382	0.4506	0.0123	0.0124	0.0124	0.0063	0.0117	0.0036	0.0036	0.0036	0.1152	0.0063	0.0064	0.0063	0.0118	0.0119	0.0119	0.0036	0.0036	0.0036	0.0063	0.0027	0.0027	0.0027	0.0036	0.0036	0.0036	0.0021	0.0021	0.0021	0.0063	0.0064	0.0064	0.0027	0.0027	0.0027	0.0036	0.0036	0.0036	0.0021	0.0027	0.0027	0.0027	0.0017	0.0017	0.0017	0.0021	0.0021	0.0021	0.0014	0.0027	0.0027	0.0027	0.0017	0.0021	0.0017	0.0017	0.0017	0.0012	0.0014	0.0017	0.0013
0.0096	0.0175	0.033	0.18	0.011	0.0111	0.0044	0.0056	0.0124	0.0035	0.0035	0.009	0.0187	0.0044	0.0044	0.031	0.0056	0.0056	0.0124	0.0124	0.0035	0.0034	0.0046	0.0023	0.0023	0.006	0.0027	0.0027	0.0037	0.0037	0.002	0.0093	0.0034	0.0034	0.0047	0.0047	0.0023	0.006	0.006	0.0027	0.0037	0.0037	0.0021	0.0021	0.0025	0.0025	0.0016	0.003	0.003	0.0018	0.0022	0.0037	0.0037	0.0021	0.0025	0.003	0.0024	0.0024	0.0016	0.0018	0.0021	0.0024	0.0019
0.0268	0.1873	0.055	0.4827	0.0321	0.0277	0.002	0.0016	0.0058	0.0012	0.0012	0.0029	0.0086	0.002	0.002	0.0111	0.0016	0.0016	0.0059	0.0058	0.0012	0.0008	0.0012	0.0007	0.0007	0.0013	0.0007	0.0007	0.001	0.001	0.0006	0.0019	0.0008	0.0008	0.0012	0.0012	0.0007	0.0013	0.0013	0.0007	0.001	0.0008	0.0005	0.0005	0.0006	0.0006	0.0005	0.0006	0.0006	0.0005	0.0006	0.0008	0.0008	0.0005	0.0006	0.0006	0.0005	0.0005	0.0004	0.0004	0.0004	0.0005	0.0004
0.0018	0.0027	0.0034	0.8907	0.0023	0.0023	0.0004	0.0005	0.004	0.0004	0.0004	0.0006	0.0048	0.0004	0.0004	0.0056	0.0005	0.0005	0.004	0.004	0.0004	0.0003	0.0005	0.0003	0.0003	0.0005	0.0003	0.0003	0.0004	0.0004	0.0003	0.0006	0.0003	0.0003	0.0005	0.0005	0.0003	0.0005	0.0005	0.0003	0.0004	0.0003	0.0002	0.0002	0.0003	0.0003	0.0002	0.0003	0.0003	0.0002	0.0003	0.0003	0.0003	0.0002	0.0003	0.0003	0.0002	0.0002	0.0002	0.0002	0.0002	0.0002	0.0002
0.033	0.0422	0.0561	0.456	0.205	0.0338	0.0013	0.0015	0.0052	0.0019	0.0011	0.0019	0.0067	0.0021	0.0013	0.0097	0.0023	0.0015	0.0063	0.0052	0.0019	0.0007	0.001	0.0006	0.0006	0.0012	0.0007	0.0006	0.001	0.0009	0.0006	0.0016	0.0008	0.0007	0.0011	0.001	0.0006	0.0013	0.0012	0.0007	0.001	0.0007	0.0005	0.0005	0.0006	0.0005	0.0004	0.0006	0.0006	0.0004	0.0005	0.0007	0.0007	0.0005	0.0006	0.0006	0.0005	0.0004	0.0004	0.0004	0.0004	0.0005	0.0004
0.0032	0.0039	0.0052	0.8919	0.028	0.0035	0.0003	0.0004	0.0029	0.0004	0.0003	0.0004	0.0034	0.0004	0.0003	0.0044	0.0004	0.0004	0.0034	0.0029	0.0004	0.0002	0.0003	0.0002	0.0002	0.0004	0.0002	0.0002	0.0003	0.0003	0.0002	0.0004	0.0002	0.0002	0.0003	0.0003	0.0002	0.0004	0.0004	0.0002	0.0003	0.0002	0.0001	0.0001	0.0002	0.0002	0.0001	0.0002	0.0002	0.0001	0.0002	0.0002	0.0002	0.0001	0.0002	0.0002	0.0001	0.0001	0.0001	0.0001	0.0001	0.0001	0.0001
0.0005	0.0006	0.0008	0.9709	0.0008	0.0007	0.0001	0.0001	0.0012	0.0001	0.0001	0.0001	0.0012	0.0001	0.0001	0.0014	0.0001	0.0001	0.0012	0.0012	0.0001	0.0001	0.0001	0.0001	0.0001	0.0001	0.0001	0.0001	0.0001	0.0001	0.0001	0.0001	0.0001	0.0001	0.0001	0.0001	0.0001	0.0001	0.0001	0.0001	0.0001	0.0001	0.0001	0.0001	0.0001	0.0001	0.0001	0.0001	0.0001	0.0001	0.0001	0.0001	0.0001	0.0001	0.0001	0.0001	0.0001	0.0001	0.0	0.0001	0.0001	0.0001	0.0
0.0177	0.2338	0.0286	0.6126	0.0201	0.0182	0.0007	0.0004	0.002	0.0003	0.0003	0.0008	0.0028	0.0008	0.0007	0.0026	0.0004	0.0004	0.0022	0.002	0.0003	0.0002	0.0003	0.0002	0.0002	0.0003	0.0002	0.0002	0.0003	0.0003	0.0002	0.0004	0.0002	0.0002	0.0003	0.0003	0.0002	0.0003	0.0003	0.0002	0.0003	0.0002	0.0002	0.0002	0.0002	0.0002	0.0002	0.0002	0.0002	0.0001	0.0002	0.0002	0.0002	0.0002	0.0002	0.0002	0.0001	0.0001	0.0001	0.0001	0.0001	0.0001	0.0001
0.0005	0.0008	0.0007	0.9919	0.0006	0.0005	0.0	0.0	0.0006	0.0	0.0	0.0	0.0008	0.0	0.0	0.0007	0.0	0.0	0.0006	0.0006	0.0	0.0	0.0	0.0	0.0	0.0	0.0	0.0	0.0	0.0	0.0	0.0	0.0	0.0	0.0	0.0	0.0	0.0	0.0	0.0	0.0	0.0	0.0	0.0	0.0	0.0	0.0	0.0	0.0	0.0	0.0	0.0	0.0	0.0	0.0	0.0	0.0	0.0	0.0	0.0	0.0	0.0	0.0
0.0367	0.0473	0.0463	0.0442	0.0428	0.0437	0.0034	0.0034	0.0032	0.0031	0.0032	0.0038	0.0037	0.0036	0.0036	0.0036	0.0035	0.0036	0.0034	0.0034	0.0033	0.0011	0.0011	0.0011	0.0011	0.0011	0.001	0.001	0.001	0.001	0.001	0.0011	0.0011	0.0011	0.0011	0.0011	0.0011	0.0011	0.0011	0.0011	0.001	0.0008	0.0008	0.0008	0.0008	0.0008	0.0008	0.0008	0.0008	0.0008	0.0008	0.0008	0.0008	0.0008	0.0008	0.0008	0.0008	0.0008	0.0008	0.0008	0.0008	0.0008	0.0009
0.71	0.014	0.0137	0.0132	0.0129	0.013	0.0132	0.013	0.0126	0.0123	0.0124	0.0021	0.0021	0.002	0.002	0.002	0.002	0.002	0.002	0.002	0.0019	0.0021	0.0021	0.002	0.002	0.002	0.002	0.002	0.002	0.002	0.0019	0.0012	0.0012	0.0012	0.0012	0.0012	0.0011	0.0011	0.0011	0.0011	0.0011	0.0012	0.0012	0.0012	0.0012	0.0012	0.0012	0.0012	0.0012	0.0011	0.0011	0.0009	0.0009	0.0009	0.0009	0.0009	0.0009	0.0009	0.0009	0.0009	0.0009	0.0008	0.0009
0.5394	0.005	0.0037	0.0036	0.0036	0.0036	0.0101	0.01	0.0099	0.0099	0.0099	0.0011	0.0011	0.0011	0.0011	0.0011	0.001	0.001	0.001	0.001	0.001	0.0013	0.0013	0.0013	0.0013	0.0013	0.0012	0.0012	0.0012	0.0012	0.0012	0.0007	0.0007	0.0007	0.0007	0.0007	0.0007	0.0007	0.0007	0.0007	0.0007	0.0008	0.0008	0.0008	0.0008	0.0008	0.0008	0.0008	0.0008	0.0008	0.0008	0.0006	0.0006	0.0006	0.0006	0.0006	0.0006	0.0006	0.0006	0.0006	0.0006	0.0005	0.0006
0.0228	0.0027	0.0026	0.0367	0.0032	0.0033	0.0026	0.0026	0.0156	0.0026	0.0026	0.0012	0.0038	0.0012	0.0012	0.0038	0.0012	0.0012	0.0038	0.0038	0.0012	0.0011	0.0028	0.0011	0.0011	0.0028	0.0011	0.0011	0.0028	0.0028	0.0011	0.0014	0.0009	0.0009	0.0014	0.0014	0.0009	0.0014	0.0014	0.0008	0.0014	0.0014	0.0009	0.0009	0.0014	0.0014	0.0009	0.0014	0.0014	0.0009	0.0014	0.001	0.001	0.0008	0.001	0.001	0.0012	0.0012	0.0009	0.0012	0.0012	0.001	0.0013
0.0153	0.0824	0.0081	0.0231	0.0084	0.0085	0.0151	0.0039	0.0083	0.0039	0.0039	0.0087	0.0206	0.0087	0.0087	0.0047	0.003	0.003	0.0047	0.0047	0.003	0.0041	0.0085	0.0041	0.0041	0.0034	0.0024	0.0024	0.0034	0.0034	0.0024	0.005	0.0032	0.0032	0.005	0.005	0.0032	0.0026	0.0026	0.0021	0.0026	0.0039	0.0027	0.0027	0.0039	0.0039	0.0027	0.0026	0.0026	0.0021	0.0026	0.003	0.003	0.0023	0.003	0.0023	0.0032	0.0032	0.0025	0.0032	0.0028	0.0027	0.0036
0.0512	0.0919	0.0056	0.0056	0.0057	0.0057	0.0307	0.0044	0.0043	0.0043	0.0043	0.0067	0.0067	0.0067	0.0067	0.002	0.002	0.002	0.002	0.002	0.002	0.0043	0.0043	0.0043	0.0043	0.0017	0.0017	0.0017	0.0017	0.0017	0.0017	0.0022	0.0022	0.0022	0.0022	0.0022	0.0022	0.0013	0.0013	0.0013	0.0013	0.002	0.002	0.002	0.002	0.002	0.002	0.0013	0.0013	0.0013	0.0013	0.0015	0.0015	0.0015	0.0015	0.0011	0.0016	0.0016	0.0016	0.0016	0.0012	0.0014	0.0016
0.0147	0.0226	0.0071	0.0924	0.008	0.008	0.0071	0.0034	0.014	0.0035	0.0035	0.0042	0.0196	0.0042	0.0042	0.0084	0.0027	0.0027	0.0084	0.0084	0.0027	0.0029	0.0073	0.0029	0.0029	0.0037	0.002	0.002	0.0037	0.0037	0.002	0.0045	0.0023	0.0023	0.0045	0.0045	0.0023	0.0029	0.0029	0.0018	0.0029	0.0033	0.0021	0.0021	0.0033	0.0033	0.0021	0.0023	0.0023	0.0017	0.0023	0.0026	0.0026	0.0019	0.0026	0.002	0.0026	0.0026	0.0021	0.0026	0.0021	0.0022	0.0027
0.0175	0.0245	0.0106	0.6644	0.0112	0.0112	0.0047	0.0026	0.0188	0.0026	0.0026	0.0031	0.0255	0.0031	0.0031	0.0122	0.0021	0.0021	0.0123	0.0123	0.0021	0.0017	0.0048	0.0017	0.0017	0.0026	0.0013	0.0013	0.0026	0.0026	0.0013	0.0031	0.0014	0.0014	0.0031	0.0031	0.0014	0.0021	0.0021	0.0011	0.0021	0.0017	0.0011	0.0011	0.0017	0.0017	0.0011	0.0013	0.0013	0.0009	0.0013	0.0014	0.0014	0.001	0.0014	0.0012	0.0011	0.0011	0.001	0.0011	0.001	0.001	0.001
0.0365	0.0658	0.015	0.0713	0.0153	0.0154	0.0082	0.0032	0.009	0.0032	0.0032	0.0043	0.0067	0.0043	0.0043	0.0046	0.0022	0.0022	0.0045	0.0045	0.0022	0.0018	0.0024	0.0018	0.0018	0.0019	0.0013	0.0013	0.0019	0.0019	0.0012	0.0017	0.0014	0.0014	0.0017	0.0017	0.0014	0.0014	0.0014	0.0011	0.0014	0.0013	0.0011	0.0011	0.0013	0.0013	0.0011	0.0011	0.0011	0.001	0.0011	0.0011	0.0011	0.001	0.0011	0.001	0.0011	0.0011	0.001	0.0011	0.001	0.001	0.0011
0.1155	0.0064	0.0036	0.007	0.0038	0.0038	0.0095	0.0073	0.0099	0.0073	0.0073	0.0016	0.0019	0.0016	0.0016	0.0016	0.0013	0.0013	0.0016	0.0016	0.0013	0.002	0.0024	0.002	0.002	0.0021	0.0017	0.0017	0.0021	0.0021	0.0017	0.001	0.001	0.001	0.001	0.001	0.001	0.001	0.001	0.0009	0.001	0.0012	0.0011	0.0011	0.0012	0.0012	0.0011	0.0012	0.0012	0.0011	0.0012	0.0009	0.0009	0.0008	0.0009	0.0008	0.0011	0.0011	0.001	0.0011	0.001	0.0009	0.0012
0.2829	0.1457	0.0123	0.022	0.0123	0.0124	0.0174	0.0088	0.0148	0.0087	0.0088	0.0051	0.0061	0.0051	0.0051	0.0026	0.0021	0.0021	0.0026	0.0026	0.0021	0.0026	0.0031	0.0026	0.0026	0.0024	0.0019	0.0019	0.0024	0.0024	0.0019	0.0017	0.0015	0.0015	0.0017	0.0017	0.0015	0.0013	0.0013	0.0012	0.0013	0.0015	0.0014	0.0014	0.0015	0.0015	0.0014	0.0013	0.0013	0.0012	0.0013	0.0012	0.0012	0.0011	0.0012	0.0011	0.0012	0.0012	0.0011	0.0012	0.0011	0.001	0.0011
0.2744	0.0055	0.004	0.0051	0.004	0.0041	0.0117	0.0104	0.0113	0.0104	0.0104	0.0015	0.0016	0.0015	0.0015	0.0015	0.0014	0.0014	0.0015	0.0015	0.0014	0.002	0.0021	0.002	0.002	0.0019	0.0018	0.0018	0.0019	0.0019	0.0018	0.001	0.001	0.001	0.001	0.001	0.001	0.001	0.001	0.001	0.001	0.0012	0.0011	0.0011	0.0012	0.0012	0.0011	0.0011	0.0011	0.0011	0.0011	0.0009	0.0009	0.0009	0.0009	0.0009	0.001	0.001	0.001	0.001	0.001	0.0008	0.001
0.5492	0.0061	0.0057	0.006	0.0057	0.0057	0.0119	0.0115	0.0117	0.0115	0.0115	0.0014	0.0014	0.0014	0.0014	0.0014	0.0014	0.0014	0.0014	0.0014	0.0014	0.0016	0.0016	0.0016	0.0016	0.0016	0.0016	0.0016	0.0016	0.0016	0.0016	0.0009	0.0009	0.0009	0.0009	0.0009	0.0009	0.0009	0.0009	0.0009	0.0009	0.001	0.001	0.001	0.001	0.001	0.001	0.001	0.001	0.001	0.001	0.0007	0.0007	0.0007	0.0007	0.0007	0.0008	0.0008	0.0008	0.0008	0.0008	0.0007	0.0007
0.3748	0.0066	0.0045	0.006	0.0046	0.0046	0.0129	0.0112	0.0124	0.0112	0.0112	0.0016	0.0017	0.0016	0.0016	0.0016	0.0015	0.0015	0.0016	0.0016	0.0015	0.002	0.0021	0.002	0.002	0.0019	0.0018	0.0018	0.0019	0.0019	0.0018	0.0011	0.001	0.001	0.0011	0.0011	0.001	0.001	0.001	0.001	0.001	0.0011	0.0011	0.0011	0.0011	0.0011	0.0011	0.0011	0.0011	0.0011	0.0011	0.0009	0.0009	0.0009	0.0009	0.0009	0.001	0.001	0.0009	0.001	0.0009	0.0008	0.0009
0.6179	0.0055	0.005	0.0054	0.0051	0.0051	0.0108	0.0104	0.0107	0.0103	0.0103	0.0012	0.0012	0.0012	0.0012	0.0012	0.0012	0.0012	0.0012	0.0012	0.0012	0.0014	0.0014	0.0014	0.0014	0.0014	0.0014	0.0014	0.0014	0.0014	0.0014	0.0008	0.0008	0.0008	0.0008	0.0008	0.0008	0.0008	0.0008	0.0008	0.0008	0.0008	0.0008	0.0008	0.0008	0.0008	0.0008	0.0008	0.0008	0.0008	0.0008	0.0006	0.0006	0.0006	0.0006	0.0006	0.0007	0.0007	0.0007	0.0007	0.0007	0.0006	0.0006
0.6568	0.0037	0.0036	0.0037	0.0036	0.0036	0.0091	0.0091	0.0091	0.0091	0.0091	0.001	0.001	0.001	0.001	0.001	0.001	0.001	0.001	0.001	0.001	0.0012	0.0012	0.0012	0.0012	0.0012	0.0012	0.0012	0.0012	0.0012	0.0012	0.0007	0.0007	0.0007	0.0007	0.0007	0.0007	0.0007	0.0007	0.0007	0.0007	0.0007	0.0007	0.0007	0.0007	0.0007	0.0007	0.0007	0.0007	0.0007	0.0007	0.0006	0.0006	0.0006	0.0006	0.0006	0.0006	0.0006	0.0006	0.0006	0.0006	0.0005	0.0005
0.9428	0.0024	0.0024	0.0024	0.0024	0.0024	0.003	0.003	0.003	0.003	0.003	0.0002	0.0002	0.0002	0.0002	0.0002	0.0002	0.0002	0.0002	0.0002	0.0002	0.0002	0.0002	0.0002	0.0002	0.0002	0.0002	0.0002	0.0002	0.0002	0.0002	0.0001	0.0001	0.0001	0.0001	0.0001	0.0001	0.0001	0.0001	0.0001	0.0001	0.0001	0.0001	0.0001	0.0001	0.0001	0.0001	0.0001	0.0001	0.0001	0.0001	0.0001	0.0001	0.0001	0.0001	0.0001	0.0001	0.0001	0.0001	0.0001	0.0001	0.0001	0.0001
0.8559	0.0013	0.0013	0.0013	0.0013	0.0013	0.0042	0.0042	0.0042	0.0042	0.0042	0.0005	0.0005	0.0005	0.0005	0.0005	0.0005	0.0005	0.0005	0.0005	0.0005	0.0005	0.0005	0.0005	0.0005	0.0005	0.0005	0.0005	0.0005	0.0005	0.0005	0.0003	0.0003	0.0003	0.0003	0.0003	0.0003	0.0003	0.0003	0.0003	0.0003	0.0003	0.0003	0.0003	0.0003	0.0003	0.0003	0.0003	0.0003	0.0003	0.0003	0.0003	0.0003	0.0003	0.0003	0.0003	0.0003	0.0003	0.0003	0.0003	0.0003	0.0002	0.0002
0.9117	0.0031	0.0029	0.003	0.0029	0.003	0.0042	0.0041	0.0042	0.0041	0.0041	0.0004	0.0004	0.0004	0.0004	0.0004	0.0004	0.0004	0.0004	0.0004	0.0004	0.0004	0.0004	0.0004	0.0004	0.0004	0.0004	0.0004	0.0004	0.0004	0.0004	0.0002	0.0002	0.0002	0.0002	0.0002	0.0002	0.0002	0.0002	0.0002	0.0002	0.0002	0.0002	0.0002	0.0002	0.0002	0.0002	0.0002	0.0002	0.0002	0.0002	0.0002	0.0002	0.0002	0.0002	0.0002	0.0002	0.0002	0.0002	0.0002	0.0002	0.0001	0.0001
0.981	0.0008	0.0008	0.0008	0.0008	0.0008	0.0011	0.001	0.001	0.001	0.001	0.0001	0.0001	0.0001	0.0001	0.0001	0.0001	0.0001	0.0001	0.0001	0.0001	0.0001	0.0001	0.0001	0.0001	0.0001	0.0001	0.0001	0.0001	0.0001	0.0001	0.0	0.0	0.0	0.0	0.0	0.0	0.0	0.0	0.0	0.0	0.0	0.0	0.0	0.0	0.0	0.0	0.0	0.0	0.0	0.0	0.0	0.0	0.0	0.0	0.0	0.0	0.0	0.0	0.0	0.0	0.0	0.0
0.7369	0.0017	0.0017	0.0017	0.0017	0.0017	0.0066	0.0066	0.0066	0.0066	0.0066	0.0008	0.0008	0.0008	0.0008	0.0008	0.0008	0.0008	0.0008	0.0008	0.0008	0.0008	0.0008	0.0008	0.0008	0.0008	0.0008	0.0008	0.0008	0.0008	0.0008	0.0006	0.0006	0.0006	0.0006	0.0006	0.0006	0.0006	0.0006	0.0006	0.0006	0.0006	0.0006	0.0006	0.0006	0.0006	0.0006	0.0006	0.0006	0.0006	0.0006	0.0005	0.0005	0.0005	0.0005	0.0005	0.0005	0.0005	0.0005	0.0005	0.0005	0.0004	0.0004
0.8669	0.002	0.002	0.002	0.002	0.002	0.0044	0.0044	0.0044	0.0044	0.0044	0.0005	0.0005	0.0005	0.0005	0.0005	0.0005	0.0005	0.0005	0.0005	0.0005	0.0005	0.0005	0.0005	0.0005	0.0005	0.0005	0.0005	0.0005	0.0005	0.0005	0.0003	0.0003	0.0003	0.0003	0.0003	0.0003	0.0003	0.0003	0.0003	0.0003	0.0003	0.0003	0.0003	0.0003	0.0003	0.0003	0.0003	0.0003	0.0003	0.0003	0.0003	0.0003	0.0003	0.0003	0.0003	0.0003	0.0003	0.0003	0.0003	0.0003	0.0002	0.0002
0.9216	0.0012	0.0012	0.0012	0.0012	0.0012	0.0027	0.0027	0.0027	0.0027	0.0027	0.0003	0.0003	0.0003	0.0003	0.0003	0.0003	0.0003	0.0003	0.0003	0.0003	0.0003	0.0003	0.0003	0.0003	0.0003	0.0003	0.0003	0.0003	0.0003	0.0003	0.0002	0.0002	0.0002	0.0002	0.0002	0.0002	0.0002	0.0002	0.0002	0.0002	0.0002	0.0002	0.0002	0.0002	0.0002	0.0002	0.0002	0.0002	0.0002	0.0002	0.0001	0.0001	0.0001	0.0001	0.0001	0.0001	0.0001	0.0001	0.0001	0.0001	0.0001	0.0001
0.914	0.001	0.001	0.001	0.001	0.001	0.0027	0.0027	0.0027	0.0027	0.0027	0.0003	0.0003	0.0003	0.0003	0.0003	0.0003	0.0003	0.0003	0.0003	0.0003	0.0003	0.0003	0.0003	0.0003	0.0003	0.0003	0.0003	0.0003	0.0003	0.0003	0.0002	0.0002	0.0002	0.0002	0.0002	0.0002	0.0002	0.0002	0.0002	0.0002	0.0002	0.0002	0.0002	0.0002	0.0002	0.0002	0.0002	0.0002	0.0002	0.0002	0.0002	0.0002	0.0002	0.0002	0.0002	0.0002	0.0002	0.0002	0.0002	0.0002	0.0001	0.0001
0.9706	0.0004	0.0004	0.0004	0.0004	0.0004	0.001	0.001	0.001	0.001	0.001	0.0001	0.0001	0.0001	0.0001	0.0001	0.0001	0.0001	0.0001	0.0001	0.0001	0.0001	0.0001	0.0001	0.0001	0.0001	0.0001	0.0001	0.0001	0.0001	0.0001	0.0001	0.0001	0.0001	0.0001	0.0001	0.0001	0.0001	0.0001	0.0001	0.0001	0.0001	0.0001	0.0001	0.0001	0.0001	0.0001	0.0001	0.0001	0.0001	0.0001	0.0001	0.0001	0.0001	0.0001	0.0001	0.0001	0.0001	0.0001	0.0001	0.0001	0.0	0.0
0.7921	0.0014	0.0014	0.0014	0.0014	0.0014	0.0054	0.0054	0.0054	0.0054	0.0054	0.0006	0.0006	0.0006	0.0006	0.0006	0.0006	0.0006	0.0006	0.0006	0.0006	0.0007	0.0007	0.0007	0.0007	0.0007	0.0007	0.0007	0.0007	0.0007	0.0007	0.0005	0.0005	0.0005	0.0005	0.0005	0.0005	0.0005	0.0005	0.0005	0.0005	0.0005	0.0005	0.0005	0.0005	0.0005	0.0005	0.0005	0.0005	0.0005	0.0005	0.0004	0.0004	0.0004	0.0004	0.0004	0.0004	0.0004	0.0004	0.0004	0.0004	0.0003	0.0003
0.9007	0.0016	0.0016	0.0016	0.0016	0.0016	0.0034	0.0034	0.0034	0.0034	0.0034	0.0003	0.0003	0.0003	0.0003	0.0003	0.0003	0.0003	0.0003	0.0003	0.0003	0.0004	0.0004	0.0004	0.0004	0.0004	0.0004	0.0004	0.0004	0.0004	0.0004	0.0002	0.0002	0.0002	0.0002	0.0002	0.0002	0.0002	0.0002	0.0002	0.0002	0.0002	0.0002	0.0002	0.0002	0.0002	0.0002	0.0002	0.0002	0.0002	0.0002	0.0002	0.0002	0.0002	0.0002	0.0002	0.0002	0.0002	0.0002	0.0002	0.0002	0.0002	0.0002
0.8157	0.0016	0.0016	0.0016	0.0016	0.0016	0.0051	0.0051	0.0051	0.0051	0.0051	0.0006	0.0006	0.0006	0.0006	0.0006	0.0006	0.0006	0.0006	0.0006	0.0006	0.0006	0.0006	0.0006	0.0006	0.0006	0.0006	0.0006	0.0006	0.0006	0.0006	0.0004	0.0004	0.0004	0.0004	0.0004	0.0004	0.0004	0.0004	0.0004	0.0004	0.0004	0.0004	0.0004	0.0004	0.0004	0.0004	0.0004	0.0004	0.0004	0.0004	0.0003	0.0003	0.0003	0.0003	0.0003	0.0003	0.0003	0.0003	0.0003	0.0003	0.0003	0.0003
0.7507	0.0023	0.0023	0.0023	0.0023	0.0023	0.0067	0.0067	0.0067	0.0067	0.0067	0.0008	0.0008	0.0008	0.0008	0.0008	0.0008	0.0008	0.0008	0.0008	0.0008	0.0008	0.0008	0.0008	0.0008	0.0008	0.0008	0.0008	0.0008	0.0008	0.0008	0.0006	0.0006	0.0006	0.0006	0.0006	0.0006	0.0006	0.0006	0.0006	0.0006	0.0006	0.0006	0.0006	0.0006	0.0006	0.0006	0.0006	0.0006	0.0006	0.0006	0.0004	0.0004	0.0004	0.0004	0.0004	0.0005	0.0005	0.0005	0.0005	0.0005	0.0004	0.0004
0.0257	0.0503	0.0106	0.0239	0.0106	0.0108	0.0046	0.0025	0.0032	0.0025	0.0025	0.0039	0.0045	0.0038	0.0039	0.0024	0.0017	0.0017	0.0024	0.0024	0.0017	0.0012	0.0013	0.0012	0.0012	0.001	0.0009	0.0009	0.001	0.001	0.0009	0.0012	0.0011	0.0011	0.0012	0.0012	0.0011	0.0009	0.0009	0.0008	0.0009	0.0008	0.0008	0.0008	0.0008	0.0008	0.0008	0.0007	0.0007	0.0007	0.0007	0.0008	0.0008	0.0008	0.0008	0.0007	0.0008	0.0008	0.0007	0.0007	0.0007	0.0007	0.0008
0.5173	0.0174	0.0102	0.0124	0.0102	0.0102	0.0207	0.0139	0.0159	0.0138	0.0138	0.0029	0.0031	0.0029	0.0029	0.0025	0.0024	0.0024	0.0025	0.0025	0.0024	0.0031	0.0033	0.0031	0.0031	0.0027	0.0026	0.0026	0.0027	0.0027	0.0025	0.0016	0.0016	0.0016	0.0016	0.0016	0.0016	0.0015	0.0015	0.0015	0.0015	0.0017	0.0017	0.0017	0.0017	0.0017	0.0017	0.0016	0.0016	0.0015	0.0016	0.0013	0.0013	0.0013	0.0013	0.0012	0.0014	0.0014	0.0013	0.0013	0.0013	0.0012	0.0013
0.276	0.0044	0.0038	0.004	0.0039	0.0039	0.011	0.0105	0.0106	0.0105	0.0105	0.0014	0.0015	0.0014	0.0014	0.0014	0.0014	0.0014	0.0014	0.0014	0.0014	0.0019	0.0019	0.0019	0.0019	0.0019	0.0018	0.0018	0.0018	0.0019	0.0018	0.001	0.001	0.001	0.001	0.001	0.001	0.001	0.001	0.001	0.001	0.0011	0.0011	0.0011	0.0011	0.0011	0.0011	0.0011	0.0011	0.0011	0.0011	0.0009	0.0009	0.0009	0.0009	0.0008	0.001	0.001	0.001	0.001	0.001	0.0008	0.001
0.6895	0.0061	0.0059	0.0059	0.0059	0.0059	0.0103	0.0101	0.0101	0.0101	0.0101	0.0012	0.0012	0.0012	0.0012	0.0011	0.0011	0.0011	0.0011	0.0011	0.0011	0.0013	0.0013	0.0013	0.0013	0.0012	0.0012	0.0012	0.0012	0.0012	0.0012	0.0007	0.0007	0.0007	0.0007	0.0007	0.0007	0.0007	0.0007	0.0007	0.0007	0.0007	0.0007	0.0007	0.0007	0.0007	0.0007	0.0007	0.0007	0.0007	0.0007	0.0006	0.0006	0.0006	0.0006	0.0006	0.0006	0.0006	0.0006	0.0006	0.0006	0.0005	0.0005
0.6842	0.0061	0.0058	0.0059	0.0059	0.0059	0.0104	0.0101	0.0102	0.0101	0.0101	0.0012	0.0012	0.0012	0.0012	0.0012	0.0012	0.0012	0.0012	0.0012	0.0012	0.0013	0.0013	0.0013	0.0013	0.0013	0.0013	0.0013	0.0013	0.0013	0.0013	0.0007	0.0007	0.0007	0.0007	0.0007	0.0007	0.0007	0.0007	0.0007	0.0007	0.0007	0.0007	0.0007	0.0007	0.0007	0.0007	0.0007	0.0007	0.0007	0.0007	0.0006	0.0006	0.0006	0.0006	0.0006	0.0006	0.0006	0.0006	0.0006	0.0006	0.0005	0.0005
0.8978	0.0065	0.0045	0.0051	0.0045	0.0045	0.0071	0.0051	0.0057	0.0051	0.0051	0.0006	0.0006	0.0006	0.0006	0.0005	0.0005	0.0005	0.0005	0.0005	0.0005	0.0006	0.0006	0.0006	0.0006	0.0005	0.0005	0.0005	0.0005	0.0005	0.0005	0.0003	0.0003	0.0003	0.0003	0.0003	0.0003	0.0003	0.0003	0.0003	0.0003	0.0003	0.0003	0.0003	0.0003	0.0003	0.0003	0.0003	0.0003	0.0003	0.0003	0.0002	0.0002	0.0002	0.0002	0.0002	0.0002	0.0002	0.0002	0.0002	0.0002	0.0002	0.0002
0.6261	0.0028	0.0026	0.0027	0.0026	0.0026	0.0089	0.0087	0.0088	0.0087	0.0087	0.001	0.001	0.001	0.001	0.001	0.001	0.001	0.001	0.001	0.001	0.0012	0.0012	0.0012	0.0012	0.0012	0.0011	0.0011	0.0012	0.0012	0.0011	0.0007	0.0007	0.0007	0.0007	0.0007	0.0007	0.0007	0.0007	0.0007	0.0007	0.0008	0.0008	0.0008	0.0008	0.0008	0.0008	0.0008	0.0008	0.0008	0.0008	0.0006	0.0006	0.0006	0.0006	0.0006	0.0006	0.0006	0.0006	0.0006	0.0006	0.0005	0.0006
0.6435	0.0034	0.0034	0.0034	0.0034	0.0034	0.0091	0.009	0.009	0.009	0.009	0.001	0.001	0.001	0.001	0.001	0.001	0.001	0.001	0.001	0.001	0.0012	0.0012	0.0012	0.0012	0.0012	0.0012	0.0012	0.0012	0.0012	0.0012	0.0007	0.0007	0.0007	0.0007	0.0007	0.0007	0.0007	0.0007	0.0007	0.0007	0.0008	0.0008	0.0008	0.0008	0.0008	0.0008	0.0008	0.0008	0.0008	0.0008	0.0006	0.0006	0.0006	0.0006	0.0006	0.0006	0.0006	0.0006	0.0006	0.0006	0.0005	0.0006
0.6966	0.0033	0.0033	0.0033	0.0033	0.0033	0.0083	0.0082	0.0082	0.0082	0.0082	0.0009	0.0009	0.0009	0.0009	0.0009	0.0009	0.0009	0.0009	0.0009	0.0009	0.001	0.001	0.001	0.001	0.001	0.001	0.001	0.001	0.001	0.001	0.0007	0.0007	0.0007	0.0007	0.0007	0.0007	0.0007	0.0007	0.0007	0.0007	0.0007	0.0007	0.0007	0.0007	0.0007	0.0007	0.0007	0.0007	0.0007	0.0007	0.0005	0.0005	0.0005	0.0005	0.0005	0.0005	0.0005	0.0005	0.0005	0.0005	0.0005	0.0005
0.8373	0.0026	0.0026	0.0026	0.0026	0.0026	0.0054	0.0054	0.0054	0.0054	0.0054	0.0005	0.0005	0.0005	0.0005	0.0005	0.0005	0.0005	0.0005	0.0005	0.0005	0.0006	0.0006	0.0006	0.0006	0.0006	0.0006	0.0006	0.0006	0.0006	0.0006	0.0004	0.0004	0.0004	0.0004	0.0004	0.0004	0.0004	0.0004	0.0004	0.0004	0.0004	0.0004	0.0004	0.0004	0.0004	0.0004	0.0004	0.0004	0.0004	0.0004	0.0003	0.0003	0.0003	0.0003	0.0003	0.0003	0.0003	0.0003	0.0003	0.0003	0.0002	0.0003
0.8713	0.0017	0.0017	0.0017	0.0017	0.0017	0.0041	0.0041	0.0041	0.0041	0.0041	0.0004	0.0004	0.0004	0.0004	0.0004	0.0004	0.0004	0.0004	0.0004	0.0004	0.0004	0.0004	0.0004	0.0004	0.0004	0.0004	0.0004	0.0004	0.0004	0.0004	0.0003	0.0003	0.0003	0.0003	0.0003	0.0003	0.0003	0.0003	0.0003	0.0003	0.0003	0.0003	0.0003	0.0003	0.0003	0.0003	0.0003	0.0003	0.0003	0.0003	0.0002	0.0002	0.0002	0.0002	0.0002	0.0002	0.0002	0.0002	0.0002	0.0002	0.0002	0.0002
0.6555	0.0024	0.0024	0.0024	0.0024	0.0024	0.0082	0.0082	0.0082	0.0082	0.0082	0.001	0.001	0.001	0.001	0.001	0.001	0.001	0.001	0.001	0.001	0.0011	0.0011	0.0011	0.0011	0.0011	0.0011	0.0011	0.0011	0.0011	0.0011	0.0007	0.0007	0.0007	0.0007	0.0007	0.0007	0.0007	0.0007	0.0007	0.0007	0.0007	0.0007	0.0007	0.0007	0.0007	0.0007	0.0007	0.0007	0.0007	0.0007	0.0006	0.0006	0.0006	0.0006	0.0006	0.0006	0.0006	0.0006	0.0006	0.0006	0.0005	0.0005
0.9704	0.0009	0.0009	0.0009	0.0009	0.0009	0.0013	0.0013	0.0013	0.0013	0.0013	0.0001	0.0001	0.0001	0.0001	0.0001	0.0001	0.0001	0.0001	0.0001	0.0001	0.0001	0.0001	0.0001	0.0001	0.0001	0.0001	0.0001	0.0001	0.0001	0.0001	0.0001	0.0001	0.0001	0.0001	0.0001	0.0001	0.0001	0.0001	0.0001	0.0001	0.0001	0.0001	0.0001	0.0001	0.0001	0.0001	0.0001	0.0001	0.0001	0.0001	0.0001	0.0001	0.0001	0.0001	0.0001	0.0001	0.0001	0.0001	0.0001	0.0001	0.0	0.0
0.8291	0.0012	0.0012	0.0012	0.0012	0.0012	0.0046	0.0046	0.0046	0.0046	0.0046	0.0005	0.0005	0.0005	0.0005	0.0005	0.0005	0.0005	0.0005	0.0005	0.0005	0.0006	0.0006	0.0006	0.0006	0.0006	0.0006	0.0006	0.0006	0.0006	0.0006	0.0004	0.0004	0.0004	0.0004	0.0004	0.0004	0.0004	0.0004	0.0004	0.0004	0.0004	0.0004	0.0004	0.0004	0.0004	0.0004	0.0004	0.0004	0.0004	0.0004	0.0003	0.0003	0.0003	0.0003	0.0003	0.0003	0.0003	0.0003	0.0003	0.0003	0.0003	0.0003
0.9346	0.0012	0.0012	0.0012	0.0012	0.0012	0.0024	0.0024	0.0024	0.0024	0.0024	0.0002	0.0002	0.0002	0.0002	0.0002	0.0002	0.0002	0.0002	0.0002	0.0002	0.0002	0.0002	0.0002	0.0002	0.0002	0.0002	0.0002	0.0002	0.0002	0.0002	0.0002	0.0002	0.0002	0.0002	0.0002	0.0002	0.0002	0.0002	0.0002	0.0002	0.0002	0.0002	0.0002	0.0002	0.0002	0.0002	0.0002	0.0002	0.0002	0.0002	0.0001	0.0001	0.0001	0.0001	0.0001	0.0001	0.0001	0.0001	0.0001	0.0001	0.0001	0.0001
0.9932	0.0003	0.0003	0.0003	0.0003	0.0003	0.0003	0.0003	0.0003	0.0003	0.0003	0.0	0.0	0.0	0.0	0.0	0.0	0.0	0.0	0.0	0.0	0.0	0.0	0.0	0.0	0.0	0.0	0.0	0.0	0.0	0.0	0.0	0.0	0.0	0.0	0.0	0.0	0.0	0.0	0.0	0.0	0.0	0.0	0.0	0.0	0.0	0.0	0.0	0.0	0.0	0.0	0.0	0.0	0.0	0.0	0.0	0.0	0.0	0.0	0.0	0.0	0.0	0.0
0.7389	0.0016	0.0016	0.0016	0.0016	0.0016	0.0065	0.0065	0.0065	0.0065	0.0065	0.0008	0.0008	0.0008	0.0008	0.0008	0.0008	0.0008	0.0008	0.0008	0.0008	0.0008	0.0008	0.0008	0.0008	0.0008	0.0008	0.0008	0.0008	0.0008	0.0008	0.0006	0.0006	0.0006	0.0006	0.0006	0.0006	0.0006	0.0006	0.0006	0.0006	0.0006	0.0006	0.0006	0.0006	0.0006	0.0006	0.0006	0.0006	0.0006	0.0006	0.0005	0.0005	0.0005	0.0005	0.0005	0.0005	0.0005	0.0005	0.0005	0.0005	0.0004	0.0004
0.8795	0.0008	0.0008	0.0008	0.0008	0.0008	0.0033	0.0033	0.0033	0.0033	0.0033	0.0004	0.0004	0.0004	0.0004	0.0004	0.0004	0.0004	0.0004	0.0004	0.0004	0.0004	0.0004	0.0004	0.0004	0.0004	0.0004	0.0004	0.0004	0.0004	0.0004	0.0003	0.0003	0.0003	0.0003	0.0003	0.0003	0.0003	0.0003	0.0003	0.0003	0.0003	0.0003	0.0003	0.0003	0.0003	0.0003	0.0003	0.0003	0.0003	0.0003	0.0002	0.0002	0.0002	0.0002	0.0002	0.0002	0.0002	0.0002	0.0002	0.0002	0.0002	0.0002
0.9576	0.0008	0.0008	0.0008	0.0008	0.0008	0.0016	0.0016	0.0016	0.0016	0.0016	0.0002	0.0002	0.0002	0.0002	0.0002	0.0002	0.0002	0.0002	0.0002	0.0002	0.0002	0.0002	0.0002	0.0002	0.0002	0.0002	0.0002	0.0002	0.0002	0.0002	0.0001	0.0001	0.0001	0.0001	0.0001	0.0001	0.0001	0.0001	0.0001	0.0001	0.0001	0.0001	0.0001	0.0001	0.0001	0.0001	0.0001	0.0001	0.0001	0.0001	0.0001	0.0001	0.0001	0.0001	0.0001	0.0001	0.0001	0.0001	0.0001	0.0001	0.0001	0.0001
0.7391	0.0017	0.0017	0.0017	0.0017	0.0017	0.0066	0.0066	0.0066	0.0066	0.0066	0.0008	0.0008	0.0008	0.0008	0.0008	0.0008	0.0008	0.0008	0.0008	0.0008	0.0008	0.0008	0.0008	0.0008	0.0008	0.0008	0.0008	0.0008	0.0008	0.0008	0.0006	0.0006	0.0006	0.0006	0.0006	0.0006	0.0006	0.0006	0.0006	0.0006	0.0006	0.0006	0.0006	0.0006	0.0006	0.0006	0.0006	0.0006	0.0006	0.0006	0.0005	0.0005	0.0005	0.0005	0.0005	0.0005	0.0005	0.0005	0.0005	0.0005	0.0004	0.0004
0.5769	0.0191	0.0109	0.0134	0.0109	0.011	0.0214	0.0137	0.0161	0.0137	0.0137	0.003	0.0031	0.0029	0.0029	0.0026	0.0024	0.0024	0.0025	0.0025	0.0024	0.0031	0.0033	0.0031	0.0031	0.0027	0.0025	0.0025	0.0027	0.0027	0.0025	0.0016	0.0016	0.0016	0.0016	0.0016	0.0016	0.0015	0.0015	0.0014	0.0015	0.0017	0.0016	0.0016	0.0017	0.0017	0.0016	0.0015	0.0015	0.0015	0.0015	0.0012	0.0012	0.0012	0.0012	0.0012	0.0013	0.0013	0.0013	0.0013	0.0012	0.0012	0.0012
0.637	0.0058	0.0043	0.0048	0.0043	0.0044	0.011	0.0096	0.01	0.0096	0.0096	0.0012	0.0012	0.0012	0.0012	0.0012	0.0011	0.0011	0.0012	0.0012	0.0011	0.0013	0.0014	0.0013	0.0013	0.0013	0.0013	0.0013	0.0013	0.0013	0.0013	0.0008	0.0008	0.0008	0.0008	0.0008	0.0008	0.0008	0.0008	0.0008	0.0008	0.0008	0.0008	0.0008	0.0008	0.0008	0.0008	0.0008	0.0008	0.0008	0.0008	0.0006	0.0006	0.0006	0.0006	0.0006	0.0006	0.0006	0.0006	0.0006	0.0006	0.0005	0.0006
0.7945	0.006	0.0042	0.0047	0.0042	0.0042	0.0088	0.0071	0.0076	0.0071	0.0071	0.0009	0.0009	0.0008	0.0008	0.0008	0.0008	0.0008	0.0008	0.0008	0.0008	0.0009	0.0009	0.0009	0.0009	0.0008	0.0008	0.0008	0.0008	0.0008	0.0008	0.0005	0.0005	0.0005	0.0005	0.0005	0.0005	0.0005	0.0005	0.0005	0.0005	0.0005	0.0005	0.0005	0.0005	0.0005	0.0005	0.0005	0.0005	0.0005	0.0005	0.0004	0.0004	0.0004	0.0004	0.0004	0.0004	0.0004	0.0004	0.0004	0.0004	0.0003	0.0003
0.5972	0.0032	0.003	0.0031	0.003	0.003	0.0095	0.0093	0.0093	0.0093	0.0093	0.0011	0.0011	0.0011	0.0011	0.0011	0.0011	0.0011	0.0011	0.0011	0.0011	0.0013	0.0013	0.0013	0.0013	0.0012	0.0012	0.0012	0.0012	0.0012	0.0012	0.0008	0.0008	0.0008	0.0008	0.0008	0.0008	0.0008	0.0008	0.0008	0.0008	0.0008	0.0008	0.0008	0.0008	0.0008	0.0008	0.0008	0.0008	0.0008	0.0008	0.0006	0.0006	0.0006	0.0006	0.0006	0.0007	0.0007	0.0007	0.0007	0.0007	0.0006	0.0006
0.6858	0.0035	0.0034	0.0035	0.0035	0.0035	0.0086	0.0085	0.0085	0.0085	0.0085	0.001	0.001	0.001	0.001	0.001	0.001	0.001	0.001	0.001	0.001	0.0011	0.0011	0.0011	0.0011	0.0011	0.0011	0.0011	0.0011	0.0011	0.0011	0.0007	0.0007	0.0007	0.0007	0.0007	0.0007	0.0007	0.0007	0.0007	0.0007	0.0007	0.0007	0.0007	0.0007	0.0007	0.0007	0.0007	0.0007	0.0007	0.0007	0.0005	0.0005	0.0005	0.0005	0.0005	0.0006	0.0006	0.0006	0.0006	0.0006	0.0005	0.0005
0.8707	0.0025	0.0025	0.0025	0.0025	0.0025	0.0047	0.0047	0.0047	0.0047	0.0047	0.0005	0.0005	0.0005	0.0005	0.0005	0.0005	0.0005	0.0005	0.0005	0.0005	0.0005	0.0005	0.0005	0.0005	0.0005	0.0005	0.0005	0.0005	0.0005	0.0005	0.0003	0.0003	0.0003	0.0003	0.0003	0.0003	0.0003	0.0003	0.0003	0.0003	0.0003	0.0003	0.0003	0.0003	0.0003	0.0003	0.0003	0.0003	0.0003	0.0003	0.0002	0.0002	0.0002	0.0002	0.0002	0.0002	0.0002	0.0002	0.0002	0.0002	0.0002	0.0002
0.879	0.0015	0.0015	0.0015	0.0015	0.0015	0.0038	0.0038	0.0038	0.0038	0.0038	0.0004	0.0004	0.0004	0.0004	0.0004	0.0004	0.0004	0.0004	0.0004	0.0004	0.0004	0.0004	0.0004	0.0004	0.0004	0.0004	0.0004	0.0004	0.0004	0.0004	0.0003	0.0003	0.0003	0.0003	0.0003	0.0003	0.0003	0.0003	0.0003	0.0003	0.0003	0.0003	0.0003	0.0003	0.0003	0.0003	0.0003	0.0003	0.0003	0.0003	0.0002	0.0002	0.0002	0.0002	0.0002	0.0002	0.0002	0.0002	0.0002	0.0002	0.0002	0.0002
0.7568	0.0033	0.0033	0.0033	0.0033	0.0033	0.0074	0.0073	0.0073	0.0073	0.0073	0.0008	0.0008	0.0008	0.0008	0.0008	0.0008	0.0008	0.0008	0.0008	0.0008	0.0009	0.0009	0.0009	0.0009	0.0009	0.0009	0.0009	0.0009	0.0009	0.0009	0.0005	0.0005	0.0005	0.0005	0.0005	0.0005	0.0005	0.0005	0.0005	0.0005	0.0006	0.0006	0.0006	0.0006	0.0006	0.0006	0.0006	0.0006	0.0006	0.0006	0.0004	0.0004	0.0004	0.0004	0.0004	0.0004	0.0004	0.0004	0.0004	0.0004	0.0004	0.0004
0.8422	0.0022	0.0022	0.0022	0.0022	0.0022	0.0051	0.0051	0.0051	0.0051	0.0051	0.0005	0.0005	0.0005	0.0005	0.0005	0.0005	0.0005	0.0005	0.0005	0.0005	0.0005	0.0005	0.0005	0.0005	0.0005	0.0005	0.0005	0.0005	0.0005	0.0005	0.0004	0.0004	0.0004	0.0004	0.0004	0.0004	0.0004	0.0004	0.0004	0.0004	0.0004	0.0004	0.0004	0.0004	0.0004	0.0004	0.0004	0.0004	0.0004	0.0004	0.0003	0.0003	0.0003	0.0003	0.0003	0.0003	0.0003	0.0003	0.0003	0.0003	0.0002	0.0002
0.7961	0.002	0.002	0.002	0.002	0.002	0.0058	0.0058	0.0058	0.0058	0.0058	0.0006	0.0006	0.0006	0.0006	0.0006	0.0006	0.0006	0.0006	0.0006	0.0006	0.0007	0.0007	0.0007	0.0007	0.0007	0.0007	0.0007	0.0007	0.0007	0.0007	0.0005	0.0005	0.0005	0.0005	0.0005	0.0005	0.0005	0.0005	0.0005	0.0005	0.0005	0.0005	0.0005	0.0005	0.0005	0.0005	0.0005	0.0005	0.0005	0.0005	0.0004	0.0004	0.0004	0.0004	0.0004	0.0004	0.0004	0.0004	0.0004	0.0004	0.0003	0.0003
0.6731	0.0026	0.0026	0.0026	0.0026	0.0026	0.0081	0.0081	0.0081	0.0081	0.0081	0.0009	0.0009	0.0009	0.0009	0.0009	0.0009	0.0009	0.0009	0.0009	0.0009	0.0011	0.0011	0.0011	0.0011	0.0011	0.0011	0.0011	0.0011	0.0011	0.0011	0.0007	0.0007	0.0007	0.0007	0.0007	0.0007	0.0007	0.0007	0.0007	0.0007	0.0007	0.0007	0.0007	0.0007	0.0007	0.0007	0.0007	0.0007	0.0007	0.0007	0.0006	0.0006	0.0006	0.0006	0.0006	0.0006	0.0006	0.0006	0.0006	0.0006	0.0005	0.0005
0.7412	0.0024	0.0024	0.0024	0.0024	0.0024	0.007	0.007	0.007	0.007	0.007	0.0008	0.0008	0.0008	0.0008	0.0008	0.0008	0.0008	0.0008	0.0008	0.0008	0.0009	0.0009	0.0009	0.0009	0.0009	0.0009	0.0009	0.0009	0.0009	0.0009	0.0006	0.0006	0.0006	0.0006	0.0006	0.0006	0.0006	0.0006	0.0006	0.0006	0.0006	0.0006	0.0006	0.0006	0.0006	0.0006	0.0006	0.0006	0.0006	0.0006	0.0005	0.0005	0.0005	0.0005	0.0005	0.0005	0.0005	0.0005	0.0005	0.0005	0.0004	0.0004
0.9676	0.0017	0.0017	0.0017	0.0017	0.0017	0.002	0.0019	0.0019	0.0019	0.0019	0.0001	0.0001	0.0001	0.0001	0.0001	0.0001	0.0001	0.0001	0.0001	0.0001	0.0001	0.0001	0.0001	0.0001	0.0001	0.0001	0.0001	0.0001	0.0001	0.0001	0.0001	0.0001	0.0001	0.0001	0.0001	0.0001	0.0001	0.0001	0.0001	0.0001	0.0001	0.0001	0.0001	0.0001	0.0001	0.0001	0.0001	0.0001	0.0001	0.0001	0.0001	0.0001	0.0001	0.0001	0.0001	0.0001	0.0001	0.0001	0.0001	0.0001	0.0	0.0
0.8326	0.0013	0.0013	0.0013	0.0013	0.0013	0.0046	0.0046	0.0046	0.0046	0.0046	0.0005	0.0005	0.0005	0.0005	0.0005	0.0005	0.0005	0.0005	0.0005	0.0005	0.0005	0.0005	0.0005	0.0005	0.0005	0.0005	0.0005	0.0005	0.0005	0.0005	0.0004	0.0004	0.0004	0.0004	0.0004	0.0004	0.0004	0.0004	0.0004	0.0004	0.0004	0.0004	0.0004	0.0004	0.0004	0.0004	0.0004	0.0004	0.0004	0.0004	0.0003	0.0003	0.0003	0.0003	0.0003	0.0003	0.0003	0.0003	0.0003	0.0003	0.0003	0.0003
0.9045	0.0014	0.0014	0.0014	0.0014	0.0014	0.0032	0.0032	0.0032	0.0032	0.0032	0.0003	0.0003	0.0003	0.0003	0.0003	0.0003	0.0003	0.0003	0.0003	0.0003	0.0003	0.0003	0.0003	0.0003	0.0003	0.0003	0.0003	0.0003	0.0003	0.0003	0.0002	0.0002	0.0002	0.0002	0.0002	0.0002	0.0002	0.0002	0.0002	0.0002	0.0002	0.0002	0.0002	0.0002	0.0002	0.0002	0.0002	0.0002	0.0002	0.0002	0.0002	0.0002	0.0002	0.0002	0.0002	0.0002	0.0002	0.0002	0.0002	0.0002	0.0002	0.0002
0.8357	0.0015	0.0015	0.0015	0.0015	0.0015	0.0047	0.0047	0.0047	0.0047	0.0047	0.0005	0.0005	0.0005	0.0005	0.0005	0.0005	0.0005	0.0005	0.0005	0.0005	0.0005	0.0005	0.0005	0.0005	0.0005	0.0005	0.0005	0.0005	0.0005	0.0005	0.0004	0.0004	0.0004	0.0004	0.0004	0.0004	0.0004	0.0004	0.0004	0.0004	0.0004	0.0004	0.0004	0.0004	0.0004	0.0004	0.0004	0.0004	0.0004	0.0004	0.0003	0.0003	0.0003	0.0003	0.0003	0.0003	0.0003	0.0003	0.0003	0.0003	0.0003	0.0003
0.9175	0.0008	0.0008	0.0008	0.0008	0.0008	0.0025	0.0025	0.0025	0.0025	0.0025	0.0003	0.0003	0.0003	0.0003	0.0003	0.0003	0.0003	0.0003	0.0003	0.0003	0.0003	0.0003	0.0003	0.0003	0.0003	0.0003	0.0003	0.0003	0.0003	0.0003	0.0002	0.0002	0.0002	0.0002	0.0002	0.0002	0.0002	0.0002	0.0002	0.0002	0.0002	0.0002	0.0002	0.0002	0.0002	0.0002	0.0002	0.0002	0.0002	0.0002	0.0002	0.0002	0.0002	0.0002	0.0002	0.0002	0.0002	0.0002	0.0002	0.0002	0.0001	0.0001
0.7857	0.0016	0.0016	0.0016	0.0016	0.0016	0.0057	0.0057	0.0057	0.0057	0.0057	0.0006	0.0006	0.0006	0.0006	0.0006	0.0006	0.0006	0.0006	0.0006	0.0006	0.0007	0.0007	0.0007	0.0007	0.0007	0.0007	0.0007	0.0007	0.0007	0.0007	0.0005	0.0005	0.0005	0.0005	0.0005	0.0005	0.0005	0.0005	0.0005	0.0005	0.0005	0.0005	0.0005	0.0005	0.0005	0.0005	0.0005	0.0005	0.0005	0.0005	0.0004	0.0004	0.0004	0.0004	0.0004	0.0004	0.0004	0.0004	0.0004	0.0004	0.0003	0.0003
0.7805	0.0022	0.0022	0.0022	0.0022	0.0022	0.0062	0.0062	0.0062	0.0062	0.0062	0.0007	0.0007	0.0007	0.0007	0.0007	0.0007	0.0007	0.0007	0.0007	0.0007	0.0007	0.0007	0.0007	0.0007	0.0007	0.0007	0.0007	0.0007	0.0007	0.0007	0.0005	0.0005	0.0005	0.0005	0.0005	0.0005	0.0005	0.0005	0.0005	0.0005	0.0005	0.0005	0.0005	0.0005	0.0005	0.0005	0.0005	0.0005	0.0005	0.0005	0.0004	0.0004	0.0004	0.0004	0.0004	0.0004	0.0004	0.0004	0.0004	0.0004	0.0003	0.0004
0.7335	0.0025	0.0025	0.0025	0.0025	0.0025	0.0072	0.0072	0.0072	0.0072	0.0072	0.0008	0.0008	0.0008	0.0008	0.0008	0.0008	0.0008	0.0008	0.0008	0.0008	0.0009	0.0009	0.0009	0.0009	0.0009	0.0009	0.0009	0.0009	0.0009	0.0009	0.0006	0.0006	0.0006	0.0006	0.0006	0.0006	0.0006	0.0006	0.0006	0.0006	0.0006	0.0006	0.0006	0.0006	0.0006	0.0006	0.0006	0.0006	0.0006	0.0006	0.0005	0.0005	0.0005	0.0005	0.0005	0.0005	0.0005	0.0005	0.0005	0.0005	0.0004	0.0004
0.9609	0.0014	0.0014	0.0014	0.0014	0.0014	0.0019	0.0019	0.0019	0.0019	0.0019	0.0002	0.0002	0.0002	0.0002	0.0002	0.0002	0.0002	0.0002	0.0002	0.0002	0.0002	0.0002	0.0002	0.0002	0.0002	0.0002	0.0002	0.0002	0.0002	0.0002	0.0001	0.0001	0.0001	0.0001	0.0001	0.0001	0.0001	0.0001	0.0001	0.0001	0.0001	0.0001	0.0001	0.0001	0.0001	0.0001	0.0001	0.0001	0.0001	0.0001	0.0001	0.0001	0.0001	0.0001	0.0001	0.0001	0.0001	0.0001	0.0001	0.0001	0.0001	0.0001
0.9692	0.0005	0.0005	0.0005	0.0005	0.0005	0.0011	0.0011	0.0011	0.0011	0.0011	0.0001	0.0001	0.0001	0.0001	0.0001	0.0001	0.0001	0.0001	0.0001	0.0001	0.0001	0.0001	0.0001	0.0001	0.0001	0.0001	0.0001	0.0001	0.0001	0.0001	0.0001	0.0001	0.0001	0.0001	0.0001	0.0001	0.0001	0.0001	0.0001	0.0001	0.0001	0.0001	0.0001	0.0001	0.0001	0.0001	0.0001	0.0001	0.0001	0.0001	0.0001	0.0001	0.0001	0.0001	0.0001	0.0001	0.0001	0.0001	0.0001	0.0001	0.0	0.0
0.9021	0.0008	0.0008	0.0008	0.0008	0.0008	0.0028	0.0028	0.0028	0.0028	0.0028	0.0003	0.0003	0.0003	0.0003	0.0003	0.0003	0.0003	0.0003	0.0003	0.0003	0.0003	0.0003	0.0003	0.0003	0.0003	0.0003	0.0003	0.0003	0.0003	0.0003	0.0002	0.0002	0.0002	0.0002	0.0002	0.0002	0.0002	0.0002	0.0002	0.0002	0.0002	0.0002	0.0002	0.0002	0.0002	0.0002	0.0002	0.0002	0.0002	0.0002	0.0002	0.0002	0.0002	0.0002	0.0002	0.0002	0.0002	0.0002	0.0002	0.0002	0.0002	0.0002
