x1	x2	x3	x4	x5	x6	x7	x8	x9	x10	x11	x12	x13	x14	x15	x16	x17	x18	x19	x20	x21	x22	x23	x24	x25	x26	x27	x28	x29	x30	x31	x32	x33	x34	x35	x36	x37	x38	x39	x40	x41	x42	x43	x44	x45	x46	x47	x48	x49	x50	x51	x52	x53	x54	x55	x56	x57	x58	x59	x60	x61	x62	x63
0.0001	0.0001	0.0334	0.0001	0.0001	0.0334	0.0	0.002	0.0	0.0	0.002	0.002	0.0	0.0	0.002	0.002	0.002	0.7816	0.0	0.002	0.002	0.0001	0.0	0.0	0.0001	0.0001	0.0001	0.0316	0.0	0.0001	0.0001	0.0001	0.0001	0.0316	0.0	0.0001	0.0001	0.0001	0.0316	0.0316	0.0001	0.0	0.0	0.0013	0.0	0.0	0.0	0.0	0.0013	0.0013	0.0	0.0	0.0013	0.0013	0.0	0.0013	0.0	0.0001	0.0001	0.0	0.0001	0.0001	0.0
0.0003	0.0003	0.0003	0.0003	0.0003	0.8696	0.0	0.0	0.0	0.0	0.0244	0.0	0.0	0.0	0.0244	0.0	0.0	0.0244	0.0	0.0244	0.0244	0.0	0.0	0.0	0.0007	0.0	0.0	0.0007	0.0	0.0007	0.0007	0.0	0.0	0.0007	0.0	0.0007	0.0007	0.0	0.0007	0.0007	0.0007	0.0	0.0	0.0	0.0	0.0	0.0	0.0	0.0	0.0	0.0	0.0	0.0	0.0	0.0	0.0	0.0	0.0	0.0	0.0	0.0	0.0	0.0
0.0	0.0001	0.0001	0.0001	0.0001	0.0	0.0	0.0	0.0	0.0	0.0	0.003	0.003	0.003	0.0	0.003	0.003	0.0	0.003	0.0	0.0	0.0001	0.0001	0.0001	0.0	0.0001	0.0001	0.0	0.0001	0.0	0.0	0.0556	0.0556	0.0001	0.0556	0.0001	0.0001	0.0556	0.0001	0.0001	0.0001	0.0018	0.0018	0.0	0.0018	0.0	0.0	0.0018	0.0	0.0	0.0	0.7034	0.0018	0.0018	0.0018	0.0018	0.0197	0.0001	0.0001	0.0001	0.0001	0.0197	0.0006
0.0	0.9701	0.0	0.0	0.0	0.0	0.0059	0.0	0.0	0.0	0.0	0.0059	0.0059	0.0059	0.0059	0.0	0.0	0.0	0.0	0.0	0.0	0.0	0.0	0.0	0.0	0.0	0.0	0.0	0.0	0.0	0.0	0.0	0.0	0.0	0.0	0.0	0.0	0.0	0.0	0.0	0.0	0.0	0.0	0.0	0.0	0.0	0.0	0.0	0.0	0.0	0.0	0.0	0.0	0.0	0.0	0.0	0.0	0.0	0.0	0.0	0.0	0.0	0.0
0.0	0.0	0.0	0.0	0.9701	0.0	0.0	0.0	0.0	0.0059	0.0	0.0	0.0	0.0059	0.0	0.0	0.0059	0.0	0.0059	0.0	0.0059	0.0	0.0	0.0	0.0	0.0	0.0	0.0	0.0	0.0	0.0	0.0	0.0	0.0	0.0	0.0	0.0	0.0	0.0	0.0	0.0	0.0	0.0	0.0	0.0	0.0	0.0	0.0	0.0	0.0	0.0	0.0	0.0	0.0	0.0	0.0	0.0	0.0	0.0	0.0	0.0	0.0	0.0
0.0001	0.9131	0.0001	0.0001	0.0001	0.0001	0.0166	0.0	0.0	0.0	0.0	0.0166	0.0166	0.0166	0.0166	0.0	0.0	0.0	0.0	0.0	0.0	0.0003	0.0003	0.0003	0.0003	0.0	0.0	0.0	0.0	0.0	0.0	0.0003	0.0003	0.0003	0.0003	0.0003	0.0003	0.0	0.0	0.0	0.0	0.0	0.0	0.0	0.0	0.0	0.0	0.0	0.0	0.0	0.0	0.0	0.0	0.0	0.0	0.0	0.0	0.0	0.0	0.0	0.0	0.0	0.0
0.0001	0.9131	0.0001	0.0001	0.0001	0.0001	0.0166	0.0	0.0	0.0	0.0	0.0166	0.0166	0.0166	0.0166	0.0	0.0	0.0	0.0	0.0	0.0	0.0003	0.0003	0.0003	0.0003	0.0	0.0	0.0	0.0	0.0	0.0	0.0003	0.0003	0.0003	0.0003	0.0003	0.0003	0.0	0.0	0.0	0.0	0.0	0.0	0.0	0.0	0.0	0.0	0.0	0.0	0.0	0.0	0.0	0.0	0.0	0.0	0.0	0.0	0.0	0.0	0.0	0.0	0.0	0.0
0.0002	0.0002	0.9037	0.0002	0.0002	0.0002	0.0	0.0183	0.0	0.0	0.0	0.0183	0.0	0.0	0.0	0.0183	0.0183	0.0183	0.0	0.0	0.0	0.0004	0.0	0.0	0.0	0.0004	0.0004	0.0004	0.0	0.0	0.0	0.0004	0.0004	0.0004	0.0	0.0	0.0	0.0004	0.0004	0.0004	0.0	0.0	0.0	0.0	0.0	0.0	0.0	0.0	0.0	0.0	0.0	0.0	0.0	0.0	0.0	0.0	0.0	0.0	0.0	0.0	0.0	0.0	0.0
0.0	0.9847	0.0	0.0	0.0	0.0	0.003	0.0	0.0	0.0	0.0	0.003	0.003	0.003	0.003	0.0	0.0	0.0	0.0	0.0	0.0	0.0	0.0	0.0	0.0	0.0	0.0	0.0	0.0	0.0	0.0	0.0	0.0	0.0	0.0	0.0	0.0	0.0	0.0	0.0	0.0	0.0	0.0	0.0	0.0	0.0	0.0	0.0	0.0	0.0	0.0	0.0	0.0	0.0	0.0	0.0	0.0	0.0	0.0	0.0	0.0	0.0	0.0
0.0	0.003	0.003	0.0	0.0	0.0	0.0	0.0	0.0	0.0	0.0	0.9818	0.0	0.0	0.0	0.0	0.0	0.0	0.0	0.0	0.0	0.003	0.0	0.0	0.0	0.0	0.0	0.0	0.0	0.0	0.0	0.003	0.003	0.003	0.0	0.0	0.0	0.0	0.0	0.0	0.0	0.0	0.0	0.0	0.0	0.0	0.0	0.0	0.0	0.0	0.0	0.0	0.0	0.0	0.0	0.0	0.0	0.0	0.0	0.0	0.0	0.0	0.0
0.0	0.963	0.0	0.0	0.0	0.0	0.0073	0.0	0.0	0.0	0.0	0.0073	0.0073	0.0073	0.0073	0.0	0.0	0.0	0.0	0.0	0.0	0.0001	0.0001	0.0001	0.0001	0.0	0.0	0.0	0.0	0.0	0.0	0.0001	0.0001	0.0001	0.0001	0.0001	0.0001	0.0	0.0	0.0	0.0	0.0	0.0	0.0	0.0	0.0	0.0	0.0	0.0	0.0	0.0	0.0	0.0	0.0	0.0	0.0	0.0	0.0	0.0	0.0	0.0	0.0	0.0
0.0	0.963	0.0	0.0	0.0	0.0	0.0073	0.0	0.0	0.0	0.0	0.0073	0.0073	0.0073	0.0073	0.0	0.0	0.0	0.0	0.0	0.0	0.0001	0.0001	0.0001	0.0001	0.0	0.0	0.0	0.0	0.0	0.0	0.0001	0.0001	0.0001	0.0001	0.0001	0.0001	0.0	0.0	0.0	0.0	0.0	0.0	0.0	0.0	0.0	0.0	0.0	0.0	0.0	0.0	0.0	0.0	0.0	0.0	0.0	0.0	0.0	0.0	0.0	0.0	0.0	0.0
0.0003	0.0003	0.869	0.0003	0.0003	0.0003	0.0	0.0245	0.0	0.0	0.0	0.0245	0.0	0.0	0.0	0.0245	0.0245	0.0245	0.0	0.0	0.0	0.0007	0.0	0.0	0.0	0.0007	0.0007	0.0007	0.0	0.0	0.0	0.0007	0.0007	0.0007	0.0	0.0	0.0	0.0007	0.0007	0.0007	0.0	0.0	0.0	0.0	0.0	0.0	0.0	0.0	0.0	0.0	0.0	0.0	0.0	0.0	0.0	0.0	0.0	0.0	0.0	0.0	0.0	0.0	0.0
0.0003	0.0003	0.0003	0.8743	0.0003	0.0003	0.0	0.0	0.0235	0.0	0.0	0.0	0.0235	0.0	0.0	0.0235	0.0	0.0	0.0235	0.0235	0.0	0.0	0.0006	0.0	0.0	0.0006	0.0	0.0	0.0006	0.0006	0.0	0.0006	0.0	0.0	0.0006	0.0006	0.0	0.0006	0.0006	0.0	0.0006	0.0	0.0	0.0	0.0	0.0	0.0	0.0	0.0	0.0	0.0	0.0	0.0	0.0	0.0	0.0	0.0	0.0	0.0	0.0	0.0	0.0	0.0
0.0	0.0	0.0	0.9802	0.0	0.0	0.0	0.0	0.0039	0.0	0.0	0.0	0.0039	0.0	0.0	0.0039	0.0	0.0	0.0039	0.0039	0.0	0.0	0.0	0.0	0.0	0.0	0.0	0.0	0.0	0.0	0.0	0.0	0.0	0.0	0.0	0.0	0.0	0.0	0.0	0.0	0.0	0.0	0.0	0.0	0.0	0.0	0.0	0.0	0.0	0.0	0.0	0.0	0.0	0.0	0.0	0.0	0.0	0.0	0.0	0.0	0.0	0.0	0.0
0.0	0.0	0.0	0.0	0.9898	0.0	0.0	0.0	0.0	0.002	0.0	0.0	0.0	0.002	0.0	0.0	0.002	0.0	0.002	0.0	0.002	0.0	0.0	0.0	0.0	0.0	0.0	0.0	0.0	0.0	0.0	0.0	0.0	0.0	0.0	0.0	0.0	0.0	0.0	0.0	0.0	0.0	0.0	0.0	0.0	0.0	0.0	0.0	0.0	0.0	0.0	0.0	0.0	0.0	0.0	0.0	0.0	0.0	0.0	0.0	0.0	0.0	0.0
0.0	0.0	0.0	0.9898	0.0	0.0	0.0	0.0	0.002	0.0	0.0	0.0	0.002	0.0	0.0	0.002	0.0	0.0	0.002	0.002	0.0	0.0	0.0	0.0	0.0	0.0	0.0	0.0	0.0	0.0	0.0	0.0	0.0	0.0	0.0	0.0	0.0	0.0	0.0	0.0	0.0	0.0	0.0	0.0	0.0	0.0	0.0	0.0	0.0	0.0	0.0	0.0	0.0	0.0	0.0	0.0	0.0	0.0	0.0	0.0	0.0	0.0	0.0
0.0	0.0	0.0	0.9846	0.0	0.0	0.0	0.0	0.0031	0.0	0.0	0.0	0.0031	0.0	0.0	0.0031	0.0	0.0	0.0031	0.0031	0.0	0.0	0.0	0.0	0.0	0.0	0.0	0.0	0.0	0.0	0.0	0.0	0.0	0.0	0.0	0.0	0.0	0.0	0.0	0.0	0.0	0.0	0.0	0.0	0.0	0.0	0.0	0.0	0.0	0.0	0.0	0.0	0.0	0.0	0.0	0.0	0.0	0.0	0.0	0.0	0.0	0.0	0.0
0.0	0.0	0.0	0.9871	0.0	0.0	0.0	0.0	0.0026	0.0	0.0	0.0	0.0026	0.0	0.0	0.0026	0.0	0.0	0.0026	0.0026	0.0	0.0	0.0	0.0	0.0	0.0	0.0	0.0	0.0	0.0	0.0	0.0	0.0	0.0	0.0	0.0	0.0	0.0	0.0	0.0	0.0	0.0	0.0	0.0	0.0	0.0	0.0	0.0	0.0	0.0	0.0	0.0	0.0	0.0	0.0	0.0	0.0	0.0	0.0	0.0	0.0	0.0	0.0
0.0	0.9871	0.0	0.0	0.0	0.0	0.0026	0.0	0.0	0.0	0.0	0.0026	0.0026	0.0026	0.0026	0.0	0.0	0.0	0.0	0.0	0.0	0.0	0.0	0.0	0.0	0.0	0.0	0.0	0.0	0.0	0.0	0.0	0.0	0.0	0.0	0.0	0.0	0.0	0.0	0.0	0.0	0.0	0.0	0.0	0.0	0.0	0.0	0.0	0.0	0.0	0.0	0.0	0.0	0.0	0.0	0.0	0.0	0.0	0.0	0.0	0.0	0.0	0.0
0.0	0.0	0.0	0.9862	0.0	0.0	0.0	0.0	0.0027	0.0	0.0	0.0	0.0027	0.0	0.0	0.0027	0.0	0.0	0.0027	0.0027	0.0	0.0	0.0	0.0	0.0	0.0	0.0	0.0	0.0	0.0	0.0	0.0	0.0	0.0	0.0	0.0	0.0	0.0	0.0	0.0	0.0	0.0	0.0	0.0	0.0	0.0	0.0	0.0	0.0	0.0	0.0	0.0	0.0	0.0	0.0	0.0	0.0	0.0	0.0	0.0	0.0	0.0	0.0
0.0	0.0	0.0	0.0027	0.0027	0.0	0.0	0.0	0.0	0.0	0.0	0.0	0.0	0.0	0.0	0.0	0.0	0.0	0.9836	0.0	0.0	0.0	0.0	0.0	0.0	0.0	0.0	0.0	0.0027	0.0	0.0	0.0	0.0	0.0	0.0027	0.0	0.0	0.0027	0.0	0.0	0.0027	0.0	0.0	0.0	0.0	0.0	0.0	0.0	0.0	0.0	0.0	0.0	0.0	0.0	0.0	0.0	0.0	0.0	0.0	0.0	0.0	0.0	0.0
0.0	0.0	0.0	0.9862	0.0	0.0	0.0	0.0	0.0027	0.0	0.0	0.0	0.0027	0.0	0.0	0.0027	0.0	0.0	0.0027	0.0027	0.0	0.0	0.0	0.0	0.0	0.0	0.0	0.0	0.0	0.0	0.0	0.0	0.0	0.0	0.0	0.0	0.0	0.0	0.0	0.0	0.0	0.0	0.0	0.0	0.0	0.0	0.0	0.0	0.0	0.0	0.0	0.0	0.0	0.0	0.0	0.0	0.0	0.0	0.0	0.0	0.0	0.0	0.0
0.0005	0.838	0.0005	0.0005	0.0005	0.0005	0.0297	0.0	0.0	0.0	0.0	0.0297	0.0297	0.0297	0.0297	0.0	0.0	0.0	0.0	0.0	0.0	0.001	0.001	0.001	0.001	0.0	0.0	0.0	0.0	0.0	0.0	0.001	0.001	0.001	0.001	0.001	0.001	0.0	0.0	0.0	0.0	0.0	0.0	0.0	0.0	0.0	0.0	0.0	0.0	0.0	0.0	0.0	0.0	0.0	0.0	0.0	0.0	0.0	0.0	0.0	0.0	0.0	0.0
0.0	0.9651	0.0	0.0	0.0	0.0	0.0069	0.0	0.0	0.0	0.0	0.0069	0.0069	0.0069	0.0069	0.0	0.0	0.0	0.0	0.0	0.0	0.0	0.0	0.0	0.0	0.0	0.0	0.0	0.0	0.0	0.0	0.0	0.0	0.0	0.0	0.0	0.0	0.0	0.0	0.0	0.0	0.0	0.0	0.0	0.0	0.0	0.0	0.0	0.0	0.0	0.0	0.0	0.0	0.0	0.0	0.0	0.0	0.0	0.0	0.0	0.0	0.0	0.0
0.0	0.9651	0.0	0.0	0.0	0.0	0.0069	0.0	0.0	0.0	0.0	0.0069	0.0069	0.0069	0.0069	0.0	0.0	0.0	0.0	0.0	0.0	0.0	0.0	0.0	0.0	0.0	0.0	0.0	0.0	0.0	0.0	0.0	0.0	0.0	0.0	0.0	0.0	0.0	0.0	0.0	0.0	0.0	0.0	0.0	0.0	0.0	0.0	0.0	0.0	0.0	0.0	0.0	0.0	0.0	0.0	0.0	0.0	0.0	0.0	0.0	0.0	0.0	0.0
0.0011	0.0011	0.0011	0.7646	0.0011	0.0011	0.0001	0.0001	0.0412	0.0001	0.0001	0.0001	0.0412	0.0001	0.0001	0.0412	0.0001	0.0001	0.0412	0.0412	0.0001	0.0	0.0022	0.0	0.0	0.0022	0.0	0.0	0.0022	0.0022	0.0	0.0022	0.0	0.0	0.0022	0.0022	0.0	0.0022	0.0022	0.0	0.0022	0.0001	0.0	0.0	0.0001	0.0001	0.0	0.0001	0.0001	0.0	0.0001	0.0001	0.0001	0.0	0.0001	0.0001	0.0	0.0	0.0	0.0	0.0	0.0	0.0
0.0002	0.0002	0.0002	0.8864	0.0002	0.0002	0.0	0.0	0.0214	0.0	0.0	0.0	0.0214	0.0	0.0	0.0214	0.0	0.0	0.0214	0.0214	0.0	0.0	0.0005	0.0	0.0	0.0005	0.0	0.0	0.0005	0.0005	0.0	0.0005	0.0	0.0	0.0005	0.0005	0.0	0.0005	0.0005	0.0	0.0005	0.0	0.0	0.0	0.0	0.0	0.0	0.0	0.0	0.0	0.0	0.0	0.0	0.0	0.0	0.0	0.0	0.0	0.0	0.0	0.0	0.0	0.0
0.0002	0.0002	0.0002	0.8989	0.0002	0.0002	0.0	0.0	0.0192	0.0	0.0	0.0	0.0192	0.0	0.0	0.0192	0.0	0.0	0.0192	0.0192	0.0	0.0	0.0004	0.0	0.0	0.0004	0.0	0.0	0.0004	0.0004	0.0	0.0004	0.0	0.0	0.0004	0.0004	0.0	0.0004	0.0004	0.0	0.0004	0.0	0.0	0.0	0.0	0.0	0.0	0.0	0.0	0.0	0.0	0.0	0.0	0.0	0.0	0.0	0.0	0.0	0.0	0.0	0.0	0.0	0.0
0.0002	0.0002	0.0002	0.8989	0.0002	0.0002	0.0	0.0	0.0192	0.0	0.0	0.0	0.0192	0.0	0.0	0.0192	0.0	0.0	0.0192	0.0192	0.0	0.0	0.0004	0.0	0.0	0.0004	0.0	0.0	0.0004	0.0004	0.0	0.0004	0.0	0.0	0.0004	0.0004	0.0	0.0004	0.0004	0.0	0.0004	0.0	0.0	0.0	0.0	0.0	0.0	0.0	0.0	0.0	0.0	0.0	0.0	0.0	0.0	0.0	0.0	0.0	0.0	0.0	0.0	0.0	0.0
0.8884	0.0002	0.0002	0.0002	0.0002	0.0002	0.0211	0.0211	0.0211	0.0211	0.0211	0.0	0.0	0.0	0.0	0.0	0.0	0.0	0.0	0.0	0.0	0.0005	0.0005	0.0005	0.0005	0.0005	0.0005	0.0005	0.0005	0.0005	0.0005	0.0	0.0	0.0	0.0	0.0	0.0	0.0	0.0	0.0	0.0	0.0	0.0	0.0	0.0	0.0	0.0	0.0	0.0	0.0	0.0	0.0	0.0	0.0	0.0	0.0	0.0	0.0	0.0	0.0	0.0	0.0	0.0
0.0205	0.0205	0.0	0.0	0.0	0.0	0.8698	0.0007	0.0007	0.0007	0.0007	0.0007	0.0007	0.0007	0.0007	0.0	0.0	0.0	0.0	0.0	0.0	0.0201	0.0201	0.0201	0.0201	0.0	0.0	0.0	0.0	0.0	0.0	0.0	0.0	0.0	0.0	0.0	0.0	0.0	0.0	0.0	0.0	0.0005	0.0005	0.0005	0.0005	0.0005	0.0005	0.0	0.0	0.0	0.0	0.0	0.0	0.0	0.0	0.0	0.0	0.0	0.0	0.0	0.0	0.0	0.0
0.8841	0.0003	0.0003	0.0003	0.0003	0.0003	0.0218	0.0218	0.0218	0.0218	0.0218	0.0	0.0	0.0	0.0	0.0	0.0	0.0	0.0	0.0	0.0	0.0005	0.0005	0.0005	0.0005	0.0005	0.0005	0.0005	0.0005	0.0005	0.0005	0.0	0.0	0.0	0.0	0.0	0.0	0.0	0.0	0.0	0.0	0.0	0.0	0.0	0.0	0.0	0.0	0.0	0.0	0.0	0.0	0.0	0.0	0.0	0.0	0.0	0.0	0.0	0.0	0.0	0.0	0.0	0.0
0.9412	0.0001	0.0001	0.0001	0.0001	0.0001	0.0114	0.0114	0.0114	0.0114	0.0114	0.0	0.0	0.0	0.0	0.0	0.0	0.0	0.0	0.0	0.0	0.0001	0.0001	0.0001	0.0001	0.0001	0.0001	0.0001	0.0001	0.0001	0.0001	0.0	0.0	0.0	0.0	0.0	0.0	0.0	0.0	0.0	0.0	0.0	0.0	0.0	0.0	0.0	0.0	0.0	0.0	0.0	0.0	0.0	0.0	0.0	0.0	0.0	0.0	0.0	0.0	0.0	0.0	0.0	0.0
0.9412	0.0001	0.0001	0.0001	0.0001	0.0001	0.0114	0.0114	0.0114	0.0114	0.0114	0.0	0.0	0.0	0.0	0.0	0.0	0.0	0.0	0.0	0.0	0.0001	0.0001	0.0001	0.0001	0.0001	0.0001	0.0001	0.0001	0.0001	0.0001	0.0	0.0	0.0	0.0	0.0	0.0	0.0	0.0	0.0	0.0	0.0	0.0	0.0	0.0	0.0	0.0	0.0	0.0	0.0	0.0	0.0	0.0	0.0	0.0	0.0	0.0	0.0	0.0	0.0	0.0	0.0	0.0
0.8513	0.0004	0.0004	0.0004	0.0004	0.0004	0.0275	0.0275	0.0275	0.0275	0.0275	0.0	0.0	0.0	0.0	0.0	0.0	0.0	0.0	0.0	0.0	0.0009	0.0009	0.0009	0.0009	0.0009	0.0009	0.0009	0.0009	0.0009	0.0009	0.0	0.0	0.0	0.0	0.0	0.0	0.0	0.0	0.0	0.0	0.0	0.0	0.0	0.0	0.0	0.0	0.0	0.0	0.0	0.0	0.0	0.0	0.0	0.0	0.0	0.0	0.0	0.0	0.0	0.0	0.0	0.0
0.9382	0.0001	0.0001	0.0001	0.0001	0.0001	0.012	0.012	0.012	0.012	0.012	0.0	0.0	0.0	0.0	0.0	0.0	0.0	0.0	0.0	0.0	0.0002	0.0002	0.0002	0.0002	0.0002	0.0002	0.0002	0.0002	0.0002	0.0002	0.0	0.0	0.0	0.0	0.0	0.0	0.0	0.0	0.0	0.0	0.0	0.0	0.0	0.0	0.0	0.0	0.0	0.0	0.0	0.0	0.0	0.0	0.0	0.0	0.0	0.0	0.0	0.0	0.0	0.0	0.0	0.0
0.9417	0.0001	0.0001	0.0001	0.0001	0.0001	0.0113	0.0113	0.0113	0.0113	0.0113	0.0	0.0	0.0	0.0	0.0	0.0	0.0	0.0	0.0	0.0	0.0001	0.0001	0.0001	0.0001	0.0001	0.0001	0.0001	0.0001	0.0001	0.0001	0.0	0.0	0.0	0.0	0.0	0.0	0.0	0.0	0.0	0.0	0.0	0.0	0.0	0.0	0.0	0.0	0.0	0.0	0.0	0.0	0.0	0.0	0.0	0.0	0.0	0.0	0.0	0.0	0.0	0.0	0.0	0.0
0.9586	0.0	0.0	0.0	0.0	0.0	0.0081	0.0081	0.0081	0.0081	0.0081	0.0	0.0	0.0	0.0	0.0	0.0	0.0	0.0	0.0	0.0	0.0001	0.0001	0.0001	0.0001	0.0001	0.0001	0.0001	0.0001	0.0001	0.0001	0.0	0.0	0.0	0.0	0.0	0.0	0.0	0.0	0.0	0.0	0.0	0.0	0.0	0.0	0.0	0.0	0.0	0.0	0.0	0.0	0.0	0.0	0.0	0.0	0.0	0.0	0.0	0.0	0.0	0.0	0.0	0.0
0.9586	0.0	0.0	0.0	0.0	0.0	0.0081	0.0081	0.0081	0.0081	0.0081	0.0	0.0	0.0	0.0	0.0	0.0	0.0	0.0	0.0	0.0	0.0001	0.0001	0.0001	0.0001	0.0001	0.0001	0.0001	0.0001	0.0001	0.0001	0.0	0.0	0.0	0.0	0.0	0.0	0.0	0.0	0.0	0.0	0.0	0.0	0.0	0.0	0.0	0.0	0.0	0.0	0.0	0.0	0.0	0.0	0.0	0.0	0.0	0.0	0.0	0.0	0.0	0.0	0.0	0.0
0.9016	0.0002	0.0002	0.0002	0.0002	0.0002	0.0187	0.0187	0.0187	0.0187	0.0187	0.0	0.0	0.0	0.0	0.0	0.0	0.0	0.0	0.0	0.0	0.0004	0.0004	0.0004	0.0004	0.0004	0.0004	0.0004	0.0004	0.0004	0.0004	0.0	0.0	0.0	0.0	0.0	0.0	0.0	0.0	0.0	0.0	0.0	0.0	0.0	0.0	0.0	0.0	0.0	0.0	0.0	0.0	0.0	0.0	0.0	0.0	0.0	0.0	0.0	0.0	0.0	0.0	0.0	0.0
0.9365	0.0001	0.0001	0.0001	0.0001	0.0001	0.0123	0.0123	0.0123	0.0123	0.0123	0.0	0.0	0.0	0.0	0.0	0.0	0.0	0.0	0.0	0.0	0.0002	0.0002	0.0002	0.0002	0.0002	0.0002	0.0002	0.0002	0.0002	0.0002	0.0	0.0	0.0	0.0	0.0	0.0	0.0	0.0	0.0	0.0	0.0	0.0	0.0	0.0	0.0	0.0	0.0	0.0	0.0	0.0	0.0	0.0	0.0	0.0	0.0	0.0	0.0	0.0	0.0	0.0	0.0	0.0
0.9506	0.0	0.0	0.0	0.0	0.0	0.0096	0.0096	0.0096	0.0096	0.0096	0.0	0.0	0.0	0.0	0.0	0.0	0.0	0.0	0.0	0.0	0.0001	0.0001	0.0001	0.0001	0.0001	0.0001	0.0001	0.0001	0.0001	0.0001	0.0	0.0	0.0	0.0	0.0	0.0	0.0	0.0	0.0	0.0	0.0	0.0	0.0	0.0	0.0	0.0	0.0	0.0	0.0	0.0	0.0	0.0	0.0	0.0	0.0	0.0	0.0	0.0	0.0	0.0	0.0	0.0
0.9588	0.0	0.0	0.0	0.0	0.0	0.0081	0.0081	0.0081	0.0081	0.0081	0.0	0.0	0.0	0.0	0.0	0.0	0.0	0.0	0.0	0.0	0.0001	0.0001	0.0001	0.0001	0.0001	0.0001	0.0001	0.0001	0.0001	0.0001	0.0	0.0	0.0	0.0	0.0	0.0	0.0	0.0	0.0	0.0	0.0	0.0	0.0	0.0	0.0	0.0	0.0	0.0	0.0	0.0	0.0	0.0	0.0	0.0	0.0	0.0	0.0	0.0	0.0	0.0	0.0	0.0
0.9684	0.0	0.0	0.0	0.0	0.0	0.0062	0.0062	0.0062	0.0062	0.0062	0.0	0.0	0.0	0.0	0.0	0.0	0.0	0.0	0.0	0.0	0.0	0.0	0.0	0.0	0.0	0.0	0.0	0.0	0.0	0.0	0.0	0.0	0.0	0.0	0.0	0.0	0.0	0.0	0.0	0.0	0.0	0.0	0.0	0.0	0.0	0.0	0.0	0.0	0.0	0.0	0.0	0.0	0.0	0.0	0.0	0.0	0.0	0.0	0.0	0.0	0.0	0.0
0.9684	0.0	0.0	0.0	0.0	0.0	0.0062	0.0062	0.0062	0.0062	0.0062	0.0	0.0	0.0	0.0	0.0	0.0	0.0	0.0	0.0	0.0	0.0	0.0	0.0	0.0	0.0	0.0	0.0	0.0	0.0	0.0	0.0	0.0	0.0	0.0	0.0	0.0	0.0	0.0	0.0	0.0	0.0	0.0	0.0	0.0	0.0	0.0	0.0	0.0	0.0	0.0	0.0	0.0	0.0	0.0	0.0	0.0	0.0	0.0	0.0	0.0	0.0	0.0
0.9059	0.0002	0.0002	0.0002	0.0002	0.0002	0.0179	0.0179	0.0179	0.0179	0.0179	0.0	0.0	0.0	0.0	0.0	0.0	0.0	0.0	0.0	0.0	0.0003	0.0003	0.0003	0.0003	0.0003	0.0003	0.0003	0.0003	0.0003	0.0003	0.0	0.0	0.0	0.0	0.0	0.0	0.0	0.0	0.0	0.0	0.0	0.0	0.0	0.0	0.0	0.0	0.0	0.0	0.0	0.0	0.0	0.0	0.0	0.0	0.0	0.0	0.0	0.0	0.0	0.0	0.0	0.0
0.9418	0.0001	0.0001	0.0001	0.0001	0.0001	0.0113	0.0113	0.0113	0.0113	0.0113	0.0	0.0	0.0	0.0	0.0	0.0	0.0	0.0	0.0	0.0	0.0001	0.0001	0.0001	0.0001	0.0001	0.0001	0.0001	0.0001	0.0001	0.0001	0.0	0.0	0.0	0.0	0.0	0.0	0.0	0.0	0.0	0.0	0.0	0.0	0.0	0.0	0.0	0.0	0.0	0.0	0.0	0.0	0.0	0.0	0.0	0.0	0.0	0.0	0.0	0.0	0.0	0.0	0.0	0.0
0.9641	0.0	0.0	0.0	0.0	0.0	0.0071	0.0071	0.0071	0.0071	0.0071	0.0	0.0	0.0	0.0	0.0	0.0	0.0	0.0	0.0	0.0	0.0001	0.0001	0.0001	0.0001	0.0001	0.0001	0.0001	0.0001	0.0001	0.0001	0.0	0.0	0.0	0.0	0.0	0.0	0.0	0.0	0.0	0.0	0.0	0.0	0.0	0.0	0.0	0.0	0.0	0.0	0.0	0.0	0.0	0.0	0.0	0.0	0.0	0.0	0.0	0.0	0.0	0.0	0.0	0.0
0.9641	0.0	0.0	0.0	0.0	0.0	0.0071	0.0071	0.0071	0.0071	0.0071	0.0	0.0	0.0	0.0	0.0	0.0	0.0	0.0	0.0	0.0	0.0001	0.0001	0.0001	0.0001	0.0001	0.0001	0.0001	0.0001	0.0001	0.0001	0.0	0.0	0.0	0.0	0.0	0.0	0.0	0.0	0.0	0.0	0.0	0.0	0.0	0.0	0.0	0.0	0.0	0.0	0.0	0.0	0.0	0.0	0.0	0.0	0.0	0.0	0.0	0.0	0.0	0.0	0.0	0.0
0.9625	0.0	0.0	0.0	0.0	0.0	0.0074	0.0074	0.0074	0.0074	0.0074	0.0	0.0	0.0	0.0	0.0	0.0	0.0	0.0	0.0	0.0	0.0001	0.0001	0.0001	0.0001	0.0001	0.0001	0.0001	0.0001	0.0001	0.0001	0.0	0.0	0.0	0.0	0.0	0.0	0.0	0.0	0.0	0.0	0.0	0.0	0.0	0.0	0.0	0.0	0.0	0.0	0.0	0.0	0.0	0.0	0.0	0.0	0.0	0.0	0.0	0.0	0.0	0.0	0.0	0.0
0.9625	0.0	0.0	0.0	0.0	0.0	0.0074	0.0074	0.0074	0.0074	0.0074	0.0	0.0	0.0	0.0	0.0	0.0	0.0	0.0	0.0	0.0	0.0001	0.0001	0.0001	0.0001	0.0001	0.0001	0.0001	0.0001	0.0001	0.0001	0.0	0.0	0.0	0.0	0.0	0.0	0.0	0.0	0.0	0.0	0.0	0.0	0.0	0.0	0.0	0.0	0.0	0.0	0.0	0.0	0.0	0.0	0.0	0.0	0.0	0.0	0.0	0.0	0.0	0.0	0.0	0.0
0.9523	0.0	0.0	0.0	0.0	0.0	0.0093	0.0093	0.0093	0.0093	0.0093	0.0	0.0	0.0	0.0	0.0	0.0	0.0	0.0	0.0	0.0	0.0001	0.0001	0.0001	0.0001	0.0001	0.0001	0.0001	0.0001	0.0001	0.0001	0.0	0.0	0.0	0.0	0.0	0.0	0.0	0.0	0.0	0.0	0.0	0.0	0.0	0.0	0.0	0.0	0.0	0.0	0.0	0.0	0.0	0.0	0.0	0.0	0.0	0.0	0.0	0.0	0.0	0.0	0.0	0.0
0.9523	0.0	0.0	0.0	0.0	0.0	0.0093	0.0093	0.0093	0.0093	0.0093	0.0	0.0	0.0	0.0	0.0	0.0	0.0	0.0	0.0	0.0	0.0001	0.0001	0.0001	0.0001	0.0001	0.0001	0.0001	0.0001	0.0001	0.0001	0.0	0.0	0.0	0.0	0.0	0.0	0.0	0.0	0.0	0.0	0.0	0.0	0.0	0.0	0.0	0.0	0.0	0.0	0.0	0.0	0.0	0.0	0.0	0.0	0.0	0.0	0.0	0.0	0.0	0.0	0.0	0.0
0.9532	0.0	0.0	0.0	0.0	0.0	0.0091	0.0091	0.0091	0.0091	0.0091	0.0	0.0	0.0	0.0	0.0	0.0	0.0	0.0	0.0	0.0	0.0001	0.0001	0.0001	0.0001	0.0001	0.0001	0.0001	0.0001	0.0001	0.0001	0.0	0.0	0.0	0.0	0.0	0.0	0.0	0.0	0.0	0.0	0.0	0.0	0.0	0.0	0.0	0.0	0.0	0.0	0.0	0.0	0.0	0.0	0.0	0.0	0.0	0.0	0.0	0.0	0.0	0.0	0.0	0.0
0.9532	0.0	0.0	0.0	0.0	0.0	0.0091	0.0091	0.0091	0.0091	0.0091	0.0	0.0	0.0	0.0	0.0	0.0	0.0	0.0	0.0	0.0	0.0001	0.0001	0.0001	0.0001	0.0001	0.0001	0.0001	0.0001	0.0001	0.0001	0.0	0.0	0.0	0.0	0.0	0.0	0.0	0.0	0.0	0.0	0.0	0.0	0.0	0.0	0.0	0.0	0.0	0.0	0.0	0.0	0.0	0.0	0.0	0.0	0.0	0.0	0.0	0.0	0.0	0.0	0.0	0.0
0.798	0.0008	0.0008	0.0008	0.0008	0.0008	0.0361	0.0361	0.0361	0.0361	0.0361	0.0001	0.0001	0.0001	0.0001	0.0001	0.0001	0.0001	0.0001	0.0001	0.0001	0.0016	0.0016	0.0016	0.0016	0.0016	0.0016	0.0016	0.0016	0.0016	0.0016	0.0	0.0	0.0	0.0	0.0	0.0	0.0	0.0	0.0	0.0	0.0001	0.0001	0.0001	0.0001	0.0001	0.0001	0.0001	0.0001	0.0001	0.0001	0.0	0.0	0.0	0.0	0.0	0.0	0.0	0.0	0.0	0.0	0.0	0.0
0.8851	0.0002	0.0002	0.0002	0.0002	0.0002	0.0217	0.0217	0.0217	0.0217	0.0217	0.0	0.0	0.0	0.0	0.0	0.0	0.0	0.0	0.0	0.0	0.0005	0.0005	0.0005	0.0005	0.0005	0.0005	0.0005	0.0005	0.0005	0.0005	0.0	0.0	0.0	0.0	0.0	0.0	0.0	0.0	0.0	0.0	0.0	0.0	0.0	0.0	0.0	0.0	0.0	0.0	0.0	0.0	0.0	0.0	0.0	0.0	0.0	0.0	0.0	0.0	0.0	0.0	0.0	0.0
0.8851	0.0002	0.0002	0.0002	0.0002	0.0002	0.0217	0.0217	0.0217	0.0217	0.0217	0.0	0.0	0.0	0.0	0.0	0.0	0.0	0.0	0.0	0.0	0.0005	0.0005	0.0005	0.0005	0.0005	0.0005	0.0005	0.0005	0.0005	0.0005	0.0	0.0	0.0	0.0	0.0	0.0	0.0	0.0	0.0	0.0	0.0	0.0	0.0	0.0	0.0	0.0	0.0	0.0	0.0	0.0	0.0	0.0	0.0	0.0	0.0	0.0	0.0	0.0	0.0	0.0	0.0	0.0
0.8766	0.0003	0.0003	0.0003	0.0003	0.0003	0.0231	0.0231	0.0231	0.0231	0.0231	0.0	0.0	0.0	0.0	0.0	0.0	0.0	0.0	0.0	0.0	0.0006	0.0006	0.0006	0.0006	0.0006	0.0006	0.0006	0.0006	0.0006	0.0006	0.0	0.0	0.0	0.0	0.0	0.0	0.0	0.0	0.0	0.0	0.0	0.0	0.0	0.0	0.0	0.0	0.0	0.0	0.0	0.0	0.0	0.0	0.0	0.0	0.0	0.0	0.0	0.0	0.0	0.0	0.0	0.0
0.8931	0.0002	0.0002	0.0002	0.0002	0.0002	0.0202	0.0202	0.0202	0.0202	0.0202	0.0	0.0	0.0	0.0	0.0	0.0	0.0	0.0	0.0	0.0	0.0004	0.0004	0.0004	0.0004	0.0004	0.0004	0.0004	0.0004	0.0004	0.0004	0.0	0.0	0.0	0.0	0.0	0.0	0.0	0.0	0.0	0.0	0.0	0.0	0.0	0.0	0.0	0.0	0.0	0.0	0.0	0.0	0.0	0.0	0.0	0.0	0.0	0.0	0.0	0.0	0.0	0.0	0.0	0.0
0.953	0.0	0.0	0.0	0.0	0.0	0.0092	0.0092	0.0092	0.0092	0.0092	0.0	0.0	0.0	0.0	0.0	0.0	0.0	0.0	0.0	0.0	0.0001	0.0001	0.0001	0.0001	0.0001	0.0001	0.0001	0.0001	0.0001	0.0001	0.0	0.0	0.0	0.0	0.0	0.0	0.0	0.0	0.0	0.0	0.0	0.0	0.0	0.0	0.0	0.0	0.0	0.0	0.0	0.0	0.0	0.0	0.0	0.0	0.0	0.0	0.0	0.0	0.0	0.0	0.0	0.0
0.953	0.0	0.0	0.0	0.0	0.0	0.0092	0.0092	0.0092	0.0092	0.0092	0.0	0.0	0.0	0.0	0.0	0.0	0.0	0.0	0.0	0.0	0.0001	0.0001	0.0001	0.0001	0.0001	0.0001	0.0001	0.0001	0.0001	0.0001	0.0	0.0	0.0	0.0	0.0	0.0	0.0	0.0	0.0	0.0	0.0	0.0	0.0	0.0	0.0	0.0	0.0	0.0	0.0	0.0	0.0	0.0	0.0	0.0	0.0	0.0	0.0	0.0	0.0	0.0	0.0	0.0
0.9295	0.0001	0.0001	0.0001	0.0001	0.0001	0.0136	0.0136	0.0136	0.0136	0.0136	0.0	0.0	0.0	0.0	0.0	0.0	0.0	0.0	0.0	0.0	0.0002	0.0002	0.0002	0.0002	0.0002	0.0002	0.0002	0.0002	0.0002	0.0002	0.0	0.0	0.0	0.0	0.0	0.0	0.0	0.0	0.0	0.0	0.0	0.0	0.0	0.0	0.0	0.0	0.0	0.0	0.0	0.0	0.0	0.0	0.0	0.0	0.0	0.0	0.0	0.0	0.0	0.0	0.0	0.0
0.9359	0.0001	0.0001	0.0001	0.0001	0.0001	0.0124	0.0124	0.0124	0.0124	0.0124	0.0	0.0	0.0	0.0	0.0	0.0	0.0	0.0	0.0	0.0	0.0002	0.0002	0.0002	0.0002	0.0002	0.0002	0.0002	0.0002	0.0002	0.0002	0.0	0.0	0.0	0.0	0.0	0.0	0.0	0.0	0.0	0.0	0.0	0.0	0.0	0.0	0.0	0.0	0.0	0.0	0.0	0.0	0.0	0.0	0.0	0.0	0.0	0.0	0.0	0.0	0.0	0.0	0.0	0.0
0.9359	0.0001	0.0001	0.0001	0.0001	0.0001	0.0124	0.0124	0.0124	0.0124	0.0124	0.0	0.0	0.0	0.0	0.0	0.0	0.0	0.0	0.0	0.0	0.0002	0.0002	0.0002	0.0002	0.0002	0.0002	0.0002	0.0002	0.0002	0.0002	0.0	0.0	0.0	0.0	0.0	0.0	0.0	0.0	0.0	0.0	0.0	0.0	0.0	0.0	0.0	0.0	0.0	0.0	0.0	0.0	0.0	0.0	0.0	0.0	0.0	0.0	0.0	0.0	0.0	0.0	0.0	0.0
0.9432	0.0001	0.0001	0.0001	0.0001	0.0001	0.011	0.011	0.011	0.011	0.011	0.0	0.0	0.0	0.0	0.0	0.0	0.0	0.0	0.0	0.0	0.0001	0.0001	0.0001	0.0001	0.0001	0.0001	0.0001	0.0001	0.0001	0.0001	0.0	0.0	0.0	0.0	0.0	0.0	0.0	0.0	0.0	0.0	0.0	0.0	0.0	0.0	0.0	0.0	0.0	0.0	0.0	0.0	0.0	0.0	0.0	0.0	0.0	0.0	0.0	0.0	0.0	0.0	0.0	0.0
0.9432	0.0001	0.0001	0.0001	0.0001	0.0001	0.011	0.011	0.011	0.011	0.011	0.0	0.0	0.0	0.0	0.0	0.0	0.0	0.0	0.0	0.0	0.0001	0.0001	0.0001	0.0001	0.0001	0.0001	0.0001	0.0001	0.0001	0.0001	0.0	0.0	0.0	0.0	0.0	0.0	0.0	0.0	0.0	0.0	0.0	0.0	0.0	0.0	0.0	0.0	0.0	0.0	0.0	0.0	0.0	0.0	0.0	0.0	0.0	0.0	0.0	0.0	0.0	0.0	0.0	0.0
0.9236	0.0001	0.0001	0.0001	0.0001	0.0001	0.0147	0.0147	0.0147	0.0147	0.0147	0.0	0.0	0.0	0.0	0.0	0.0	0.0	0.0	0.0	0.0	0.0002	0.0002	0.0002	0.0002	0.0002	0.0002	0.0002	0.0002	0.0002	0.0002	0.0	0.0	0.0	0.0	0.0	0.0	0.0	0.0	0.0	0.0	0.0	0.0	0.0	0.0	0.0	0.0	0.0	0.0	0.0	0.0	0.0	0.0	0.0	0.0	0.0	0.0	0.0	0.0	0.0	0.0	0.0	0.0
0.9614	0.0	0.0	0.0	0.0	0.0	0.0076	0.0076	0.0076	0.0076	0.0076	0.0	0.0	0.0	0.0	0.0	0.0	0.0	0.0	0.0	0.0	0.0001	0.0001	0.0001	0.0001	0.0001	0.0001	0.0001	0.0001	0.0001	0.0001	0.0	0.0	0.0	0.0	0.0	0.0	0.0	0.0	0.0	0.0	0.0	0.0	0.0	0.0	0.0	0.0	0.0	0.0	0.0	0.0	0.0	0.0	0.0	0.0	0.0	0.0	0.0	0.0	0.0	0.0	0.0	0.0
0.9614	0.0	0.0	0.0	0.0	0.0	0.0076	0.0076	0.0076	0.0076	0.0076	0.0	0.0	0.0	0.0	0.0	0.0	0.0	0.0	0.0	0.0	0.0001	0.0001	0.0001	0.0001	0.0001	0.0001	0.0001	0.0001	0.0001	0.0001	0.0	0.0	0.0	0.0	0.0	0.0	0.0	0.0	0.0	0.0	0.0	0.0	0.0	0.0	0.0	0.0	0.0	0.0	0.0	0.0	0.0	0.0	0.0	0.0	0.0	0.0	0.0	0.0	0.0	0.0	0.0	0.0
0.9276	0.0001	0.0001	0.0001	0.0001	0.0001	0.014	0.014	0.014	0.014	0.014	0.0	0.0	0.0	0.0	0.0	0.0	0.0	0.0	0.0	0.0	0.0002	0.0002	0.0002	0.0002	0.0002	0.0002	0.0002	0.0002	0.0002	0.0002	0.0	0.0	0.0	0.0	0.0	0.0	0.0	0.0	0.0	0.0	0.0	0.0	0.0	0.0	0.0	0.0	0.0	0.0	0.0	0.0	0.0	0.0	0.0	0.0	0.0	0.0	0.0	0.0	0.0	0.0	0.0	0.0
0.8208	0.0006	0.0006	0.0006	0.0006	0.0006	0.0325	0.0325	0.0325	0.0325	0.0325	0.0	0.0	0.0	0.0	0.0	0.0	0.0	0.0	0.0	0.0	0.0013	0.0013	0.0013	0.0013	0.0013	0.0013	0.0013	0.0013	0.0013	0.0013	0.0	0.0	0.0	0.0	0.0	0.0	0.0	0.0	0.0	0.0	0.0	0.0	0.0	0.0	0.0	0.0	0.0	0.0	0.0	0.0	0.0	0.0	0.0	0.0	0.0	0.0	0.0	0.0	0.0	0.0	0.0	0.0
0.8208	0.0006	0.0006	0.0006	0.0006	0.0006	0.0325	0.0325	0.0325	0.0325	0.0325	0.0	0.0	0.0	0.0	0.0	0.0	0.0	0.0	0.0	0.0	0.0013	0.0013	0.0013	0.0013	0.0013	0.0013	0.0013	0.0013	0.0013	0.0013	0.0	0.0	0.0	0.0	0.0	0.0	0.0	0.0	0.0	0.0	0.0	0.0	0.0	0.0	0.0	0.0	0.0	0.0	0.0	0.0	0.0	0.0	0.0	0.0	0.0	0.0	0.0	0.0	0.0	0.0	0.0	0.0
0.7998	0.0008	0.0008	0.0008	0.0008	0.0008	0.0359	0.0359	0.0359	0.0359	0.0359	0.0001	0.0001	0.0001	0.0001	0.0001	0.0001	0.0001	0.0001	0.0001	0.0001	0.0016	0.0016	0.0016	0.0016	0.0016	0.0016	0.0016	0.0016	0.0016	0.0016	0.0	0.0	0.0	0.0	0.0	0.0	0.0	0.0	0.0	0.0	0.0001	0.0001	0.0001	0.0001	0.0001	0.0001	0.0001	0.0001	0.0001	0.0001	0.0	0.0	0.0	0.0	0.0	0.0	0.0	0.0	0.0	0.0	0.0	0.0
0.8843	0.0003	0.0003	0.0003	0.0003	0.0003	0.0218	0.0218	0.0218	0.0218	0.0218	0.0	0.0	0.0	0.0	0.0	0.0	0.0	0.0	0.0	0.0	0.0005	0.0005	0.0005	0.0005	0.0005	0.0005	0.0005	0.0005	0.0005	0.0005	0.0	0.0	0.0	0.0	0.0	0.0	0.0	0.0	0.0	0.0	0.0	0.0	0.0	0.0	0.0	0.0	0.0	0.0	0.0	0.0	0.0	0.0	0.0	0.0	0.0	0.0	0.0	0.0	0.0	0.0	0.0	0.0
0.8966	0.0002	0.0002	0.0002	0.0002	0.0002	0.0196	0.0196	0.0196	0.0196	0.0196	0.0	0.0	0.0	0.0	0.0	0.0	0.0	0.0	0.0	0.0	0.0004	0.0004	0.0004	0.0004	0.0004	0.0004	0.0004	0.0004	0.0004	0.0004	0.0	0.0	0.0	0.0	0.0	0.0	0.0	0.0	0.0	0.0	0.0	0.0	0.0	0.0	0.0	0.0	0.0	0.0	0.0	0.0	0.0	0.0	0.0	0.0	0.0	0.0	0.0	0.0	0.0	0.0	0.0	0.0
0.9095	0.0002	0.0002	0.0002	0.0002	0.0002	0.0173	0.0173	0.0173	0.0173	0.0173	0.0	0.0	0.0	0.0	0.0	0.0	0.0	0.0	0.0	0.0	0.0003	0.0003	0.0003	0.0003	0.0003	0.0003	0.0003	0.0003	0.0003	0.0003	0.0	0.0	0.0	0.0	0.0	0.0	0.0	0.0	0.0	0.0	0.0	0.0	0.0	0.0	0.0	0.0	0.0	0.0	0.0	0.0	0.0	0.0	0.0	0.0	0.0	0.0	0.0	0.0	0.0	0.0	0.0	0.0
0.9095	0.0002	0.0002	0.0002	0.0002	0.0002	0.0173	0.0173	0.0173	0.0173	0.0173	0.0	0.0	0.0	0.0	0.0	0.0	0.0	0.0	0.0	0.0	0.0003	0.0003	0.0003	0.0003	0.0003	0.0003	0.0003	0.0003	0.0003	0.0003	0.0	0.0	0.0	0.0	0.0	0.0	0.0	0.0	0.0	0.0	0.0	0.0	0.0	0.0	0.0	0.0	0.0	0.0	0.0	0.0	0.0	0.0	0.0	0.0	0.0	0.0	0.0	0.0	0.0	0.0	0.0	0.0
0.8901	0.0002	0.0002	0.0002	0.0002	0.0002	0.0208	0.0208	0.0208	0.0208	0.0208	0.0	0.0	0.0	0.0	0.0	0.0	0.0	0.0	0.0	0.0	0.0005	0.0005	0.0005	0.0005	0.0005	0.0005	0.0005	0.0005	0.0005	0.0005	0.0	0.0	0.0	0.0	0.0	0.0	0.0	0.0	0.0	0.0	0.0	0.0	0.0	0.0	0.0	0.0	0.0	0.0	0.0	0.0	0.0	0.0	0.0	0.0	0.0	0.0	0.0	0.0	0.0	0.0	0.0	0.0
0.9566	0.0	0.0	0.0	0.0	0.0	0.0085	0.0085	0.0085	0.0085	0.0085	0.0	0.0	0.0	0.0	0.0	0.0	0.0	0.0	0.0	0.0	0.0001	0.0001	0.0001	0.0001	0.0001	0.0001	0.0001	0.0001	0.0001	0.0001	0.0	0.0	0.0	0.0	0.0	0.0	0.0	0.0	0.0	0.0	0.0	0.0	0.0	0.0	0.0	0.0	0.0	0.0	0.0	0.0	0.0	0.0	0.0	0.0	0.0	0.0	0.0	0.0	0.0	0.0	0.0	0.0
0.9566	0.0	0.0	0.0	0.0	0.0	0.0085	0.0085	0.0085	0.0085	0.0085	0.0	0.0	0.0	0.0	0.0	0.0	0.0	0.0	0.0	0.0	0.0001	0.0001	0.0001	0.0001	0.0001	0.0001	0.0001	0.0001	0.0001	0.0001	0.0	0.0	0.0	0.0	0.0	0.0	0.0	0.0	0.0	0.0	0.0	0.0	0.0	0.0	0.0	0.0	0.0	0.0	0.0	0.0	0.0	0.0	0.0	0.0	0.0	0.0	0.0	0.0	0.0	0.0	0.0	0.0
0.9457	0.0001	0.0001	0.0001	0.0001	0.0001	0.0106	0.0106	0.0106	0.0106	0.0106	0.0	0.0	0.0	0.0	0.0	0.0	0.0	0.0	0.0	0.0	0.0001	0.0001	0.0001	0.0001	0.0001	0.0001	0.0001	0.0001	0.0001	0.0001	0.0	0.0	0.0	0.0	0.0	0.0	0.0	0.0	0.0	0.0	0.0	0.0	0.0	0.0	0.0	0.0	0.0	0.0	0.0	0.0	0.0	0.0	0.0	0.0	0.0	0.0	0.0	0.0	0.0	0.0	0.0	0.0
0.9457	0.0001	0.0001	0.0001	0.0001	0.0001	0.0106	0.0106	0.0106	0.0106	0.0106	0.0	0.0	0.0	0.0	0.0	0.0	0.0	0.0	0.0	0.0	0.0001	0.0001	0.0001	0.0001	0.0001	0.0001	0.0001	0.0001	0.0001	0.0001	0.0	0.0	0.0	0.0	0.0	0.0	0.0	0.0	0.0	0.0	0.0	0.0	0.0	0.0	0.0	0.0	0.0	0.0	0.0	0.0	0.0	0.0	0.0	0.0	0.0	0.0	0.0	0.0	0.0	0.0	0.0	0.0
0.8945	0.0002	0.0002	0.0002	0.0002	0.0002	0.02	0.02	0.02	0.02	0.02	0.0	0.0	0.0	0.0	0.0	0.0	0.0	0.0	0.0	0.0	0.0004	0.0004	0.0004	0.0004	0.0004	0.0004	0.0004	0.0004	0.0004	0.0004	0.0	0.0	0.0	0.0	0.0	0.0	0.0	0.0	0.0	0.0	0.0	0.0	0.0	0.0	0.0	0.0	0.0	0.0	0.0	0.0	0.0	0.0	0.0	0.0	0.0	0.0	0.0	0.0	0.0	0.0	0.0	0.0
0.9042	0.0002	0.0002	0.0002	0.0002	0.0002	0.0182	0.0182	0.0182	0.0182	0.0182	0.0	0.0	0.0	0.0	0.0	0.0	0.0	0.0	0.0	0.0	0.0004	0.0004	0.0004	0.0004	0.0004	0.0004	0.0004	0.0004	0.0004	0.0004	0.0	0.0	0.0	0.0	0.0	0.0	0.0	0.0	0.0	0.0	0.0	0.0	0.0	0.0	0.0	0.0	0.0	0.0	0.0	0.0	0.0	0.0	0.0	0.0	0.0	0.0	0.0	0.0	0.0	0.0	0.0	0.0
0.9233	0.0001	0.0001	0.0001	0.0001	0.0001	0.0147	0.0147	0.0147	0.0147	0.0147	0.0	0.0	0.0	0.0	0.0	0.0	0.0	0.0	0.0	0.0	0.0002	0.0002	0.0002	0.0002	0.0002	0.0002	0.0002	0.0002	0.0002	0.0002	0.0	0.0	0.0	0.0	0.0	0.0	0.0	0.0	0.0	0.0	0.0	0.0	0.0	0.0	0.0	0.0	0.0	0.0	0.0	0.0	0.0	0.0	0.0	0.0	0.0	0.0	0.0	0.0	0.0	0.0	0.0	0.0
0.9233	0.0001	0.0001	0.0001	0.0001	0.0001	0.0147	0.0147	0.0147	0.0147	0.0147	0.0	0.0	0.0	0.0	0.0	0.0	0.0	0.0	0.0	0.0	0.0002	0.0002	0.0002	0.0002	0.0002	0.0002	0.0002	0.0002	0.0002	0.0002	0.0	0.0	0.0	0.0	0.0	0.0	0.0	0.0	0.0	0.0	0.0	0.0	0.0	0.0	0.0	0.0	0.0	0.0	0.0	0.0	0.0	0.0	0.0	0.0	0.0	0.0	0.0	0.0	0.0	0.0	0.0	0.0
0.884	0.0003	0.0003	0.0003	0.0003	0.0003	0.0218	0.0218	0.0218	0.0218	0.0218	0.0	0.0	0.0	0.0	0.0	0.0	0.0	0.0	0.0	0.0	0.0005	0.0005	0.0005	0.0005	0.0005	0.0005	0.0005	0.0005	0.0005	0.0005	0.0	0.0	0.0	0.0	0.0	0.0	0.0	0.0	0.0	0.0	0.0	0.0	0.0	0.0	0.0	0.0	0.0	0.0	0.0	0.0	0.0	0.0	0.0	0.0	0.0	0.0	0.0	0.0	0.0	0.0	0.0	0.0
0.9097	0.0002	0.0002	0.0002	0.0002	0.0002	0.0172	0.0172	0.0172	0.0172	0.0172	0.0	0.0	0.0	0.0	0.0	0.0	0.0	0.0	0.0	0.0	0.0003	0.0003	0.0003	0.0003	0.0003	0.0003	0.0003	0.0003	0.0003	0.0003	0.0	0.0	0.0	0.0	0.0	0.0	0.0	0.0	0.0	0.0	0.0	0.0	0.0	0.0	0.0	0.0	0.0	0.0	0.0	0.0	0.0	0.0	0.0	0.0	0.0	0.0	0.0	0.0	0.0	0.0	0.0	0.0
0.969	0.0	0.0	0.0	0.0	0.0	0.0061	0.0061	0.0061	0.0061	0.0061	0.0	0.0	0.0	0.0	0.0	0.0	0.0	0.0	0.0	0.0	0.0	0.0	0.0	0.0	0.0	0.0	0.0	0.0	0.0	0.0	0.0	0.0	0.0	0.0	0.0	0.0	0.0	0.0	0.0	0.0	0.0	0.0	0.0	0.0	0.0	0.0	0.0	0.0	0.0	0.0	0.0	0.0	0.0	0.0	0.0	0.0	0.0	0.0	0.0	0.0	0.0	0.0
0.969	0.0	0.0	0.0	0.0	0.0	0.0061	0.0061	0.0061	0.0061	0.0061	0.0	0.0	0.0	0.0	0.0	0.0	0.0	0.0	0.0	0.0	0.0	0.0	0.0	0.0	0.0	0.0	0.0	0.0	0.0	0.0	0.0	0.0	0.0	0.0	0.0	0.0	0.0	0.0	0.0	0.0	0.0	0.0	0.0	0.0	0.0	0.0	0.0	0.0	0.0	0.0	0.0	0.0	0.0	0.0	0.0	0.0	0.0	0.0	0.0	0.0	0.0	0.0
0.9384	0.0001	0.0001	0.0001	0.0001	0.0001	0.0119	0.0119	0.0119	0.0119	0.0119	0.0	0.0	0.0	0.0	0.0	0.0	0.0	0.0	0.0	0.0	0.0001	0.0001	0.0001	0.0001	0.0001	0.0001	0.0001	0.0001	0.0001	0.0001	0.0	0.0	0.0	0.0	0.0	0.0	0.0	0.0	0.0	0.0	0.0	0.0	0.0	0.0	0.0	0.0	0.0	0.0	0.0	0.0	0.0	0.0	0.0	0.0	0.0	0.0	0.0	0.0	0.0	0.0	0.0	0.0
0.9415	0.0001	0.0001	0.0001	0.0001	0.0001	0.0114	0.0114	0.0114	0.0114	0.0114	0.0	0.0	0.0	0.0	0.0	0.0	0.0	0.0	0.0	0.0	0.0001	0.0001	0.0001	0.0001	0.0001	0.0001	0.0001	0.0001	0.0001	0.0001	0.0	0.0	0.0	0.0	0.0	0.0	0.0	0.0	0.0	0.0	0.0	0.0	0.0	0.0	0.0	0.0	0.0	0.0	0.0	0.0	0.0	0.0	0.0	0.0	0.0	0.0	0.0	0.0	0.0	0.0	0.0	0.0
0.9529	0.0	0.0	0.0	0.0	0.0	0.0092	0.0092	0.0092	0.0092	0.0092	0.0	0.0	0.0	0.0	0.0	0.0	0.0	0.0	0.0	0.0	0.0001	0.0001	0.0001	0.0001	0.0001	0.0001	0.0001	0.0001	0.0001	0.0001	0.0	0.0	0.0	0.0	0.0	0.0	0.0	0.0	0.0	0.0	0.0	0.0	0.0	0.0	0.0	0.0	0.0	0.0	0.0	0.0	0.0	0.0	0.0	0.0	0.0	0.0	0.0	0.0	0.0	0.0	0.0	0.0
0.9529	0.0	0.0	0.0	0.0	0.0	0.0092	0.0092	0.0092	0.0092	0.0092	0.0	0.0	0.0	0.0	0.0	0.0	0.0	0.0	0.0	0.0	0.0001	0.0001	0.0001	0.0001	0.0001	0.0001	0.0001	0.0001	0.0001	0.0001	0.0	0.0	0.0	0.0	0.0	0.0	0.0	0.0	0.0	0.0	0.0	0.0	0.0	0.0	0.0	0.0	0.0	0.0	0.0	0.0	0.0	0.0	0.0	0.0	0.0	0.0	0.0	0.0	0.0	0.0	0.0	0.0
0.0	0.0	0.0	0.0	0.0	0.0	0.0	0.0	0.0	0.0	0.0	0.0	0.0	0.0	0.0	0.0	0.0	0.0	0.0	0.0	0.0	0.0	0.0	0.0	0.0	0.0	0.0	0.0	0.0	0.0	0.0	0.0	0.0	0.0	0.0	0.0	0.0	0.0	0.0	0.0	0.0	0.0	0.0	0.0	0.0	0.0	0.0	0.0	0.0	0.0	0.0	0.0	0.0	0.0	0.0	0.0	0.0	0.0	0.0	0.0	0.0	0.0	0.0
0.0	0.0038	0.0029	0.0012	0.0005	0.0004	0.0005	0.0004	0.0002	0.0001	0.0001	0.0189	0.0113	0.0073	0.0096	0.01	0.0053	0.0068	0.003	0.0037	0.002	0.0022	0.0015	0.0011	0.0014	0.0013	0.0008	0.001	0.0005	0.0006	0.0004	0.0482	0.03	0.0387	0.0212	0.0275	0.0225	0.0176	0.0219	0.0162	0.0101	0.0062	0.0044	0.0054	0.0032	0.004	0.0034	0.0027	0.0032	0.0025	0.0017	0.0768	0.0963	0.0804	0.06	0.0479	0.0107	0.013	0.0112	0.0086	0.0069	0.1752	0.0238
0.0	0.0004	0.0007	0.0004	0.0004	0.0009	0.0001	0.0002	0.0001	0.0001	0.0002	0.0044	0.0033	0.0033	0.0053	0.0044	0.0044	0.0073	0.0033	0.0053	0.0053	0.0008	0.0006	0.0006	0.0009	0.0008	0.0008	0.0012	0.0006	0.0009	0.0009	0.0189	0.0189	0.028	0.0147	0.0222	0.0222	0.0189	0.028	0.028	0.0222	0.0028	0.0028	0.0039	0.0023	0.0032	0.0032	0.0028	0.0039	0.0039	0.0032	0.06	0.0867	0.0867	0.0699	0.0867	0.0082	0.0112	0.0112	0.0093	0.0112	0.2197	0.027
0.0	0.0	0.0	0.0	0.0	0.0	0.0	0.0	0.0	0.0	0.0	0.0002	0.0002	0.0002	0.0007	0.0002	0.0002	0.0007	0.0002	0.0007	0.0007	0.0	0.0	0.0	0.0	0.0	0.0	0.0	0.0	0.0	0.0	0.0031	0.0031	0.0088	0.0031	0.0088	0.0088	0.0031	0.0088	0.0088	0.0088	0.0002	0.0002	0.0004	0.0002	0.0004	0.0004	0.0002	0.0004	0.0004	0.0004	0.0281	0.0796	0.0796	0.0796	0.0796	0.0015	0.0033	0.0033	0.0033	0.0033	0.545	0.0208
0.0001	0.0163	0.0079	0.0041	0.0009	0.0001	0.0018	0.0011	0.0007	0.0002	0.0	0.1051	0.0562	0.0128	0.0018	0.0471	0.0062	0.0011	0.0037	0.0007	0.0002	0.0098	0.0059	0.0013	0.0002	0.0052	0.0008	0.0001	0.0005	0.0001	0.0	0.3431	0.044	0.0098	0.0274	0.0059	0.0013	0.0259	0.0052	0.0008	0.0005	0.0304	0.0043	0.0009	0.0029	0.0006	0.0001	0.0028	0.0006	0.0001	0.0001	0.1314	0.0304	0.0043	0.0029	0.0028	0.0121	0.0028	0.0004	0.0003	0.0003	0.0121	0.0012
0.0	0.1126	0.0	0.0	0.0119	0.0	0.0034	0.0	0.0	0.0006	0.0	0.0034	0.0034	0.7628	0.0034	0.0	0.0006	0.0	0.0006	0.0	0.0006	0.0001	0.0001	0.0228	0.0001	0.0	0.0	0.0	0.0	0.0	0.0	0.0001	0.0228	0.0001	0.0228	0.0001	0.0228	0.0	0.0	0.0	0.0	0.0	0.0007	0.0	0.0007	0.0	0.0007	0.0	0.0	0.0	0.0	0.0007	0.0	0.0007	0.0007	0.0	0.0	0.0	0.0	0.0	0.0	0.0	0.0
0.0	0.0181	0.0	0.0	0.0181	0.0	0.0008	0.0	0.0	0.0008	0.0	0.0008	0.0008	0.8614	0.0008	0.0	0.0008	0.0	0.0008	0.0	0.0008	0.0	0.0	0.023	0.0	0.0	0.0	0.0	0.0	0.0	0.0	0.0	0.023	0.0	0.023	0.0	0.023	0.0	0.0	0.0	0.0	0.0	0.0006	0.0	0.0006	0.0	0.0006	0.0	0.0	0.0	0.0	0.0006	0.0	0.0006	0.0006	0.0	0.0	0.0	0.0	0.0	0.0	0.0	0.0
0.0001	0.9241	0.0001	0.0001	0.0001	0.0001	0.0146	0.0	0.0	0.0	0.0	0.0146	0.0146	0.0146	0.0146	0.0	0.0	0.0	0.0	0.0	0.0	0.0002	0.0002	0.0002	0.0002	0.0	0.0	0.0	0.0	0.0	0.0	0.0002	0.0002	0.0002	0.0002	0.0002	0.0002	0.0	0.0	0.0	0.0	0.0	0.0	0.0	0.0	0.0	0.0	0.0	0.0	0.0	0.0	0.0	0.0	0.0	0.0	0.0	0.0	0.0	0.0	0.0	0.0	0.0	0.0
0.0	0.0008	0.0019	0.0	0.0	0.0	0.0	0.0	0.0	0.0	0.0	0.0505	0.0079	0.0001	0.0	0.0204	0.0004	0.0	0.0	0.0	0.0	0.001	0.0002	0.0	0.0	0.0006	0.0	0.0	0.0	0.0	0.0	0.655	0.012	0.001	0.0023	0.0002	0.0	0.0065	0.0006	0.0	0.0	0.0138	0.0003	0.0	0.0001	0.0	0.0	0.0002	0.0	0.0	0.0	0.2013	0.0138	0.0003	0.0001	0.0002	0.0039	0.0003	0.0	0.0	0.0	0.0039	0.0001
0.0	0.0166	0.0982	0.0	0.0	0.0	0.0009	0.0034	0.0	0.0	0.0	0.7653	0.0009	0.0009	0.0009	0.0034	0.0034	0.0034	0.0	0.0	0.0	0.0242	0.0	0.0	0.0	0.0001	0.0001	0.0001	0.0	0.0	0.0	0.0242	0.0242	0.0242	0.0	0.0	0.0	0.0001	0.0001	0.0001	0.0	0.0008	0.0008	0.0008	0.0	0.0	0.0	0.0	0.0	0.0	0.0	0.0008	0.0008	0.0008	0.0	0.0	0.0	0.0	0.0	0.0	0.0	0.0	0.0
0.0	0.0322	0.0148	0.0	0.0	0.0	0.0007	0.0004	0.0	0.0	0.0	0.8818	0.0007	0.0007	0.0007	0.0004	0.0004	0.0004	0.0	0.0	0.0	0.0162	0.0	0.0	0.0	0.0	0.0	0.0	0.0	0.0	0.0	0.0162	0.0162	0.0162	0.0	0.0	0.0	0.0	0.0	0.0	0.0	0.0003	0.0003	0.0003	0.0	0.0	0.0	0.0	0.0	0.0	0.0	0.0003	0.0003	0.0003	0.0	0.0	0.0	0.0	0.0	0.0	0.0	0.0	0.0
0.0	0.0004	0.0002	0.0002	0.0	0.0	0.0	0.0	0.0	0.0	0.0	0.0195	0.0215	0.0003	0.0	0.0106	0.0002	0.0	0.0002	0.0	0.0	0.0007	0.001	0.0	0.0	0.0006	0.0	0.0	0.0	0.0	0.0	0.6187	0.0106	0.0007	0.0106	0.001	0.0	0.0065	0.0006	0.0	0.0	0.0157	0.0003	0.0	0.0004	0.0	0.0	0.0003	0.0	0.0	0.0	0.2512	0.0157	0.0003	0.0004	0.0003	0.0054	0.0004	0.0	0.0	0.0	0.0054	0.0001
0.0003	0.8633	0.0003	0.0003	0.0003	0.0003	0.0254	0.0	0.0	0.0	0.0	0.0254	0.0254	0.0254	0.0254	0.0	0.0	0.0	0.0	0.0	0.0	0.0007	0.0007	0.0007	0.0007	0.0	0.0	0.0	0.0	0.0	0.0	0.0007	0.0007	0.0007	0.0007	0.0007	0.0007	0.0	0.0	0.0	0.0	0.0	0.0	0.0	0.0	0.0	0.0	0.0	0.0	0.0	0.0	0.0	0.0	0.0	0.0	0.0	0.0	0.0	0.0	0.0	0.0	0.0	0.0
0.0	0.0	0.0025	0.0035	0.0	0.0	0.0	0.0001	0.0003	0.0	0.0	0.0021	0.0021	0.0	0.0	0.4524	0.0041	0.0001	0.004	0.0003	0.0	0.0001	0.0001	0.0	0.0	0.0111	0.0001	0.0	0.0002	0.0	0.0	0.1604	0.0004	0.0001	0.0005	0.0001	0.0	0.3083	0.0111	0.0001	0.0002	0.0025	0.0	0.0	0.0	0.0	0.0	0.0048	0.0003	0.0	0.0	0.0196	0.0025	0.0	0.0	0.0048	0.0004	0.0	0.0	0.0	0.0001	0.0004	0.0
0.0	0.0002	0.0	0.3021	0.0005	0.0	0.0	0.0	0.003	0.0	0.0	0.0	0.2119	0.0001	0.0	0.003	0.0	0.0	0.4189	0.003	0.0	0.0	0.0026	0.0	0.0	0.0	0.0	0.0	0.0053	0.0	0.0	0.0026	0.0	0.0	0.031	0.0026	0.0	0.0053	0.0	0.0	0.0053	0.0	0.0	0.0	0.0006	0.0	0.0	0.0001	0.0	0.0	0.0001	0.0006	0.0	0.0	0.0006	0.0001	0.0	0.0	0.0	0.0	0.0	0.0	0.0
0.0	0.0049	0.0	0.0635	0.0098	0.0	0.0002	0.0	0.0016	0.0003	0.0	0.0002	0.2619	0.0028	0.0002	0.0016	0.0003	0.0	0.5201	0.0016	0.0003	0.0	0.0056	0.0001	0.0	0.0	0.0	0.0	0.0113	0.0	0.0	0.0056	0.0001	0.0	0.0735	0.0056	0.0001	0.0113	0.0	0.0	0.0113	0.0001	0.0	0.0	0.0017	0.0001	0.0	0.0002	0.0	0.0	0.0002	0.0017	0.0001	0.0	0.0017	0.0002	0.0	0.0	0.0	0.0	0.0	0.0	0.0
0.0	0.0	0.0	0.0144	0.0033	0.0	0.0	0.0	0.0001	0.0	0.0	0.0	0.0001	0.0	0.0	0.0001	0.0	0.0	0.9605	0.0001	0.0	0.0	0.0	0.0	0.0	0.0	0.0	0.0	0.0053	0.0	0.0	0.0	0.0	0.0	0.0053	0.0	0.0	0.0053	0.0	0.0	0.0053	0.0	0.0	0.0	0.0	0.0	0.0	0.0	0.0	0.0	0.0	0.0	0.0	0.0	0.0	0.0	0.0	0.0	0.0	0.0	0.0	0.0	0.0
0.0	0.0	0.0	0.0019	0.0019	0.0	0.0	0.0	0.0	0.0	0.0	0.0	0.0	0.0	0.0	0.0	0.0	0.0	0.9805	0.0	0.0	0.0	0.0	0.0	0.0	0.0	0.0	0.0	0.0039	0.0	0.0	0.0	0.0	0.0	0.0039	0.0	0.0	0.0039	0.0	0.0	0.0039	0.0	0.0	0.0	0.0	0.0	0.0	0.0	0.0	0.0	0.0	0.0	0.0	0.0	0.0	0.0	0.0	0.0	0.0	0.0	0.0	0.0	0.0
0.0	0.0029	0.0	0.0263	0.0001	0.0	0.0	0.0	0.0001	0.0	0.0	0.0	0.9029	0.0001	0.0	0.0001	0.0	0.0	0.0382	0.0001	0.0	0.0	0.0041	0.0	0.0	0.0	0.0	0.0	0.0002	0.0	0.0	0.0041	0.0	0.0	0.0157	0.0041	0.0	0.0002	0.0	0.0	0.0002	0.0	0.0	0.0	0.0001	0.0	0.0	0.0	0.0	0.0	0.0	0.0001	0.0	0.0	0.0001	0.0	0.0	0.0	0.0	0.0	0.0	0.0	0.0
0.0	0.0011	0.0	0.0042	0.0	0.0	0.0	0.0	0.0	0.0	0.0	0.0	0.984	0.0	0.0	0.0	0.0	0.0	0.0	0.0	0.0	0.0	0.0027	0.0	0.0	0.0	0.0	0.0	0.0	0.0	0.0	0.0027	0.0	0.0	0.0027	0.0027	0.0	0.0	0.0	0.0	0.0	0.0	0.0	0.0	0.0	0.0	0.0	0.0	0.0	0.0	0.0	0.0	0.0	0.0	0.0	0.0	0.0	0.0	0.0	0.0	0.0	0.0	0.0
0.0	0.0005	0.0	0.0005	0.0	0.0	0.0	0.0	0.0	0.0	0.0	0.0	0.9867	0.0	0.0	0.0	0.0	0.0	0.0	0.0	0.0	0.0	0.0031	0.0	0.0	0.0	0.0	0.0	0.0	0.0	0.0	0.0031	0.0	0.0	0.0031	0.0031	0.0	0.0	0.0	0.0	0.0	0.0	0.0	0.0	0.0	0.0	0.0	0.0	0.0	0.0	0.0	0.0	0.0	0.0	0.0	0.0	0.0	0.0	0.0	0.0	0.0	0.0	0.0
0.0	0.0	0.0	0.0908	0.0013	0.0	0.0	0.0	0.0002	0.0	0.0	0.0	0.0002	0.0	0.0	0.0002	0.0	0.0	0.8993	0.0002	0.0	0.0	0.0	0.0	0.0	0.0	0.0	0.0	0.0019	0.0	0.0	0.0	0.0	0.0	0.0019	0.0	0.0	0.0019	0.0	0.0	0.0019	0.0	0.0	0.0	0.0	0.0	0.0	0.0	0.0	0.0	0.0	0.0	0.0	0.0	0.0	0.0	0.0	0.0	0.0	0.0	0.0	0.0	0.0
0.0	0.0	0.0	0.0161	0.0	0.0	0.0	0.0	0.0	0.0	0.0	0.0	0.0	0.0	0.0	0.0	0.0	0.0	0.9783	0.0	0.0	0.0	0.0	0.0	0.0	0.0	0.0	0.0	0.0014	0.0	0.0	0.0	0.0	0.0	0.0014	0.0	0.0	0.0014	0.0	0.0	0.0014	0.0	0.0	0.0	0.0	0.0	0.0	0.0	0.0	0.0	0.0	0.0	0.0	0.0	0.0	0.0	0.0	0.0	0.0	0.0	0.0	0.0	0.0
0.0143	0.0035	0.0	0.0029	0.0	0.0	0.1151	0.0014	0.0957	0.0014	0.0014	0.0005	0.031	0.0005	0.0005	0.0004	0.0	0.0	0.0004	0.0004	0.0	0.0088	0.5377	0.0088	0.0088	0.0082	0.0001	0.0001	0.0082	0.0082	0.0001	0.0031	0.0001	0.0001	0.0031	0.0031	0.0001	0.0001	0.0001	0.0	0.0001	0.0391	0.0007	0.0007	0.0391	0.0391	0.0007	0.0007	0.0007	0.0	0.0007	0.0003	0.0003	0.0	0.0003	0.0	0.0029	0.0029	0.0001	0.0029	0.0001	0.0	0.0002
0.0009	0.004	0.0	0.0004	0.0	0.0	0.0516	0.0002	0.0424	0.0002	0.0002	0.0002	0.0378	0.0002	0.0002	0.0001	0.0	0.0	0.0001	0.0001	0.0	0.0038	0.7079	0.0038	0.0038	0.0042	0.0	0.0	0.0042	0.0042	0.0	0.0024	0.0	0.0	0.0024	0.0024	0.0	0.0	0.0	0.0	0.0	0.0379	0.0003	0.0003	0.0379	0.0379	0.0003	0.0003	0.0003	0.0	0.0003	0.0002	0.0002	0.0	0.0002	0.0	0.002	0.002	0.0	0.002	0.0	0.0	0.0001
0.0001	0.0141	0.0001	0.0177	0.0001	0.0001	0.0022	0.0	0.0029	0.0	0.0	0.0022	0.7272	0.0022	0.0022	0.0029	0.0	0.0	0.0029	0.0029	0.0	0.0002	0.0495	0.0002	0.0002	0.0003	0.0	0.0	0.0003	0.0003	0.0	0.0495	0.0002	0.0002	0.0495	0.0495	0.0002	0.0003	0.0003	0.0	0.0003	0.003	0.0	0.0	0.003	0.003	0.0	0.0	0.0	0.0	0.0	0.003	0.003	0.0	0.003	0.0	0.0002	0.0002	0.0	0.0002	0.0	0.0002	0.0
0.0014	0.7241	0.0014	0.0014	0.0014	0.0014	0.0469	0.0002	0.0002	0.0002	0.0002	0.0469	0.0469	0.0469	0.0469	0.0002	0.0002	0.0002	0.0002	0.0002	0.0002	0.003	0.003	0.003	0.003	0.0	0.0	0.0	0.0	0.0	0.0	0.003	0.003	0.003	0.003	0.003	0.003	0.0	0.0	0.0	0.0	0.0002	0.0002	0.0002	0.0002	0.0002	0.0002	0.0	0.0	0.0	0.0	0.0002	0.0002	0.0002	0.0002	0.0	0.0	0.0	0.0	0.0	0.0	0.0	0.0
0.0004	0.8557	0.0004	0.0004	0.0004	0.0004	0.0267	0.0	0.0	0.0	0.0	0.0267	0.0267	0.0267	0.0267	0.0	0.0	0.0	0.0	0.0	0.0	0.0008	0.0008	0.0008	0.0008	0.0	0.0	0.0	0.0	0.0	0.0	0.0008	0.0008	0.0008	0.0008	0.0008	0.0008	0.0	0.0	0.0	0.0	0.0	0.0	0.0	0.0	0.0	0.0	0.0	0.0	0.0	0.0	0.0	0.0	0.0	0.0	0.0	0.0	0.0	0.0	0.0	0.0	0.0	0.0
0.0008	0.0008	0.0008	0.7753	0.0008	0.0008	0.0001	0.0001	0.0395	0.0001	0.0001	0.0001	0.0395	0.0001	0.0001	0.0395	0.0001	0.0001	0.0395	0.0395	0.0001	0.0	0.0021	0.0	0.0	0.0021	0.0	0.0	0.0021	0.0021	0.0	0.0021	0.0	0.0	0.0021	0.0021	0.0	0.0021	0.0021	0.0	0.0021	0.0001	0.0	0.0	0.0001	0.0001	0.0	0.0001	0.0001	0.0	0.0001	0.0001	0.0001	0.0	0.0001	0.0001	0.0	0.0	0.0	0.0	0.0	0.0	0.0
0.0005	0.0005	0.0005	0.8282	0.0005	0.0005	0.0	0.0	0.0313	0.0	0.0	0.0	0.0313	0.0	0.0	0.0313	0.0	0.0	0.0313	0.0313	0.0	0.0	0.0012	0.0	0.0	0.0012	0.0	0.0	0.0012	0.0012	0.0	0.0012	0.0	0.0	0.0012	0.0012	0.0	0.0012	0.0012	0.0	0.0012	0.0	0.0	0.0	0.0	0.0	0.0	0.0	0.0	0.0	0.0	0.0	0.0	0.0	0.0	0.0	0.0	0.0	0.0	0.0	0.0	0.0	0.0
0.0	0.0	0.0	0.9502	0.0	0.0	0.0	0.0	0.0097	0.0	0.0	0.0	0.0097	0.0	0.0	0.0097	0.0	0.0	0.0097	0.0097	0.0	0.0	0.0001	0.0	0.0	0.0001	0.0	0.0	0.0001	0.0001	0.0	0.0001	0.0	0.0	0.0001	0.0001	0.0	0.0001	0.0001	0.0	0.0001	0.0	0.0	0.0	0.0	0.0	0.0	0.0	0.0	0.0	0.0	0.0	0.0	0.0	0.0	0.0	0.0	0.0	0.0	0.0	0.0	0.0	0.0
0.4555	0.0111	0.0005	0.0005	0.0005	0.0005	0.3315	0.0238	0.0238	0.0238	0.0238	0.0012	0.0012	0.0012	0.0012	0.0001	0.0001	0.0001	0.0001	0.0001	0.0001	0.0205	0.0205	0.0205	0.0205	0.0013	0.0013	0.0013	0.0013	0.0013	0.0013	0.0001	0.0001	0.0001	0.0001	0.0001	0.0001	0.0	0.0	0.0	0.0	0.0014	0.0014	0.0014	0.0014	0.0014	0.0014	0.0001	0.0001	0.0001	0.0001	0.0	0.0	0.0	0.0	0.0	0.0001	0.0001	0.0001	0.0001	0.0	0.0	0.0
0.1347	0.029	0.0002	0.0002	0.0002	0.0002	0.6334	0.0083	0.0083	0.0083	0.0083	0.0025	0.0025	0.0025	0.0025	0.0	0.0	0.0	0.0	0.0	0.0	0.0353	0.0353	0.0353	0.0353	0.0005	0.0005	0.0005	0.0005	0.0005	0.0005	0.0002	0.0002	0.0002	0.0002	0.0002	0.0002	0.0	0.0	0.0	0.0	0.002	0.002	0.002	0.002	0.002	0.002	0.0	0.0	0.0	0.0	0.0	0.0	0.0	0.0	0.0	0.0001	0.0001	0.0001	0.0001	0.0	0.0	0.0
0.8714	0.0002	0.0002	0.0002	0.0002	0.0002	0.024	0.024	0.024	0.024	0.024	0.0	0.0	0.0	0.0	0.0	0.0	0.0	0.0	0.0	0.0	0.0007	0.0007	0.0007	0.0007	0.0007	0.0007	0.0007	0.0007	0.0007	0.0007	0.0	0.0	0.0	0.0	0.0	0.0	0.0	0.0	0.0	0.0	0.0	0.0	0.0	0.0	0.0	0.0	0.0	0.0	0.0	0.0	0.0	0.0	0.0	0.0	0.0	0.0	0.0	0.0	0.0	0.0	0.0	0.0
0.8282	0.0005	0.0005	0.0005	0.0005	0.0005	0.0313	0.0313	0.0313	0.0313	0.0313	0.0	0.0	0.0	0.0	0.0	0.0	0.0	0.0	0.0	0.0	0.0012	0.0012	0.0012	0.0012	0.0012	0.0012	0.0012	0.0012	0.0012	0.0012	0.0	0.0	0.0	0.0	0.0	0.0	0.0	0.0	0.0	0.0	0.0	0.0	0.0	0.0	0.0	0.0	0.0	0.0	0.0	0.0	0.0	0.0	0.0	0.0	0.0	0.0	0.0	0.0	0.0	0.0	0.0	0.0
0.9184	0.0001	0.0001	0.0001	0.0001	0.0001	0.0156	0.0156	0.0156	0.0156	0.0156	0.0	0.0	0.0	0.0	0.0	0.0	0.0	0.0	0.0	0.0	0.0003	0.0003	0.0003	0.0003	0.0003	0.0003	0.0003	0.0003	0.0003	0.0003	0.0	0.0	0.0	0.0	0.0	0.0	0.0	0.0	0.0	0.0	0.0	0.0	0.0	0.0	0.0	0.0	0.0	0.0	0.0	0.0	0.0	0.0	0.0	0.0	0.0	0.0	0.0	0.0	0.0	0.0	0.0	0.0
0.8561	0.0003	0.0003	0.0003	0.0003	0.0003	0.0266	0.0266	0.0266	0.0266	0.0266	0.0	0.0	0.0	0.0	0.0	0.0	0.0	0.0	0.0	0.0	0.0009	0.0009	0.0009	0.0009	0.0009	0.0009	0.0009	0.0009	0.0009	0.0009	0.0	0.0	0.0	0.0	0.0	0.0	0.0	0.0	0.0	0.0	0.0	0.0	0.0	0.0	0.0	0.0	0.0	0.0	0.0	0.0	0.0	0.0	0.0	0.0	0.0	0.0	0.0	0.0	0.0	0.0	0.0	0.0
0.9325	0.0001	0.0001	0.0001	0.0001	0.0001	0.013	0.013	0.013	0.013	0.013	0.0	0.0	0.0	0.0	0.0	0.0	0.0	0.0	0.0	0.0	0.0002	0.0002	0.0002	0.0002	0.0002	0.0002	0.0002	0.0002	0.0002	0.0002	0.0	0.0	0.0	0.0	0.0	0.0	0.0	0.0	0.0	0.0	0.0	0.0	0.0	0.0	0.0	0.0	0.0	0.0	0.0	0.0	0.0	0.0	0.0	0.0	0.0	0.0	0.0	0.0	0.0	0.0	0.0	0.0
0.9391	0.0001	0.0001	0.0001	0.0001	0.0001	0.0118	0.0118	0.0118	0.0118	0.0118	0.0	0.0	0.0	0.0	0.0	0.0	0.0	0.0	0.0	0.0	0.0002	0.0002	0.0002	0.0002	0.0002	0.0002	0.0002	0.0002	0.0002	0.0002	0.0	0.0	0.0	0.0	0.0	0.0	0.0	0.0	0.0	0.0	0.0	0.0	0.0	0.0	0.0	0.0	0.0	0.0	0.0	0.0	0.0	0.0	0.0	0.0	0.0	0.0	0.0	0.0	0.0	0.0	0.0	0.0
0.9808	0.0	0.0	0.0	0.0	0.0	0.0038	0.0038	0.0038	0.0038	0.0038	0.0	0.0	0.0	0.0	0.0	0.0	0.0	0.0	0.0	0.0	0.0	0.0	0.0	0.0	0.0	0.0	0.0	0.0	0.0	0.0	0.0	0.0	0.0	0.0	0.0	0.0	0.0	0.0	0.0	0.0	0.0	0.0	0.0	0.0	0.0	0.0	0.0	0.0	0.0	0.0	0.0	0.0	0.0	0.0	0.0	0.0	0.0	0.0	0.0	0.0	0.0	0.0
0.9681	0.0	0.0	0.0	0.0	0.0	0.0063	0.0063	0.0063	0.0063	0.0063	0.0	0.0	0.0	0.0	0.0	0.0	0.0	0.0	0.0	0.0	0.0	0.0	0.0	0.0	0.0	0.0	0.0	0.0	0.0	0.0	0.0	0.0	0.0	0.0	0.0	0.0	0.0	0.0	0.0	0.0	0.0	0.0	0.0	0.0	0.0	0.0	0.0	0.0	0.0	0.0	0.0	0.0	0.0	0.0	0.0	0.0	0.0	0.0	0.0	0.0	0.0	0.0
0.9726	0.0	0.0	0.0	0.0	0.0	0.0054	0.0054	0.0054	0.0054	0.0054	0.0	0.0	0.0	0.0	0.0	0.0	0.0	0.0	0.0	0.0	0.0001	0.0001	0.0001	0.0001	0.0001	0.0001	0.0001	0.0001	0.0001	0.0001	0.0	0.0	0.0	0.0	0.0	0.0	0.0	0.0	0.0	0.0	0.0	0.0	0.0	0.0	0.0	0.0	0.0	0.0	0.0	0.0	0.0	0.0	0.0	0.0	0.0	0.0	0.0	0.0	0.0	0.0	0.0	0.0
0.9851	0.0	0.0	0.0	0.0	0.0	0.0029	0.0029	0.0029	0.0029	0.0029	0.0	0.0	0.0	0.0	0.0	0.0	0.0	0.0	0.0	0.0	0.0	0.0	0.0	0.0	0.0	0.0	0.0	0.0	0.0	0.0	0.0	0.0	0.0	0.0	0.0	0.0	0.0	0.0	0.0	0.0	0.0	0.0	0.0	0.0	0.0	0.0	0.0	0.0	0.0	0.0	0.0	0.0	0.0	0.0	0.0	0.0	0.0	0.0	0.0	0.0	0.0	0.0
0.9475	0.0	0.0	0.0	0.0	0.0	0.0102	0.0102	0.0102	0.0102	0.0102	0.0	0.0	0.0	0.0	0.0	0.0	0.0	0.0	0.0	0.0	0.0001	0.0001	0.0001	0.0001	0.0001	0.0001	0.0001	0.0001	0.0001	0.0001	0.0	0.0	0.0	0.0	0.0	0.0	0.0	0.0	0.0	0.0	0.0	0.0	0.0	0.0	0.0	0.0	0.0	0.0	0.0	0.0	0.0	0.0	0.0	0.0	0.0	0.0	0.0	0.0	0.0	0.0	0.0	0.0
0.9732	0.0	0.0	0.0	0.0	0.0	0.0053	0.0053	0.0053	0.0053	0.0053	0.0	0.0	0.0	0.0	0.0	0.0	0.0	0.0	0.0	0.0	0.0	0.0	0.0	0.0	0.0	0.0	0.0	0.0	0.0	0.0	0.0	0.0	0.0	0.0	0.0	0.0	0.0	0.0	0.0	0.0	0.0	0.0	0.0	0.0	0.0	0.0	0.0	0.0	0.0	0.0	0.0	0.0	0.0	0.0	0.0	0.0	0.0	0.0	0.0	0.0	0.0	0.0
0.9809	0.0	0.0	0.0	0.0	0.0	0.0038	0.0038	0.0038	0.0038	0.0038	0.0	0.0	0.0	0.0	0.0	0.0	0.0	0.0	0.0	0.0	0.0	0.0	0.0	0.0	0.0	0.0	0.0	0.0	0.0	0.0	0.0	0.0	0.0	0.0	0.0	0.0	0.0	0.0	0.0	0.0	0.0	0.0	0.0	0.0	0.0	0.0	0.0	0.0	0.0	0.0	0.0	0.0	0.0	0.0	0.0	0.0	0.0	0.0	0.0	0.0	0.0	0.0
0.9793	0.0	0.0	0.0	0.0	0.0	0.0041	0.0041	0.0041	0.0041	0.0041	0.0	0.0	0.0	0.0	0.0	0.0	0.0	0.0	0.0	0.0	0.0	0.0	0.0	0.0	0.0	0.0	0.0	0.0	0.0	0.0	0.0	0.0	0.0	0.0	0.0	0.0	0.0	0.0	0.0	0.0	0.0	0.0	0.0	0.0	0.0	0.0	0.0	0.0	0.0	0.0	0.0	0.0	0.0	0.0	0.0	0.0	0.0	0.0	0.0	0.0	0.0	0.0
0.973	0.0	0.0	0.0	0.0	0.0	0.0053	0.0053	0.0053	0.0053	0.0053	0.0	0.0	0.0	0.0	0.0	0.0	0.0	0.0	0.0	0.0	0.0	0.0	0.0	0.0	0.0	0.0	0.0	0.0	0.0	0.0	0.0	0.0	0.0	0.0	0.0	0.0	0.0	0.0	0.0	0.0	0.0	0.0	0.0	0.0	0.0	0.0	0.0	0.0	0.0	0.0	0.0	0.0	0.0	0.0	0.0	0.0	0.0	0.0	0.0	0.0	0.0	0.0
0.9591	0.0	0.0	0.0	0.0	0.0	0.008	0.008	0.008	0.008	0.008	0.0	0.0	0.0	0.0	0.0	0.0	0.0	0.0	0.0	0.0	0.0001	0.0001	0.0001	0.0001	0.0001	0.0001	0.0001	0.0001	0.0001	0.0001	0.0	0.0	0.0	0.0	0.0	0.0	0.0	0.0	0.0	0.0	0.0	0.0	0.0	0.0	0.0	0.0	0.0	0.0	0.0	0.0	0.0	0.0	0.0	0.0	0.0	0.0	0.0	0.0	0.0	0.0	0.0	0.0
0.9729	0.0	0.0	0.0	0.0	0.0	0.0053	0.0053	0.0053	0.0053	0.0053	0.0	0.0	0.0	0.0	0.0	0.0	0.0	0.0	0.0	0.0	0.0	0.0	0.0	0.0	0.0	0.0	0.0	0.0	0.0	0.0	0.0	0.0	0.0	0.0	0.0	0.0	0.0	0.0	0.0	0.0	0.0	0.0	0.0	0.0	0.0	0.0	0.0	0.0	0.0	0.0	0.0	0.0	0.0	0.0	0.0	0.0	0.0	0.0	0.0	0.0	0.0	0.0
0.9645	0.0	0.0	0.0	0.0	0.0	0.007	0.007	0.007	0.007	0.007	0.0	0.0	0.0	0.0	0.0	0.0	0.0	0.0	0.0	0.0	0.0001	0.0001	0.0001	0.0001	0.0001	0.0001	0.0001	0.0001	0.0001	0.0001	0.0	0.0	0.0	0.0	0.0	0.0	0.0	0.0	0.0	0.0	0.0	0.0	0.0	0.0	0.0	0.0	0.0	0.0	0.0	0.0	0.0	0.0	0.0	0.0	0.0	0.0	0.0	0.0	0.0	0.0	0.0	0.0
0.9548	0.0	0.0	0.0	0.0	0.0	0.0088	0.0088	0.0088	0.0088	0.0088	0.0	0.0	0.0	0.0	0.0	0.0	0.0	0.0	0.0	0.0	0.0001	0.0001	0.0001	0.0001	0.0001	0.0001	0.0001	0.0001	0.0001	0.0001	0.0	0.0	0.0	0.0	0.0	0.0	0.0	0.0	0.0	0.0	0.0	0.0	0.0	0.0	0.0	0.0	0.0	0.0	0.0	0.0	0.0	0.0	0.0	0.0	0.0	0.0	0.0	0.0	0.0	0.0	0.0	0.0
0.7514	0.0011	0.0011	0.0011	0.0011	0.0011	0.0431	0.0431	0.0431	0.0431	0.0431	0.0001	0.0001	0.0001	0.0001	0.0001	0.0001	0.0001	0.0001	0.0001	0.0001	0.0025	0.0025	0.0025	0.0025	0.0025	0.0025	0.0025	0.0025	0.0025	0.0025	0.0	0.0	0.0	0.0	0.0	0.0	0.0	0.0	0.0	0.0	0.0001	0.0001	0.0001	0.0001	0.0001	0.0001	0.0001	0.0001	0.0001	0.0001	0.0	0.0	0.0	0.0	0.0	0.0	0.0	0.0	0.0	0.0	0.0	0.0
0.9128	0.0001	0.0001	0.0001	0.0001	0.0001	0.0166	0.0166	0.0166	0.0166	0.0166	0.0	0.0	0.0	0.0	0.0	0.0	0.0	0.0	0.0	0.0	0.0004	0.0004	0.0004	0.0004	0.0004	0.0004	0.0004	0.0004	0.0004	0.0004	0.0	0.0	0.0	0.0	0.0	0.0	0.0	0.0	0.0	0.0	0.0	0.0	0.0	0.0	0.0	0.0	0.0	0.0	0.0	0.0	0.0	0.0	0.0	0.0	0.0	0.0	0.0	0.0	0.0	0.0	0.0	0.0
0.8414	0.0004	0.0004	0.0004	0.0004	0.0004	0.0291	0.0291	0.0291	0.0291	0.0291	0.0	0.0	0.0	0.0	0.0	0.0	0.0	0.0	0.0	0.0	0.001	0.001	0.001	0.001	0.001	0.001	0.001	0.001	0.001	0.001	0.0	0.0	0.0	0.0	0.0	0.0	0.0	0.0	0.0	0.0	0.0	0.0	0.0	0.0	0.0	0.0	0.0	0.0	0.0	0.0	0.0	0.0	0.0	0.0	0.0	0.0	0.0	0.0	0.0	0.0	0.0	0.0
0.9488	0.0	0.0	0.0	0.0	0.0	0.01	0.01	0.01	0.01	0.01	0.0	0.0	0.0	0.0	0.0	0.0	0.0	0.0	0.0	0.0	0.0001	0.0001	0.0001	0.0001	0.0001	0.0001	0.0001	0.0001	0.0001	0.0001	0.0	0.0	0.0	0.0	0.0	0.0	0.0	0.0	0.0	0.0	0.0	0.0	0.0	0.0	0.0	0.0	0.0	0.0	0.0	0.0	0.0	0.0	0.0	0.0	0.0	0.0	0.0	0.0	0.0	0.0	0.0	0.0
0.9482	0.0	0.0	0.0	0.0	0.0	0.0101	0.0101	0.0101	0.0101	0.0101	0.0	0.0	0.0	0.0	0.0	0.0	0.0	0.0	0.0	0.0	0.0001	0.0001	0.0001	0.0001	0.0001	0.0001	0.0001	0.0001	0.0001	0.0001	0.0	0.0	0.0	0.0	0.0	0.0	0.0	0.0	0.0	0.0	0.0	0.0	0.0	0.0	0.0	0.0	0.0	0.0	0.0	0.0	0.0	0.0	0.0	0.0	0.0	0.0	0.0	0.0	0.0	0.0	0.0	0.0
0.9417	0.0	0.0	0.0	0.0	0.0	0.0112	0.0112	0.0112	0.0112	0.0112	0.0	0.0	0.0	0.0	0.0	0.0	0.0	0.0	0.0	0.0	0.0002	0.0002	0.0002	0.0002	0.0002	0.0002	0.0002	0.0002	0.0002	0.0002	0.0	0.0	0.0	0.0	0.0	0.0	0.0	0.0	0.0	0.0	0.0	0.0	0.0	0.0	0.0	0.0	0.0	0.0	0.0	0.0	0.0	0.0	0.0	0.0	0.0	0.0	0.0	0.0	0.0	0.0	0.0	0.0
0.9145	0.0001	0.0001	0.0001	0.0001	0.0001	0.0163	0.0163	0.0163	0.0163	0.0163	0.0	0.0	0.0	0.0	0.0	0.0	0.0	0.0	0.0	0.0	0.0003	0.0003	0.0003	0.0003	0.0003	0.0003	0.0003	0.0003	0.0003	0.0003	0.0	0.0	0.0	0.0	0.0	0.0	0.0	0.0	0.0	0.0	0.0	0.0	0.0	0.0	0.0	0.0	0.0	0.0	0.0	0.0	0.0	0.0	0.0	0.0	0.0	0.0	0.0	0.0	0.0	0.0	0.0	0.0
0.9096	0.0001	0.0001	0.0001	0.0001	0.0001	0.0172	0.0172	0.0172	0.0172	0.0172	0.0	0.0	0.0	0.0	0.0	0.0	0.0	0.0	0.0	0.0	0.0004	0.0004	0.0004	0.0004	0.0004	0.0004	0.0004	0.0004	0.0004	0.0004	0.0	0.0	0.0	0.0	0.0	0.0	0.0	0.0	0.0	0.0	0.0	0.0	0.0	0.0	0.0	0.0	0.0	0.0	0.0	0.0	0.0	0.0	0.0	0.0	0.0	0.0	0.0	0.0	0.0	0.0	0.0	0.0
0.9289	0.0001	0.0001	0.0001	0.0001	0.0001	0.0137	0.0137	0.0137	0.0137	0.0137	0.0	0.0	0.0	0.0	0.0	0.0	0.0	0.0	0.0	0.0	0.0002	0.0002	0.0002	0.0002	0.0002	0.0002	0.0002	0.0002	0.0002	0.0002	0.0	0.0	0.0	0.0	0.0	0.0	0.0	0.0	0.0	0.0	0.0	0.0	0.0	0.0	0.0	0.0	0.0	0.0	0.0	0.0	0.0	0.0	0.0	0.0	0.0	0.0	0.0	0.0	0.0	0.0	0.0	0.0
0.9566	0.0	0.0	0.0	0.0	0.0	0.0085	0.0085	0.0085	0.0085	0.0085	0.0	0.0	0.0	0.0	0.0	0.0	0.0	0.0	0.0	0.0	0.0001	0.0001	0.0001	0.0001	0.0001	0.0001	0.0001	0.0001	0.0001	0.0001	0.0	0.0	0.0	0.0	0.0	0.0	0.0	0.0	0.0	0.0	0.0	0.0	0.0	0.0	0.0	0.0	0.0	0.0	0.0	0.0	0.0	0.0	0.0	0.0	0.0	0.0	0.0	0.0	0.0	0.0	0.0	0.0
0.9707	0.0	0.0	0.0	0.0	0.0	0.0058	0.0058	0.0058	0.0058	0.0058	0.0	0.0	0.0	0.0	0.0	0.0	0.0	0.0	0.0	0.0	0.0	0.0	0.0	0.0	0.0	0.0	0.0	0.0	0.0	0.0	0.0	0.0	0.0	0.0	0.0	0.0	0.0	0.0	0.0	0.0	0.0	0.0	0.0	0.0	0.0	0.0	0.0	0.0	0.0	0.0	0.0	0.0	0.0	0.0	0.0	0.0	0.0	0.0	0.0	0.0	0.0	0.0
0.9349	0.0001	0.0001	0.0001	0.0001	0.0001	0.0126	0.0126	0.0126	0.0126	0.0126	0.0	0.0	0.0	0.0	0.0	0.0	0.0	0.0	0.0	0.0	0.0002	0.0002	0.0002	0.0002	0.0002	0.0002	0.0002	0.0002	0.0002	0.0002	0.0	0.0	0.0	0.0	0.0	0.0	0.0	0.0	0.0	0.0	0.0	0.0	0.0	0.0	0.0	0.0	0.0	0.0	0.0	0.0	0.0	0.0	0.0	0.0	0.0	0.0	0.0	0.0	0.0	0.0	0.0	0.0
0.9879	0.0	0.0	0.0	0.0	0.0	0.0024	0.0024	0.0024	0.0024	0.0024	0.0	0.0	0.0	0.0	0.0	0.0	0.0	0.0	0.0	0.0	0.0	0.0	0.0	0.0	0.0	0.0	0.0	0.0	0.0	0.0	0.0	0.0	0.0	0.0	0.0	0.0	0.0	0.0	0.0	0.0	0.0	0.0	0.0	0.0	0.0	0.0	0.0	0.0	0.0	0.0	0.0	0.0	0.0	0.0	0.0	0.0	0.0	0.0	0.0	0.0	0.0	0.0
0.9601	0.0	0.0	0.0	0.0	0.0	0.0078	0.0078	0.0078	0.0078	0.0078	0.0	0.0	0.0	0.0	0.0	0.0	0.0	0.0	0.0	0.0	0.0001	0.0001	0.0001	0.0001	0.0001	0.0001	0.0001	0.0001	0.0001	0.0001	0.0	0.0	0.0	0.0	0.0	0.0	0.0	0.0	0.0	0.0	0.0	0.0	0.0	0.0	0.0	0.0	0.0	0.0	0.0	0.0	0.0	0.0	0.0	0.0	0.0	0.0	0.0	0.0	0.0	0.0	0.0	0.0
0.9711	0.0	0.0	0.0	0.0	0.0	0.0057	0.0057	0.0057	0.0057	0.0057	0.0	0.0	0.0	0.0	0.0	0.0	0.0	0.0	0.0	0.0	0.0	0.0	0.0	0.0	0.0	0.0	0.0	0.0	0.0	0.0	0.0	0.0	0.0	0.0	0.0	0.0	0.0	0.0	0.0	0.0	0.0	0.0	0.0	0.0	0.0	0.0	0.0	0.0	0.0	0.0	0.0	0.0	0.0	0.0	0.0	0.0	0.0	0.0	0.0	0.0	0.0	0.0
0.9843	0.0	0.0	0.0	0.0	0.0	0.0031	0.0031	0.0031	0.0031	0.0031	0.0	0.0	0.0	0.0	0.0	0.0	0.0	0.0	0.0	0.0	0.0	0.0	0.0	0.0	0.0	0.0	0.0	0.0	0.0	0.0	0.0	0.0	0.0	0.0	0.0	0.0	0.0	0.0	0.0	0.0	0.0	0.0	0.0	0.0	0.0	0.0	0.0	0.0	0.0	0.0	0.0	0.0	0.0	0.0	0.0	0.0	0.0	0.0	0.0	0.0	0.0	0.0
0.9443	0.0	0.0	0.0	0.0	0.0	0.0108	0.0108	0.0108	0.0108	0.0108	0.0	0.0	0.0	0.0	0.0	0.0	0.0	0.0	0.0	0.0	0.0001	0.0001	0.0001	0.0001	0.0001	0.0001	0.0001	0.0001	0.0001	0.0001	0.0	0.0	0.0	0.0	0.0	0.0	0.0	0.0	0.0	0.0	0.0	0.0	0.0	0.0	0.0	0.0	0.0	0.0	0.0	0.0	0.0	0.0	0.0	0.0	0.0	0.0	0.0	0.0	0.0	0.0	0.0	0.0
0.9666	0.0	0.0	0.0	0.0	0.0	0.0066	0.0066	0.0066	0.0066	0.0066	0.0	0.0	0.0	0.0	0.0	0.0	0.0	0.0	0.0	0.0	0.0001	0.0001	0.0001	0.0001	0.0001	0.0001	0.0001	0.0001	0.0001	0.0001	0.0	0.0	0.0	0.0	0.0	0.0	0.0	0.0	0.0	0.0	0.0	0.0	0.0	0.0	0.0	0.0	0.0	0.0	0.0	0.0	0.0	0.0	0.0	0.0	0.0	0.0	0.0	0.0	0.0	0.0	0.0	0.0
0.9748	0.0	0.0	0.0	0.0	0.0	0.005	0.005	0.005	0.005	0.005	0.0	0.0	0.0	0.0	0.0	0.0	0.0	0.0	0.0	0.0	0.0	0.0	0.0	0.0	0.0	0.0	0.0	0.0	0.0	0.0	0.0	0.0	0.0	0.0	0.0	0.0	0.0	0.0	0.0	0.0	0.0	0.0	0.0	0.0	0.0	0.0	0.0	0.0	0.0	0.0	0.0	0.0	0.0	0.0	0.0	0.0	0.0	0.0	0.0	0.0	0.0	0.0
0.9514	0.0	0.0	0.0	0.0	0.0	0.0095	0.0095	0.0095	0.0095	0.0095	0.0	0.0	0.0	0.0	0.0	0.0	0.0	0.0	0.0	0.0	0.0001	0.0001	0.0001	0.0001	0.0001	0.0001	0.0001	0.0001	0.0001	0.0001	0.0	0.0	0.0	0.0	0.0	0.0	0.0	0.0	0.0	0.0	0.0	0.0	0.0	0.0	0.0	0.0	0.0	0.0	0.0	0.0	0.0	0.0	0.0	0.0	0.0	0.0	0.0	0.0	0.0	0.0	0.0	0.0
0.9323	0.0001	0.0001	0.0001	0.0001	0.0001	0.013	0.013	0.013	0.013	0.013	0.0	0.0	0.0	0.0	0.0	0.0	0.0	0.0	0.0	0.0	0.0002	0.0002	0.0002	0.0002	0.0002	0.0002	0.0002	0.0002	0.0002	0.0002	0.0	0.0	0.0	0.0	0.0	0.0	0.0	0.0	0.0	0.0	0.0	0.0	0.0	0.0	0.0	0.0	0.0	0.0	0.0	0.0	0.0	0.0	0.0	0.0	0.0	0.0	0.0	0.0	0.0	0.0	0.0	0.0
0.8875	0.0001	0.0001	0.0001	0.0001	0.0001	0.0211	0.0211	0.0211	0.0211	0.0211	0.0	0.0	0.0	0.0	0.0	0.0	0.0	0.0	0.0	0.0	0.0006	0.0006	0.0006	0.0006	0.0006	0.0006	0.0006	0.0006	0.0006	0.0006	0.0	0.0	0.0	0.0	0.0	0.0	0.0	0.0	0.0	0.0	0.0	0.0	0.0	0.0	0.0	0.0	0.0	0.0	0.0	0.0	0.0	0.0	0.0	0.0	0.0	0.0	0.0	0.0	0.0	0.0	0.0	0.0
0.9263	0.0	0.0	0.0	0.0	0.0	0.0141	0.0141	0.0141	0.0141	0.0141	0.0	0.0	0.0	0.0	0.0	0.0	0.0	0.0	0.0	0.0	0.0003	0.0003	0.0003	0.0003	0.0003	0.0003	0.0003	0.0003	0.0003	0.0003	0.0	0.0	0.0	0.0	0.0	0.0	0.0	0.0	0.0	0.0	0.0	0.0	0.0	0.0	0.0	0.0	0.0	0.0	0.0	0.0	0.0	0.0	0.0	0.0	0.0	0.0	0.0	0.0	0.0	0.0	0.0	0.0
0.9173	0.0001	0.0001	0.0001	0.0001	0.0001	0.0158	0.0158	0.0158	0.0158	0.0158	0.0	0.0	0.0	0.0	0.0	0.0	0.0	0.0	0.0	0.0	0.0003	0.0003	0.0003	0.0003	0.0003	0.0003	0.0003	0.0003	0.0003	0.0003	0.0	0.0	0.0	0.0	0.0	0.0	0.0	0.0	0.0	0.0	0.0	0.0	0.0	0.0	0.0	0.0	0.0	0.0	0.0	0.0	0.0	0.0	0.0	0.0	0.0	0.0	0.0	0.0	0.0	0.0	0.0	0.0
0.9295	0.0001	0.0001	0.0001	0.0001	0.0001	0.0136	0.0136	0.0136	0.0136	0.0136	0.0	0.0	0.0	0.0	0.0	0.0	0.0	0.0	0.0	0.0	0.0002	0.0002	0.0002	0.0002	0.0002	0.0002	0.0002	0.0002	0.0002	0.0002	0.0	0.0	0.0	0.0	0.0	0.0	0.0	0.0	0.0	0.0	0.0	0.0	0.0	0.0	0.0	0.0	0.0	0.0	0.0	0.0	0.0	0.0	0.0	0.0	0.0	0.0	0.0	0.0	0.0	0.0	0.0	0.0
0.9596	0.0	0.0	0.0	0.0	0.0	0.0079	0.0079	0.0079	0.0079	0.0079	0.0	0.0	0.0	0.0	0.0	0.0	0.0	0.0	0.0	0.0	0.0001	0.0001	0.0001	0.0001	0.0001	0.0001	0.0001	0.0001	0.0001	0.0001	0.0	0.0	0.0	0.0	0.0	0.0	0.0	0.0	0.0	0.0	0.0	0.0	0.0	0.0	0.0	0.0	0.0	0.0	0.0	0.0	0.0	0.0	0.0	0.0	0.0	0.0	0.0	0.0	0.0	0.0	0.0	0.0
0.9539	0.0	0.0	0.0	0.0	0.0	0.009	0.009	0.009	0.009	0.009	0.0	0.0	0.0	0.0	0.0	0.0	0.0	0.0	0.0	0.0	0.0001	0.0001	0.0001	0.0001	0.0001	0.0001	0.0001	0.0001	0.0001	0.0001	0.0	0.0	0.0	0.0	0.0	0.0	0.0	0.0	0.0	0.0	0.0	0.0	0.0	0.0	0.0	0.0	0.0	0.0	0.0	0.0	0.0	0.0	0.0	0.0	0.0	0.0	0.0	0.0	0.0	0.0	0.0	0.0
0.957	0.0	0.0	0.0	0.0	0.0	0.0084	0.0084	0.0084	0.0084	0.0084	0.0	0.0	0.0	0.0	0.0	0.0	0.0	0.0	0.0	0.0	0.0001	0.0001	0.0001	0.0001	0.0001	0.0001	0.0001	0.0001	0.0001	0.0001	0.0	0.0	0.0	0.0	0.0	0.0	0.0	0.0	0.0	0.0	0.0	0.0	0.0	0.0	0.0	0.0	0.0	0.0	0.0	0.0	0.0	0.0	0.0	0.0	0.0	0.0	0.0	0.0	0.0	0.0	0.0	0.0
0.9534	0.0	0.0	0.0	0.0	0.0	0.0091	0.0091	0.0091	0.0091	0.0091	0.0	0.0	0.0	0.0	0.0	0.0	0.0	0.0	0.0	0.0	0.0001	0.0001	0.0001	0.0001	0.0001	0.0001	0.0001	0.0001	0.0001	0.0001	0.0	0.0	0.0	0.0	0.0	0.0	0.0	0.0	0.0	0.0	0.0	0.0	0.0	0.0	0.0	0.0	0.0	0.0	0.0	0.0	0.0	0.0	0.0	0.0	0.0	0.0	0.0	0.0	0.0	0.0	0.0	0.0
0.9537	0.0	0.0	0.0	0.0	0.0	0.009	0.009	0.009	0.009	0.009	0.0	0.0	0.0	0.0	0.0	0.0	0.0	0.0	0.0	0.0	0.0001	0.0001	0.0001	0.0001	0.0001	0.0001	0.0001	0.0001	0.0001	0.0001	0.0	0.0	0.0	0.0	0.0	0.0	0.0	0.0	0.0	0.0	0.0	0.0	0.0	0.0	0.0	0.0	0.0	0.0	0.0	0.0	0.0	0.0	0.0	0.0	0.0	0.0	0.0	0.0	0.0	0.0	0.0	0.0
0.9399	0.0001	0.0001	0.0001	0.0001	0.0001	0.0116	0.0116	0.0116	0.0116	0.0116	0.0	0.0	0.0	0.0	0.0	0.0	0.0	0.0	0.0	0.0	0.0001	0.0001	0.0001	0.0001	0.0001	0.0001	0.0001	0.0001	0.0001	0.0001	0.0	0.0	0.0	0.0	0.0	0.0	0.0	0.0	0.0	0.0	0.0	0.0	0.0	0.0	0.0	0.0	0.0	0.0	0.0	0.0	0.0	0.0	0.0	0.0	0.0	0.0	0.0	0.0	0.0	0.0	0.0	0.0
0.9472	0.0	0.0	0.0	0.0	0.0	0.0103	0.0103	0.0103	0.0103	0.0103	0.0	0.0	0.0	0.0	0.0	0.0	0.0	0.0	0.0	0.0	0.0001	0.0001	0.0001	0.0001	0.0001	0.0001	0.0001	0.0001	0.0001	0.0001	0.0	0.0	0.0	0.0	0.0	0.0	0.0	0.0	0.0	0.0	0.0	0.0	0.0	0.0	0.0	0.0	0.0	0.0	0.0	0.0	0.0	0.0	0.0	0.0	0.0	0.0	0.0	0.0	0.0	0.0	0.0	0.0
0.9834	0.0	0.0	0.0	0.0	0.0	0.0033	0.0033	0.0033	0.0033	0.0033	0.0	0.0	0.0	0.0	0.0	0.0	0.0	0.0	0.0	0.0	0.0	0.0	0.0	0.0	0.0	0.0	0.0	0.0	0.0	0.0	0.0	0.0	0.0	0.0	0.0	0.0	0.0	0.0	0.0	0.0	0.0	0.0	0.0	0.0	0.0	0.0	0.0	0.0	0.0	0.0	0.0	0.0	0.0	0.0	0.0	0.0	0.0	0.0	0.0	0.0	0.0	0.0
0.9526	0.0	0.0	0.0	0.0	0.0	0.0092	0.0092	0.0092	0.0092	0.0092	0.0	0.0	0.0	0.0	0.0	0.0	0.0	0.0	0.0	0.0	0.0001	0.0001	0.0001	0.0001	0.0001	0.0001	0.0001	0.0001	0.0001	0.0001	0.0	0.0	0.0	0.0	0.0	0.0	0.0	0.0	0.0	0.0	0.0	0.0	0.0	0.0	0.0	0.0	0.0	0.0	0.0	0.0	0.0	0.0	0.0	0.0	0.0	0.0	0.0	0.0	0.0	0.0	0.0	0.0
0.9639	0.0	0.0	0.0	0.0	0.0	0.0071	0.0071	0.0071	0.0071	0.0071	0.0	0.0	0.0	0.0	0.0	0.0	0.0	0.0	0.0	0.0	0.0001	0.0001	0.0001	0.0001	0.0001	0.0001	0.0001	0.0001	0.0001	0.0001	0.0	0.0	0.0	0.0	0.0	0.0	0.0	0.0	0.0	0.0	0.0	0.0	0.0	0.0	0.0	0.0	0.0	0.0	0.0	0.0	0.0	0.0	0.0	0.0	0.0	0.0	0.0	0.0	0.0	0.0	0.0	0.0
0.9524	0.0	0.0	0.0	0.0	0.0	0.0093	0.0093	0.0093	0.0093	0.0093	0.0	0.0	0.0	0.0	0.0	0.0	0.0	0.0	0.0	0.0	0.0001	0.0001	0.0001	0.0001	0.0001	0.0001	0.0001	0.0001	0.0001	0.0001	0.0	0.0	0.0	0.0	0.0	0.0	0.0	0.0	0.0	0.0	0.0	0.0	0.0	0.0	0.0	0.0	0.0	0.0	0.0	0.0	0.0	0.0	0.0	0.0	0.0	0.0	0.0	0.0	0.0	0.0	0.0	0.0
0.9601	0.0	0.0	0.0	0.0	0.0	0.0078	0.0078	0.0078	0.0078	0.0078	0.0	0.0	0.0	0.0	0.0	0.0	0.0	0.0	0.0	0.0	0.0001	0.0001	0.0001	0.0001	0.0001	0.0001	0.0001	0.0001	0.0001	0.0001	0.0	0.0	0.0	0.0	0.0	0.0	0.0	0.0	0.0	0.0	0.0	0.0	0.0	0.0	0.0	0.0	0.0	0.0	0.0	0.0	0.0	0.0	0.0	0.0	0.0	0.0	0.0	0.0	0.0	0.0	0.0	0.0
0.9482	0.0	0.0	0.0	0.0	0.0	0.0101	0.0101	0.0101	0.0101	0.0101	0.0	0.0	0.0	0.0	0.0	0.0	0.0	0.0	0.0	0.0	0.0001	0.0001	0.0001	0.0001	0.0001	0.0001	0.0001	0.0001	0.0001	0.0001	0.0	0.0	0.0	0.0	0.0	0.0	0.0	0.0	0.0	0.0	0.0	0.0	0.0	0.0	0.0	0.0	0.0	0.0	0.0	0.0	0.0	0.0	0.0	0.0	0.0	0.0	0.0	0.0	0.0	0.0	0.0	0.0
0.9606	0.0	0.0	0.0	0.0	0.0	0.0077	0.0077	0.0077	0.0077	0.0077	0.0	0.0	0.0	0.0	0.0	0.0	0.0	0.0	0.0	0.0	0.0001	0.0001	0.0001	0.0001	0.0001	0.0001	0.0001	0.0001	0.0001	0.0001	0.0	0.0	0.0	0.0	0.0	0.0	0.0	0.0	0.0	0.0	0.0	0.0	0.0	0.0	0.0	0.0	0.0	0.0	0.0	0.0	0.0	0.0	0.0	0.0	0.0	0.0	0.0	0.0	0.0	0.0	0.0	0.0
0.9548	0.0	0.0	0.0	0.0	0.0	0.0088	0.0088	0.0088	0.0088	0.0088	0.0	0.0	0.0	0.0	0.0	0.0	0.0	0.0	0.0	0.0	0.0001	0.0001	0.0001	0.0001	0.0001	0.0001	0.0001	0.0001	0.0001	0.0001	0.0	0.0	0.0	0.0	0.0	0.0	0.0	0.0	0.0	0.0	0.0	0.0	0.0	0.0	0.0	0.0	0.0	0.0	0.0	0.0	0.0	0.0	0.0	0.0	0.0	0.0	0.0	0.0	0.0	0.0	0.0	0.0
0.9833	0.0	0.0	0.0	0.0	0.0	0.0033	0.0033	0.0033	0.0033	0.0033	0.0	0.0	0.0	0.0	0.0	0.0	0.0	0.0	0.0	0.0	0.0	0.0	0.0	0.0	0.0	0.0	0.0	0.0	0.0	0.0	0.0	0.0	0.0	0.0	0.0	0.0	0.0	0.0	0.0	0.0	0.0	0.0	0.0	0.0	0.0	0.0	0.0	0.0	0.0	0.0	0.0	0.0	0.0	0.0	0.0	0.0	0.0	0.0	0.0	0.0	0.0	0.0
0.9818	0.0	0.0	0.0	0.0	0.0	0.0036	0.0036	0.0036	0.0036	0.0036	0.0	0.0	0.0	0.0	0.0	0.0	0.0	0.0	0.0	0.0	0.0	0.0	0.0	0.0	0.0	0.0	0.0	0.0	0.0	0.0	0.0	0.0	0.0	0.0	0.0	0.0	0.0	0.0	0.0	0.0	0.0	0.0	0.0	0.0	0.0	0.0	0.0	0.0	0.0	0.0	0.0	0.0	0.0	0.0	0.0	0.0	0.0	0.0	0.0	0.0	0.0	0.0
0.9718	0.0	0.0	0.0	0.0	0.0	0.0056	0.0056	0.0056	0.0056	0.0056	0.0	0.0	0.0	0.0	0.0	0.0	0.0	0.0	0.0	0.0	0.0	0.0	0.0	0.0	0.0	0.0	0.0	0.0	0.0	0.0	0.0	0.0	0.0	0.0	0.0	0.0	0.0	0.0	0.0	0.0	0.0	0.0	0.0	0.0	0.0	0.0	0.0	0.0	0.0	0.0	0.0	0.0	0.0	0.0	0.0	0.0	0.0	0.0	0.0	0.0	0.0	0.0
