x1	x2	x3	x4	x5	x6	x7	x8	x9	x10	x11	x12	x13	x14	x15	x16	x17	x18	x19	x20	x21	x22	x23	x24	x25	x26	x27	x28	x29	x30	x31	x32	x33	x34	x35	x36	x37	x38	x39	x40	x41	x42	x43	x44	x45	x46	x47	x48	x49	x50	x51	x52	x53	x54	x55	x56	x57	x58	x59	x60	x61	x62	x63
0.1031	0.1358	0.1383	0.1411	0.1442	0.2277	0.003	0.003	0.0031	0.0031	0.0052	0.0038	0.0038	0.0039	0.006	0.0039	0.0039	0.0061	0.0039	0.0061	0.0062	0.0012	0.0012	0.0012	0.0016	0.0012	0.0012	0.0016	0.0013	0.0016	0.0016	0.0014	0.0014	0.0017	0.0014	0.0017	0.0018	0.0014	0.0018	0.0018	0.0018	0.0007	0.0007	0.0008	0.0007	0.0008	0.0008	0.0007	0.0008	0.0008	0.0008	0.0007	0.0009	0.0009	0.0009	0.0009	0.0004	0.0005	0.0005	0.0005	0.0005	0.0005	0.0003
0.1191	0.1732	0.18	0.177	0.1788	0.1235	0.0016	0.0017	0.0016	0.0016	0.001	0.0023	0.0022	0.0022	0.0017	0.0023	0.0023	0.0018	0.0023	0.0017	0.0018	0.0007	0.0007	0.0007	0.0006	0.0007	0.0007	0.0006	0.0007	0.0006	0.0006	0.0008	0.0008	0.0007	0.0008	0.0007	0.0007	0.0008	0.0007	0.0007	0.0007	0.0004	0.0004	0.0003	0.0004	0.0003	0.0003	0.0004	0.0003	0.0003	0.0003	0.0004	0.0004	0.0004	0.0004	0.0004	0.0002	0.0002	0.0002	0.0002	0.0002	0.0002	0.0001
0.0625	0.0631	0.0669	0.0649	0.0657	0.4536	0.0046	0.0047	0.0046	0.0046	0.0166	0.0047	0.0046	0.0046	0.0167	0.0047	0.0048	0.0177	0.0047	0.017	0.0172	0.002	0.002	0.002	0.004	0.002	0.002	0.0041	0.002	0.004	0.004	0.002	0.002	0.0041	0.002	0.004	0.0041	0.002	0.0041	0.0041	0.0041	0.0011	0.0011	0.0019	0.0011	0.0018	0.0018	0.0011	0.0019	0.0019	0.0019	0.0011	0.0019	0.0019	0.0019	0.0019	0.0006	0.001	0.001	0.001	0.001	0.001	0.0006
0.0407	0.0433	0.0418	0.0422	0.4715	0.0431	0.006	0.0059	0.006	0.0243	0.006	0.0061	0.0061	0.0261	0.0062	0.006	0.025	0.0061	0.0252	0.0061	0.0258	0.0027	0.0027	0.006	0.0027	0.0027	0.0059	0.0027	0.0059	0.0027	0.006	0.0027	0.006	0.0028	0.0061	0.0028	0.0061	0.006	0.0027	0.006	0.006	0.0015	0.0027	0.0015	0.0027	0.0015	0.0027	0.0027	0.0015	0.0027	0.0027	0.0027	0.0015	0.0027	0.0027	0.0027	0.0014	0.0009	0.0015	0.0015	0.0014	0.0015	0.0009
0.0433	0.4419	0.0444	0.0448	0.0453	0.0458	0.026	0.0062	0.0063	0.0063	0.0063	0.0267	0.0269	0.0272	0.0275	0.0063	0.0064	0.0064	0.0064	0.0064	0.0065	0.0062	0.0062	0.0062	0.0063	0.0028	0.0028	0.0028	0.0028	0.0028	0.0029	0.0063	0.0063	0.0063	0.0063	0.0064	0.0064	0.0029	0.0029	0.0029	0.0029	0.0028	0.0028	0.0028	0.0028	0.0028	0.0028	0.0015	0.0015	0.0015	0.0015	0.0028	0.0028	0.0029	0.0029	0.0015	0.0015	0.0015	0.0015	0.0015	0.0009	0.0015	0.0009
0.0583	0.4337	0.0596	0.0599	0.0655	0.0613	0.0189	0.0051	0.0051	0.0053	0.0052	0.0192	0.0193	0.0212	0.0196	0.0052	0.0054	0.0052	0.0054	0.0052	0.0054	0.0048	0.0048	0.005	0.0048	0.0024	0.0024	0.0024	0.0024	0.0024	0.0024	0.0048	0.005	0.0049	0.005	0.0049	0.005	0.0024	0.0024	0.0025	0.0025	0.0023	0.0023	0.0023	0.0023	0.0023	0.0023	0.0013	0.0013	0.0013	0.0013	0.0023	0.0023	0.0024	0.0024	0.0013	0.0013	0.0013	0.0013	0.0013	0.0008	0.0013	0.0008
0.0583	0.4337	0.0596	0.0599	0.0655	0.0613	0.0189	0.0051	0.0051	0.0053	0.0052	0.0192	0.0193	0.0212	0.0196	0.0052	0.0054	0.0052	0.0054	0.0052	0.0054	0.0048	0.0048	0.005	0.0048	0.0024	0.0024	0.0024	0.0024	0.0024	0.0024	0.0048	0.005	0.0049	0.005	0.0049	0.005	0.0024	0.0024	0.0025	0.0025	0.0023	0.0023	0.0023	0.0023	0.0023	0.0023	0.0013	0.0013	0.0013	0.0013	0.0023	0.0023	0.0024	0.0024	0.0013	0.0013	0.0013	0.0013	0.0013	0.0008	0.0013	0.0008
0.0856	0.2873	0.1897	0.0887	0.0885	0.0892	0.0105	0.0056	0.0034	0.0034	0.0034	0.0132	0.0111	0.011	0.0111	0.0059	0.0058	0.0059	0.0035	0.0035	0.0035	0.0031	0.0028	0.0027	0.0028	0.0019	0.0019	0.0019	0.0015	0.0015	0.0015	0.0032	0.0032	0.0032	0.0028	0.0028	0.0028	0.0019	0.0019	0.0019	0.0015	0.0014	0.0014	0.0014	0.0013	0.0013	0.0013	0.001	0.001	0.001	0.0008	0.0015	0.0015	0.0015	0.0013	0.001	0.0008	0.0008	0.0008	0.0007	0.0006	0.0008	0.0005
0.0839	0.3058	0.3176	0.0851	0.0854	0.0857	0.0017	0.0018	0.0007	0.0007	0.0007	0.003	0.0017	0.0017	0.0018	0.0019	0.0019	0.0019	0.0007	0.0007	0.0007	0.0007	0.0005	0.0005	0.0005	0.0005	0.0005	0.0005	0.0003	0.0003	0.0003	0.0007	0.0007	0.0007	0.0005	0.0005	0.0005	0.0005	0.0005	0.0005	0.0003	0.0003	0.0003	0.0003	0.0002	0.0002	0.0002	0.0002	0.0002	0.0002	0.0002	0.0003	0.0003	0.0003	0.0002	0.0002	0.0002	0.0002	0.0002	0.0001	0.0001	0.0002	0.0001
0.0405	0.3812	0.0448	0.0419	0.0423	0.0427	0.0303	0.0078	0.0076	0.0076	0.0077	0.0338	0.0314	0.0317	0.032	0.0079	0.0079	0.008	0.0077	0.0078	0.0078	0.0078	0.0076	0.0076	0.0076	0.0035	0.0035	0.0035	0.0035	0.0035	0.0035	0.0079	0.0079	0.008	0.0077	0.0077	0.0078	0.0036	0.0036	0.0036	0.0035	0.0035	0.0035	0.0035	0.0035	0.0035	0.0035	0.0019	0.0019	0.0019	0.0019	0.0036	0.0036	0.0036	0.0035	0.0019	0.0019	0.0019	0.0019	0.0019	0.0011	0.0019	0.0011
0.0501	0.383	0.0516	0.0526	0.0526	0.0533	0.027	0.0067	0.0068	0.0068	0.0068	0.0279	0.0285	0.0284	0.0288	0.0069	0.0069	0.0069	0.0069	0.007	0.007	0.0066	0.0067	0.0067	0.0067	0.0031	0.0031	0.0031	0.0031	0.0031	0.0031	0.0068	0.0068	0.0068	0.0068	0.0069	0.0069	0.0031	0.0031	0.0031	0.0031	0.003	0.003	0.003	0.003	0.0031	0.0031	0.0016	0.0017	0.0017	0.0017	0.0031	0.0031	0.0031	0.0031	0.0017	0.0016	0.0016	0.0016	0.0016	0.001	0.0017	0.001
0.0501	0.383	0.0516	0.0526	0.0526	0.0533	0.027	0.0067	0.0068	0.0068	0.0068	0.0279	0.0285	0.0284	0.0288	0.0069	0.0069	0.0069	0.0069	0.007	0.007	0.0066	0.0067	0.0067	0.0067	0.0031	0.0031	0.0031	0.0031	0.0031	0.0031	0.0068	0.0068	0.0068	0.0068	0.0069	0.0069	0.0031	0.0031	0.0031	0.0031	0.003	0.003	0.003	0.003	0.0031	0.0031	0.0016	0.0017	0.0017	0.0017	0.0031	0.0031	0.0031	0.0031	0.0017	0.0016	0.0016	0.0016	0.0016	0.001	0.0017	0.001
0.0432	0.0579	0.0445	0.4397	0.0479	0.0443	0.0067	0.0059	0.0212	0.0059	0.0059	0.0068	0.0298	0.0068	0.0067	0.022	0.006	0.006	0.0218	0.0219	0.006	0.0032	0.0066	0.0032	0.0032	0.0059	0.0029	0.0029	0.0059	0.0059	0.0029	0.0067	0.0032	0.0032	0.0067	0.0067	0.0032	0.0059	0.0059	0.003	0.0059	0.0032	0.0018	0.0018	0.0031	0.0031	0.0018	0.0029	0.0029	0.0017	0.0029	0.0032	0.0032	0.0018	0.0032	0.0029	0.0018	0.0018	0.0011	0.0018	0.0017	0.0018	0.0011
0.0567	0.0726	0.1001	0.4381	0.0917	0.058	0.0034	0.0044	0.0097	0.0036	0.0032	0.0052	0.0107	0.0039	0.0035	0.0194	0.0054	0.0045	0.0102	0.0098	0.0036	0.0021	0.003	0.0017	0.0017	0.0038	0.0021	0.002	0.0029	0.0028	0.0017	0.004	0.0022	0.0021	0.003	0.003	0.0018	0.0039	0.0038	0.0021	0.0029	0.0019	0.0012	0.0011	0.0016	0.0015	0.001	0.0018	0.0018	0.0011	0.0015	0.0019	0.0019	0.0012	0.0016	0.0019	0.0011	0.0011	0.0007	0.0009	0.0011	0.0011	0.0007
0.0814	0.0834	0.0817	0.3458	0.3006	0.0821	0.0005	0.0004	0.0013	0.0009	0.0004	0.0005	0.0014	0.001	0.0005	0.0013	0.001	0.0004	0.0022	0.0013	0.001	0.0002	0.0004	0.0003	0.0002	0.0004	0.0003	0.0002	0.0005	0.0004	0.0003	0.0004	0.0003	0.0002	0.0005	0.0004	0.0003	0.0005	0.0004	0.0003	0.0005	0.0002	0.0002	0.0001	0.0002	0.0002	0.0002	0.0002	0.0002	0.0002	0.0002	0.0002	0.0002	0.0002	0.0002	0.0002	0.0001	0.0001	0.0001	0.0001	0.0001	0.0001	0.0001
0.0082	0.0083	0.0082	0.8803	0.0083	0.0083	0.0013	0.0013	0.0069	0.0013	0.0013	0.0013	0.007	0.0013	0.0013	0.0069	0.0013	0.0013	0.007	0.007	0.0013	0.0006	0.0013	0.0006	0.0006	0.0013	0.0006	0.0006	0.0013	0.0013	0.0006	0.0013	0.0006	0.0006	0.0013	0.0013	0.0006	0.0013	0.0013	0.0006	0.0013	0.0006	0.0004	0.0004	0.0006	0.0006	0.0004	0.0006	0.0006	0.0004	0.0006	0.0006	0.0006	0.0004	0.0006	0.0006	0.0004	0.0004	0.0002	0.0004	0.0004	0.0004	0.0002
0.0284	0.0285	0.0284	0.0607	0.4092	0.0287	0.007	0.007	0.0095	0.0224	0.007	0.007	0.0095	0.0226	0.0071	0.0095	0.0225	0.0071	0.0501	0.0095	0.0227	0.0038	0.0046	0.007	0.0038	0.0046	0.007	0.0038	0.0094	0.0047	0.007	0.0047	0.007	0.0038	0.0095	0.0047	0.0071	0.0094	0.0047	0.007	0.0095	0.0027	0.0038	0.0023	0.0046	0.0027	0.0038	0.0046	0.0027	0.0038	0.0046	0.0046	0.0027	0.0038	0.0047	0.0046	0.0027	0.0017	0.0023	0.0027	0.0027	0.0027	0.0017
0.0705	0.3016	0.0705	0.4021	0.0723	0.0707	0.0004	0.0002	0.0007	0.0002	0.0002	0.0004	0.0012	0.0004	0.0004	0.0007	0.0002	0.0002	0.0008	0.0007	0.0002	0.0001	0.0002	0.0001	0.0001	0.0002	0.0001	0.0001	0.0002	0.0002	0.0001	0.0002	0.0001	0.0001	0.0002	0.0002	0.0001	0.0002	0.0002	0.0001	0.0002	0.0001	0.0001	0.0001	0.0001	0.0001	0.0001	0.0001	0.0001	0.0001	0.0001	0.0001	0.0001	0.0001	0.0001	0.0001	0.0001	0.0001	0.0001	0.0001	0.0001	0.0001	0.0
0.0333	0.2669	0.0333	0.0925	0.0337	0.0335	0.0245	0.0082	0.0117	0.0083	0.0082	0.0245	0.0682	0.0247	0.0246	0.0117	0.0083	0.0082	0.0118	0.0117	0.0083	0.0082	0.0117	0.0082	0.0082	0.0059	0.0046	0.0046	0.006	0.0059	0.0046	0.0117	0.0082	0.0082	0.0118	0.0117	0.0083	0.006	0.0059	0.0046	0.006	0.0059	0.0046	0.0046	0.006	0.0059	0.0046	0.0036	0.0036	0.0029	0.0036	0.006	0.0059	0.0046	0.006	0.0036	0.0036	0.0036	0.0029	0.0036	0.0024	0.0036	0.0024
0.0027	0.0027	0.0027	0.9625	0.0028	0.0027	0.0004	0.0004	0.0022	0.0004	0.0004	0.0004	0.0022	0.0004	0.0004	0.0022	0.0004	0.0004	0.0023	0.0022	0.0004	0.0002	0.0004	0.0002	0.0002	0.0004	0.0002	0.0002	0.0004	0.0004	0.0002	0.0004	0.0002	0.0002	0.0004	0.0004	0.0002	0.0004	0.0004	0.0002	0.0004	0.0002	0.0001	0.0001	0.0002	0.0002	0.0001	0.0002	0.0002	0.0001	0.0002	0.0002	0.0002	0.0001	0.0002	0.0002	0.0001	0.0001	0.0001	0.0001	0.0001	0.0001	0.0001
0.0397	0.0418	0.0398	0.6479	0.1382	0.0399	0.001	0.0009	0.0038	0.0009	0.0009	0.001	0.0043	0.001	0.001	0.0039	0.0009	0.0009	0.004	0.0039	0.0009	0.0005	0.001	0.0005	0.0005	0.0009	0.0005	0.0005	0.0009	0.0009	0.0005	0.001	0.0005	0.0005	0.001	0.001	0.0005	0.0009	0.0009	0.0005	0.0009	0.0005	0.0003	0.0003	0.0005	0.0005	0.0003	0.0005	0.0005	0.0003	0.0005	0.0005	0.0005	0.0003	0.0005	0.0005	0.0003	0.0003	0.0002	0.0003	0.0003	0.0003	0.0002
0.0015	0.0017	0.0015	0.9809	0.0016	0.0015	0.0002	0.0002	0.0013	0.0002	0.0002	0.0002	0.0014	0.0002	0.0002	0.0013	0.0002	0.0002	0.0013	0.0013	0.0002	0.0001	0.0002	0.0001	0.0001	0.0002	0.0001	0.0001	0.0002	0.0002	0.0001	0.0002	0.0001	0.0001	0.0002	0.0002	0.0001	0.0002	0.0002	0.0001	0.0002	0.0001	0.0	0.0	0.0001	0.0001	0.0	0.0001	0.0001	0.0	0.0001	0.0001	0.0001	0.0	0.0001	0.0001	0.0	0.0	0.0	0.0	0.0	0.0	0.0
0.0243	0.0254	0.0243	0.7315	0.1598	0.0244	0.0001	0.0001	0.0008	0.0003	0.0001	0.0001	0.0009	0.0003	0.0001	0.0008	0.0003	0.0001	0.0015	0.0008	0.0003	0.0001	0.0001	0.0001	0.0001	0.0001	0.0001	0.0001	0.0002	0.0001	0.0001	0.0001	0.0001	0.0001	0.0002	0.0001	0.0001	0.0002	0.0001	0.0001	0.0002	0.0001	0.0	0.0	0.0001	0.0001	0.0	0.0001	0.0001	0.0	0.0001	0.0001	0.0001	0.0	0.0001	0.0001	0.0	0.0	0.0	0.0	0.0	0.0	0.0
0.0768	0.3327	0.0792	0.0808	0.0823	0.0841	0.019	0.0056	0.0056	0.0056	0.0057	0.0195	0.0197	0.02	0.0203	0.0057	0.0057	0.0058	0.0057	0.0058	0.0058	0.0047	0.0048	0.0048	0.0048	0.0024	0.0024	0.0024	0.0024	0.0024	0.0024	0.0048	0.0048	0.0049	0.0049	0.0049	0.0049	0.0024	0.0024	0.0025	0.0025	0.0022	0.0022	0.0022	0.0022	0.0022	0.0022	0.0013	0.0013	0.0013	0.0013	0.0022	0.0022	0.0022	0.0022	0.0013	0.0012	0.0012	0.0012	0.0012	0.0008	0.0012	0.0007
0.0477	0.4061	0.0489	0.0495	0.0501	0.0508	0.0266	0.0065	0.0066	0.0066	0.0066	0.0273	0.0276	0.028	0.0283	0.0066	0.0067	0.0067	0.0067	0.0067	0.0068	0.0064	0.0065	0.0065	0.0065	0.0029	0.003	0.003	0.003	0.003	0.003	0.0065	0.0066	0.0066	0.0066	0.0066	0.0067	0.003	0.003	0.003	0.003	0.0029	0.0029	0.0029	0.0029	0.003	0.003	0.0016	0.0016	0.0016	0.0016	0.003	0.003	0.003	0.003	0.0016	0.0016	0.0016	0.0016	0.0016	0.001	0.0016	0.001
0.0477	0.4061	0.0489	0.0495	0.0501	0.0508	0.0266	0.0065	0.0066	0.0066	0.0066	0.0273	0.0276	0.028	0.0283	0.0066	0.0067	0.0067	0.0067	0.0067	0.0068	0.0064	0.0065	0.0065	0.0065	0.0029	0.003	0.003	0.003	0.003	0.003	0.0065	0.0066	0.0066	0.0066	0.0066	0.0067	0.003	0.003	0.003	0.003	0.0029	0.0029	0.0029	0.0029	0.003	0.003	0.0016	0.0016	0.0016	0.0016	0.003	0.003	0.003	0.003	0.0016	0.0016	0.0016	0.0016	0.0016	0.001	0.0016	0.001
0.0741	0.076	0.0766	0.3708	0.0795	0.0811	0.0052	0.0052	0.0176	0.0053	0.0053	0.0052	0.0179	0.0053	0.0053	0.018	0.0053	0.0054	0.0184	0.0186	0.0054	0.0022	0.0043	0.0022	0.0022	0.0043	0.0022	0.0022	0.0044	0.0044	0.0022	0.0043	0.0022	0.0022	0.0044	0.0044	0.0022	0.0044	0.0044	0.0023	0.0045	0.002	0.0012	0.0012	0.002	0.002	0.0012	0.002	0.002	0.0012	0.002	0.002	0.002	0.0012	0.002	0.002	0.0011	0.0011	0.0007	0.0011	0.0011	0.0011	0.0006
0.0458	0.0462	0.0467	0.4562	0.0478	0.0484	0.0058	0.0058	0.0242	0.0058	0.0059	0.0058	0.0244	0.0059	0.0059	0.0246	0.0059	0.0059	0.0253	0.0257	0.006	0.0026	0.0057	0.0026	0.0026	0.0057	0.0026	0.0026	0.0058	0.0058	0.0026	0.0057	0.0026	0.0026	0.0058	0.0058	0.0027	0.0058	0.0059	0.0027	0.0059	0.0026	0.0014	0.0014	0.0026	0.0026	0.0014	0.0026	0.0026	0.0014	0.0026	0.0026	0.0026	0.0014	0.0026	0.0026	0.0014	0.0014	0.0008	0.0014	0.0014	0.0014	0.0008
0.0331	0.0333	0.0335	0.7006	0.0343	0.0345	0.0024	0.0024	0.0109	0.0024	0.0024	0.0024	0.011	0.0024	0.0024	0.011	0.0024	0.0024	0.0112	0.0113	0.0024	0.0011	0.0022	0.0011	0.0011	0.0022	0.0011	0.0011	0.0022	0.0022	0.0011	0.0022	0.0011	0.0011	0.0022	0.0023	0.0011	0.0022	0.0023	0.0011	0.0023	0.0011	0.0006	0.0006	0.0011	0.0011	0.0006	0.0011	0.0011	0.0006	0.0011	0.0011	0.0011	0.0006	0.0011	0.0011	0.0006	0.0006	0.0004	0.0006	0.0006	0.0006	0.0004
0.0331	0.0333	0.0335	0.7006	0.0343	0.0345	0.0024	0.0024	0.0109	0.0024	0.0024	0.0024	0.011	0.0024	0.0024	0.011	0.0024	0.0024	0.0112	0.0113	0.0024	0.0011	0.0022	0.0011	0.0011	0.0022	0.0011	0.0011	0.0022	0.0022	0.0011	0.0022	0.0011	0.0011	0.0022	0.0023	0.0011	0.0022	0.0023	0.0011	0.0023	0.0011	0.0006	0.0006	0.0011	0.0011	0.0006	0.0011	0.0011	0.0006	0.0011	0.0011	0.0011	0.0006	0.0011	0.0011	0.0006	0.0006	0.0004	0.0006	0.0006	0.0006	0.0004
0.2207	0.2295	0.0969	0.0978	0.0987	0.0998	0.0115	0.0074	0.0075	0.0076	0.0077	0.0075	0.0076	0.0077	0.0078	0.0032	0.0033	0.0033	0.0033	0.0033	0.0033	0.0028	0.0029	0.0029	0.0029	0.0021	0.0021	0.0022	0.0022	0.0022	0.0022	0.0021	0.0022	0.0022	0.0022	0.0022	0.0022	0.0014	0.0014	0.0014	0.0014	0.0013	0.0013	0.0013	0.0013	0.0013	0.0013	0.001	0.001	0.001	0.001	0.001	0.001	0.001	0.0011	0.0008	0.0007	0.0007	0.0007	0.0007	0.0006	0.0006	0.0004
0.326	0.0751	0.0762	0.0774	0.0788	0.0803	0.0211	0.0214	0.0217	0.022	0.0223	0.0059	0.0059	0.0059	0.006	0.0059	0.006	0.006	0.006	0.006	0.0061	0.0052	0.0052	0.0053	0.0053	0.0053	0.0053	0.0053	0.0053	0.0054	0.0054	0.0026	0.0026	0.0026	0.0026	0.0026	0.0026	0.0026	0.0026	0.0026	0.0026	0.0024	0.0024	0.0024	0.0024	0.0024	0.0024	0.0024	0.0024	0.0024	0.0024	0.0014	0.0014	0.0014	0.0014	0.0014	0.0013	0.0013	0.0013	0.0013	0.0013	0.0008	0.0008
0.3604	0.0653	0.0661	0.0669	0.0678	0.0688	0.0232	0.0235	0.0238	0.0241	0.0244	0.006	0.006	0.006	0.0061	0.006	0.006	0.0061	0.0061	0.0061	0.0061	0.0056	0.0056	0.0057	0.0057	0.0057	0.0057	0.0057	0.0057	0.0058	0.0058	0.0026	0.0027	0.0027	0.0027	0.0027	0.0027	0.0027	0.0027	0.0027	0.0027	0.0026	0.0026	0.0026	0.0026	0.0026	0.0026	0.0026	0.0026	0.0026	0.0026	0.0014	0.0014	0.0014	0.0014	0.0014	0.0014	0.0014	0.0014	0.0014	0.0014	0.0009	0.0008
0.4638	0.051	0.0514	0.0518	0.0522	0.0527	0.0217	0.0219	0.022	0.0222	0.0224	0.0053	0.0053	0.0053	0.0053	0.0053	0.0053	0.0054	0.0054	0.0054	0.0054	0.0051	0.0051	0.0051	0.0052	0.0051	0.0051	0.0052	0.0052	0.0052	0.0052	0.0024	0.0024	0.0024	0.0024	0.0024	0.0024	0.0024	0.0024	0.0024	0.0024	0.0023	0.0023	0.0023	0.0023	0.0024	0.0024	0.0024	0.0024	0.0024	0.0024	0.0013	0.0013	0.0013	0.0013	0.0013	0.0013	0.0013	0.0013	0.0013	0.0013	0.0008	0.0008
0.4638	0.051	0.0514	0.0518	0.0522	0.0527	0.0217	0.0219	0.022	0.0222	0.0224	0.0053	0.0053	0.0053	0.0053	0.0053	0.0053	0.0054	0.0054	0.0054	0.0054	0.0051	0.0051	0.0051	0.0052	0.0051	0.0051	0.0052	0.0052	0.0052	0.0052	0.0024	0.0024	0.0024	0.0024	0.0024	0.0024	0.0024	0.0024	0.0024	0.0024	0.0023	0.0023	0.0023	0.0023	0.0024	0.0024	0.0024	0.0024	0.0024	0.0024	0.0013	0.0013	0.0013	0.0013	0.0013	0.0013	0.0013	0.0013	0.0013	0.0013	0.0008	0.0008
0.3947	0.0589	0.0595	0.0601	0.0607	0.0614	0.0237	0.0239	0.0241	0.0244	0.0246	0.0059	0.0059	0.0059	0.0059	0.0059	0.0059	0.006	0.006	0.006	0.006	0.0056	0.0057	0.0057	0.0057	0.0057	0.0057	0.0057	0.0057	0.0058	0.0058	0.0026	0.0026	0.0026	0.0026	0.0026	0.0026	0.0026	0.0026	0.0027	0.0027	0.0025	0.0026	0.0026	0.0026	0.0026	0.0026	0.0026	0.0026	0.0026	0.0026	0.0014	0.0014	0.0014	0.0014	0.0014	0.0014	0.0014	0.0014	0.0014	0.0014	0.0008	0.0008
0.6221	0.027	0.0271	0.0272	0.0273	0.0274	0.02	0.0201	0.0202	0.0202	0.0203	0.0044	0.0044	0.0044	0.0044	0.0044	0.0044	0.0044	0.0044	0.0044	0.0044	0.0044	0.0044	0.0044	0.0044	0.0044	0.0044	0.0044	0.0044	0.0044	0.0044	0.002	0.002	0.002	0.002	0.002	0.002	0.002	0.002	0.002	0.002	0.002	0.002	0.002	0.002	0.002	0.002	0.002	0.002	0.002	0.002	0.0011	0.0011	0.0011	0.0011	0.0011	0.0011	0.0011	0.0011	0.0011	0.0011	0.0007	0.0007
0.8905	0.0095	0.0096	0.0096	0.0096	0.0096	0.0062	0.0063	0.0063	0.0063	0.0063	0.001	0.001	0.001	0.001	0.001	0.001	0.001	0.001	0.001	0.001	0.0009	0.001	0.001	0.001	0.001	0.001	0.001	0.001	0.001	0.001	0.0004	0.0004	0.0004	0.0004	0.0004	0.0004	0.0004	0.0004	0.0004	0.0004	0.0004	0.0004	0.0004	0.0004	0.0004	0.0004	0.0004	0.0004	0.0004	0.0004	0.0002	0.0002	0.0002	0.0002	0.0002	0.0002	0.0002	0.0002	0.0002	0.0002	0.0001	0.0001
0.8173	0.0159	0.0159	0.0159	0.0159	0.0159	0.0085	0.0085	0.0085	0.0085	0.0085	0.0018	0.0018	0.0018	0.0018	0.0018	0.0018	0.0018	0.0018	0.0018	0.0018	0.0018	0.0018	0.0018	0.0018	0.0018	0.0018	0.0018	0.0018	0.0018	0.0018	0.0009	0.0009	0.0009	0.0009	0.0009	0.0009	0.0009	0.0009	0.0009	0.0009	0.0009	0.0009	0.0009	0.0009	0.0009	0.0009	0.0009	0.0009	0.0009	0.0009	0.0005	0.0005	0.0005	0.0005	0.0005	0.0005	0.0005	0.0005	0.0005	0.0005	0.0003	0.0003
0.8173	0.0159	0.0159	0.0159	0.0159	0.0159	0.0085	0.0085	0.0085	0.0085	0.0085	0.0018	0.0018	0.0018	0.0018	0.0018	0.0018	0.0018	0.0018	0.0018	0.0018	0.0018	0.0018	0.0018	0.0018	0.0018	0.0018	0.0018	0.0018	0.0018	0.0018	0.0009	0.0009	0.0009	0.0009	0.0009	0.0009	0.0009	0.0009	0.0009	0.0009	0.0009	0.0009	0.0009	0.0009	0.0009	0.0009	0.0009	0.0009	0.0009	0.0009	0.0005	0.0005	0.0005	0.0005	0.0005	0.0005	0.0005	0.0005	0.0005	0.0005	0.0003	0.0003
0.8519	0.0108	0.0109	0.0109	0.0109	0.011	0.0089	0.0089	0.009	0.009	0.009	0.0015	0.0015	0.0015	0.0015	0.0015	0.0015	0.0015	0.0015	0.0015	0.0015	0.0015	0.0015	0.0015	0.0015	0.0015	0.0015	0.0015	0.0015	0.0015	0.0015	0.0007	0.0007	0.0007	0.0007	0.0007	0.0007	0.0007	0.0007	0.0007	0.0007	0.0007	0.0007	0.0007	0.0007	0.0007	0.0007	0.0007	0.0007	0.0007	0.0007	0.0004	0.0004	0.0004	0.0004	0.0004	0.0004	0.0004	0.0004	0.0004	0.0004	0.0002	0.0002
0.7214	0.0215	0.0215	0.0216	0.0216	0.0216	0.014	0.014	0.014	0.0141	0.0141	0.0031	0.0031	0.0031	0.0031	0.0031	0.0031	0.0031	0.0031	0.0031	0.0031	0.0031	0.0031	0.0031	0.0031	0.0031	0.0031	0.0031	0.0031	0.0031	0.0031	0.0015	0.0015	0.0015	0.0015	0.0015	0.0015	0.0015	0.0015	0.0015	0.0015	0.0015	0.0015	0.0015	0.0015	0.0015	0.0015	0.0015	0.0015	0.0015	0.0015	0.0008	0.0008	0.0008	0.0008	0.0008	0.0008	0.0008	0.0008	0.0008	0.0008	0.0005	0.0005
0.8283	0.0125	0.0126	0.0126	0.0126	0.0126	0.0092	0.0092	0.0092	0.0092	0.0093	0.0019	0.0019	0.0019	0.0019	0.0019	0.0019	0.0019	0.0019	0.0019	0.0019	0.0019	0.0019	0.0019	0.0019	0.0019	0.0019	0.0019	0.0019	0.0019	0.0019	0.0009	0.0009	0.0009	0.0009	0.0009	0.0009	0.0009	0.0009	0.0009	0.0009	0.0009	0.0009	0.0009	0.0009	0.0009	0.0009	0.0009	0.0009	0.0009	0.0009	0.0005	0.0005	0.0005	0.0005	0.0005	0.0005	0.0005	0.0005	0.0005	0.0005	0.0003	0.0003
0.8967	0.0077	0.0077	0.0077	0.0077	0.0077	0.0056	0.0056	0.0056	0.0056	0.0056	0.0011	0.0011	0.0011	0.0011	0.0011	0.0011	0.0011	0.0011	0.0011	0.0011	0.0011	0.0011	0.0011	0.0011	0.0011	0.0011	0.0011	0.0011	0.0011	0.0011	0.0006	0.0006	0.0006	0.0006	0.0006	0.0006	0.0006	0.0006	0.0006	0.0006	0.0006	0.0006	0.0006	0.0006	0.0006	0.0006	0.0006	0.0006	0.0006	0.0006	0.0003	0.0003	0.0003	0.0003	0.0003	0.0003	0.0003	0.0003	0.0003	0.0003	0.0002	0.0002
0.8889	0.009	0.009	0.009	0.009	0.009	0.0055	0.0055	0.0055	0.0055	0.0055	0.0011	0.0011	0.0011	0.0011	0.0011	0.0011	0.0011	0.0011	0.0011	0.0011	0.0011	0.0011	0.0011	0.0011	0.0011	0.0011	0.0011	0.0011	0.0011	0.0011	0.0006	0.0006	0.0006	0.0006	0.0006	0.0006	0.0006	0.0006	0.0006	0.0006	0.0006	0.0006	0.0006	0.0006	0.0006	0.0006	0.0006	0.0006	0.0006	0.0006	0.0004	0.0004	0.0004	0.0004	0.0004	0.0004	0.0004	0.0004	0.0004	0.0004	0.0002	0.0002
0.8889	0.009	0.009	0.009	0.009	0.009	0.0055	0.0055	0.0055	0.0055	0.0055	0.0011	0.0011	0.0011	0.0011	0.0011	0.0011	0.0011	0.0011	0.0011	0.0011	0.0011	0.0011	0.0011	0.0011	0.0011	0.0011	0.0011	0.0011	0.0011	0.0011	0.0006	0.0006	0.0006	0.0006	0.0006	0.0006	0.0006	0.0006	0.0006	0.0006	0.0006	0.0006	0.0006	0.0006	0.0006	0.0006	0.0006	0.0006	0.0006	0.0006	0.0004	0.0004	0.0004	0.0004	0.0004	0.0004	0.0004	0.0004	0.0004	0.0004	0.0002	0.0002
0.9595	0.0035	0.0035	0.0035	0.0035	0.0035	0.002	0.002	0.002	0.002	0.002	0.0004	0.0004	0.0004	0.0004	0.0004	0.0004	0.0004	0.0004	0.0004	0.0004	0.0004	0.0004	0.0004	0.0004	0.0004	0.0004	0.0004	0.0004	0.0004	0.0004	0.0002	0.0002	0.0002	0.0002	0.0002	0.0002	0.0002	0.0002	0.0002	0.0002	0.0002	0.0002	0.0002	0.0002	0.0002	0.0002	0.0002	0.0002	0.0002	0.0002	0.0001	0.0001	0.0001	0.0001	0.0001	0.0001	0.0001	0.0001	0.0001	0.0001	0.0001	0.0001
0.8615	0.0117	0.0117	0.0117	0.0117	0.0117	0.0069	0.0069	0.0069	0.0069	0.0069	0.0014	0.0014	0.0014	0.0014	0.0014	0.0014	0.0014	0.0014	0.0014	0.0014	0.0014	0.0014	0.0014	0.0014	0.0014	0.0014	0.0014	0.0014	0.0014	0.0014	0.0007	0.0007	0.0007	0.0007	0.0007	0.0007	0.0007	0.0007	0.0007	0.0007	0.0007	0.0007	0.0007	0.0007	0.0007	0.0007	0.0007	0.0007	0.0007	0.0007	0.0004	0.0004	0.0004	0.0004	0.0004	0.0004	0.0004	0.0004	0.0004	0.0004	0.0003	0.0003
0.7768	0.0187	0.0187	0.0187	0.0188	0.0188	0.0106	0.0106	0.0106	0.0106	0.0106	0.0023	0.0023	0.0023	0.0023	0.0023	0.0023	0.0023	0.0023	0.0023	0.0023	0.0023	0.0023	0.0023	0.0023	0.0023	0.0023	0.0023	0.0023	0.0023	0.0023	0.0011	0.0011	0.0011	0.0011	0.0011	0.0011	0.0011	0.0011	0.0011	0.0011	0.0011	0.0011	0.0011	0.0011	0.0011	0.0011	0.0011	0.0011	0.0011	0.0011	0.0006	0.0006	0.0006	0.0006	0.0006	0.0006	0.0006	0.0006	0.0006	0.0006	0.0004	0.0004
0.7768	0.0187	0.0187	0.0187	0.0188	0.0188	0.0106	0.0106	0.0106	0.0106	0.0106	0.0023	0.0023	0.0023	0.0023	0.0023	0.0023	0.0023	0.0023	0.0023	0.0023	0.0023	0.0023	0.0023	0.0023	0.0023	0.0023	0.0023	0.0023	0.0023	0.0023	0.0011	0.0011	0.0011	0.0011	0.0011	0.0011	0.0011	0.0011	0.0011	0.0011	0.0011	0.0011	0.0011	0.0011	0.0011	0.0011	0.0011	0.0011	0.0011	0.0011	0.0006	0.0006	0.0006	0.0006	0.0006	0.0006	0.0006	0.0006	0.0006	0.0006	0.0004	0.0004
0.7071	0.0249	0.0249	0.025	0.025	0.0251	0.0138	0.0139	0.0139	0.0139	0.0139	0.0031	0.0031	0.0031	0.0031	0.0031	0.0031	0.0031	0.0031	0.0031	0.0031	0.003	0.003	0.003	0.003	0.003	0.003	0.003	0.003	0.003	0.003	0.0014	0.0014	0.0014	0.0014	0.0014	0.0014	0.0014	0.0014	0.0014	0.0014	0.0014	0.0014	0.0014	0.0014	0.0014	0.0014	0.0014	0.0014	0.0014	0.0014	0.0008	0.0008	0.0008	0.0008	0.0008	0.0008	0.0008	0.0008	0.0008	0.0008	0.0005	0.0005
0.7071	0.0249	0.0249	0.025	0.025	0.0251	0.0138	0.0139	0.0139	0.0139	0.0139	0.0031	0.0031	0.0031	0.0031	0.0031	0.0031	0.0031	0.0031	0.0031	0.0031	0.003	0.003	0.003	0.003	0.003	0.003	0.003	0.003	0.003	0.003	0.0014	0.0014	0.0014	0.0014	0.0014	0.0014	0.0014	0.0014	0.0014	0.0014	0.0014	0.0014	0.0014	0.0014	0.0014	0.0014	0.0014	0.0014	0.0014	0.0014	0.0008	0.0008	0.0008	0.0008	0.0008	0.0008	0.0008	0.0008	0.0008	0.0008	0.0005	0.0005
0.5959	0.0366	0.0368	0.037	0.0372	0.0374	0.018	0.0181	0.0182	0.0183	0.0184	0.004	0.004	0.004	0.004	0.004	0.004	0.004	0.004	0.0041	0.0041	0.0039	0.0039	0.004	0.004	0.004	0.004	0.004	0.004	0.004	0.004	0.0018	0.0019	0.0019	0.0019	0.0019	0.0019	0.0019	0.0019	0.0019	0.0019	0.0018	0.0018	0.0018	0.0018	0.0018	0.0018	0.0018	0.0018	0.0018	0.0018	0.001	0.001	0.001	0.001	0.001	0.001	0.001	0.001	0.001	0.001	0.0006	0.0006
0.5959	0.0366	0.0368	0.037	0.0372	0.0374	0.018	0.0181	0.0182	0.0183	0.0184	0.004	0.004	0.004	0.004	0.004	0.004	0.004	0.004	0.0041	0.0041	0.0039	0.0039	0.004	0.004	0.004	0.004	0.004	0.004	0.004	0.004	0.0018	0.0019	0.0019	0.0019	0.0019	0.0019	0.0019	0.0019	0.0019	0.0019	0.0018	0.0018	0.0018	0.0018	0.0018	0.0018	0.0018	0.0018	0.0018	0.0018	0.001	0.001	0.001	0.001	0.001	0.001	0.001	0.001	0.001	0.001	0.0006	0.0006
0.5926	0.0367	0.0369	0.0371	0.0373	0.0375	0.0182	0.0183	0.0184	0.0185	0.0186	0.0041	0.0041	0.0041	0.0041	0.0041	0.0041	0.0041	0.0041	0.0041	0.0041	0.004	0.004	0.004	0.004	0.004	0.004	0.004	0.004	0.004	0.004	0.0019	0.0019	0.0019	0.0019	0.0019	0.0019	0.0019	0.0019	0.0019	0.0019	0.0018	0.0019	0.0019	0.0019	0.0019	0.0019	0.0019	0.0019	0.0019	0.0019	0.001	0.001	0.001	0.001	0.001	0.001	0.001	0.001	0.001	0.001	0.0006	0.0006
0.5926	0.0367	0.0369	0.0371	0.0373	0.0375	0.0182	0.0183	0.0184	0.0185	0.0186	0.0041	0.0041	0.0041	0.0041	0.0041	0.0041	0.0041	0.0041	0.0041	0.0041	0.004	0.004	0.004	0.004	0.004	0.004	0.004	0.004	0.004	0.004	0.0019	0.0019	0.0019	0.0019	0.0019	0.0019	0.0019	0.0019	0.0019	0.0019	0.0018	0.0019	0.0019	0.0019	0.0019	0.0019	0.0019	0.0019	0.0019	0.0019	0.001	0.001	0.001	0.001	0.001	0.001	0.001	0.001	0.001	0.001	0.0006	0.0006
0.837	0.0174	0.0175	0.0175	0.0176	0.0177	0.0071	0.0071	0.0071	0.0072	0.0072	0.0012	0.0012	0.0012	0.0012	0.0012	0.0012	0.0012	0.0012	0.0012	0.0012	0.0012	0.0012	0.0012	0.0012	0.0012	0.0012	0.0012	0.0012	0.0012	0.0012	0.0006	0.0006	0.0006	0.0006	0.0006	0.0006	0.0006	0.0006	0.0006	0.0006	0.0006	0.0006	0.0006	0.0006	0.0006	0.0006	0.0006	0.0006	0.0006	0.0006	0.0003	0.0003	0.0003	0.0003	0.0003	0.0003	0.0003	0.0003	0.0003	0.0003	0.0002	0.0002
0.5239	0.0541	0.0544	0.0548	0.0552	0.0556	0.0159	0.0159	0.016	0.016	0.0161	0.004	0.004	0.004	0.004	0.004	0.004	0.004	0.004	0.004	0.004	0.0036	0.0036	0.0036	0.0037	0.0036	0.0037	0.0037	0.0037	0.0037	0.0037	0.0018	0.0018	0.0018	0.0018	0.0018	0.0018	0.0018	0.0018	0.0018	0.0018	0.0017	0.0017	0.0017	0.0017	0.0017	0.0017	0.0017	0.0017	0.0017	0.0017	0.001	0.001	0.001	0.001	0.001	0.0009	0.0009	0.0009	0.0009	0.0009	0.0006	0.0006
0.5239	0.0541	0.0544	0.0548	0.0552	0.0556	0.0159	0.0159	0.016	0.016	0.0161	0.004	0.004	0.004	0.004	0.004	0.004	0.004	0.004	0.004	0.004	0.0036	0.0036	0.0036	0.0037	0.0036	0.0037	0.0037	0.0037	0.0037	0.0037	0.0018	0.0018	0.0018	0.0018	0.0018	0.0018	0.0018	0.0018	0.0018	0.0018	0.0017	0.0017	0.0017	0.0017	0.0017	0.0017	0.0017	0.0017	0.0017	0.0017	0.001	0.001	0.001	0.001	0.001	0.0009	0.0009	0.0009	0.0009	0.0009	0.0006	0.0006
0.6337	0.031	0.0311	0.0312	0.0313	0.0314	0.0172	0.0173	0.0173	0.0174	0.0174	0.0039	0.0039	0.0039	0.0039	0.0039	0.0039	0.0039	0.0039	0.0039	0.0039	0.0038	0.0038	0.0038	0.0038	0.0038	0.0038	0.0038	0.0038	0.0039	0.0039	0.0018	0.0018	0.0018	0.0018	0.0018	0.0018	0.0018	0.0018	0.0018	0.0018	0.0018	0.0018	0.0018	0.0018	0.0018	0.0018	0.0018	0.0018	0.0018	0.0018	0.001	0.001	0.001	0.001	0.001	0.001	0.001	0.001	0.001	0.001	0.0006	0.0006
0.7714	0.018	0.018	0.018	0.0181	0.0181	0.0115	0.0115	0.0115	0.0116	0.0116	0.0025	0.0025	0.0025	0.0025	0.0025	0.0025	0.0025	0.0025	0.0025	0.0025	0.0024	0.0024	0.0024	0.0024	0.0024	0.0024	0.0024	0.0024	0.0024	0.0025	0.0012	0.0012	0.0012	0.0012	0.0012	0.0012	0.0012	0.0012	0.0012	0.0012	0.0012	0.0012	0.0012	0.0012	0.0012	0.0012	0.0012	0.0012	0.0012	0.0012	0.0007	0.0007	0.0007	0.0007	0.0007	0.0007	0.0007	0.0007	0.0007	0.0007	0.0004	0.0004
0.6183	0.0344	0.0346	0.0347	0.0348	0.0349	0.017	0.0171	0.0171	0.0172	0.0172	0.0039	0.0039	0.0039	0.0039	0.0039	0.0039	0.0039	0.0039	0.0039	0.0039	0.0038	0.0038	0.0038	0.0038	0.0038	0.0038	0.0038	0.0038	0.0038	0.0038	0.0018	0.0018	0.0018	0.0018	0.0018	0.0018	0.0018	0.0018	0.0018	0.0018	0.0017	0.0017	0.0017	0.0017	0.0017	0.0018	0.0017	0.0018	0.0018	0.0018	0.001	0.001	0.001	0.001	0.001	0.0009	0.0009	0.0009	0.0009	0.0009	0.0006	0.0006
0.6183	0.0344	0.0346	0.0347	0.0348	0.0349	0.017	0.0171	0.0171	0.0172	0.0172	0.0039	0.0039	0.0039	0.0039	0.0039	0.0039	0.0039	0.0039	0.0039	0.0039	0.0038	0.0038	0.0038	0.0038	0.0038	0.0038	0.0038	0.0038	0.0038	0.0038	0.0018	0.0018	0.0018	0.0018	0.0018	0.0018	0.0018	0.0018	0.0018	0.0018	0.0017	0.0017	0.0017	0.0017	0.0017	0.0018	0.0017	0.0018	0.0018	0.0018	0.001	0.001	0.001	0.001	0.001	0.0009	0.0009	0.0009	0.0009	0.0009	0.0006	0.0006
0.8101	0.0146	0.0146	0.0146	0.0146	0.0146	0.0096	0.0096	0.0096	0.0096	0.0096	0.0021	0.0021	0.0021	0.0021	0.0021	0.0021	0.0021	0.0021	0.0021	0.0021	0.0021	0.0021	0.0021	0.0021	0.0021	0.0021	0.0021	0.0021	0.0021	0.0021	0.001	0.001	0.001	0.001	0.001	0.001	0.001	0.001	0.001	0.001	0.001	0.001	0.001	0.001	0.001	0.001	0.001	0.001	0.001	0.001	0.0006	0.0006	0.0006	0.0006	0.0006	0.0006	0.0006	0.0006	0.0006	0.0006	0.0004	0.0004
0.8891	0.011	0.0111	0.0111	0.0111	0.0111	0.0048	0.0048	0.0048	0.0048	0.0048	0.0009	0.0009	0.0009	0.0009	0.0009	0.0009	0.0009	0.0009	0.0009	0.0009	0.0009	0.0009	0.0009	0.0009	0.0009	0.0009	0.0009	0.0009	0.0009	0.0009	0.0005	0.0005	0.0005	0.0005	0.0005	0.0005	0.0005	0.0005	0.0005	0.0005	0.0005	0.0005	0.0005	0.0005	0.0005	0.0005	0.0005	0.0005	0.0005	0.0005	0.0003	0.0003	0.0003	0.0003	0.0003	0.0003	0.0003	0.0003	0.0003	0.0003	0.0002	0.0002
0.8891	0.011	0.0111	0.0111	0.0111	0.0111	0.0048	0.0048	0.0048	0.0048	0.0048	0.0009	0.0009	0.0009	0.0009	0.0009	0.0009	0.0009	0.0009	0.0009	0.0009	0.0009	0.0009	0.0009	0.0009	0.0009	0.0009	0.0009	0.0009	0.0009	0.0009	0.0005	0.0005	0.0005	0.0005	0.0005	0.0005	0.0005	0.0005	0.0005	0.0005	0.0005	0.0005	0.0005	0.0005	0.0005	0.0005	0.0005	0.0005	0.0005	0.0005	0.0003	0.0003	0.0003	0.0003	0.0003	0.0003	0.0003	0.0003	0.0003	0.0003	0.0002	0.0002
0.6937	0.0291	0.0291	0.0292	0.0293	0.0293	0.013	0.013	0.013	0.0131	0.0131	0.003	0.003	0.003	0.003	0.003	0.003	0.003	0.003	0.003	0.003	0.0029	0.0029	0.0029	0.0029	0.0029	0.0029	0.0029	0.0029	0.0029	0.0029	0.0014	0.0014	0.0014	0.0014	0.0014	0.0014	0.0014	0.0014	0.0014	0.0014	0.0014	0.0014	0.0014	0.0014	0.0014	0.0014	0.0014	0.0014	0.0014	0.0014	0.0008	0.0008	0.0008	0.0008	0.0008	0.0008	0.0008	0.0008	0.0008	0.0008	0.0005	0.0005
0.6937	0.0291	0.0291	0.0292	0.0293	0.0293	0.013	0.013	0.013	0.0131	0.0131	0.003	0.003	0.003	0.003	0.003	0.003	0.003	0.003	0.003	0.003	0.0029	0.0029	0.0029	0.0029	0.0029	0.0029	0.0029	0.0029	0.0029	0.0029	0.0014	0.0014	0.0014	0.0014	0.0014	0.0014	0.0014	0.0014	0.0014	0.0014	0.0014	0.0014	0.0014	0.0014	0.0014	0.0014	0.0014	0.0014	0.0014	0.0014	0.0008	0.0008	0.0008	0.0008	0.0008	0.0008	0.0008	0.0008	0.0008	0.0008	0.0005	0.0005
0.8662	0.0099	0.0099	0.0099	0.0099	0.0099	0.0068	0.0068	0.0068	0.0068	0.0068	0.0015	0.0015	0.0015	0.0015	0.0015	0.0015	0.0015	0.0015	0.0015	0.0015	0.0015	0.0015	0.0015	0.0015	0.0015	0.0015	0.0015	0.0015	0.0015	0.0015	0.0008	0.0008	0.0008	0.0008	0.0008	0.0008	0.0008	0.0008	0.0008	0.0008	0.0008	0.0008	0.0008	0.0008	0.0008	0.0008	0.0008	0.0008	0.0008	0.0008	0.0005	0.0005	0.0005	0.0005	0.0005	0.0005	0.0005	0.0005	0.0005	0.0005	0.0003	0.0003
0.7054	0.0251	0.0252	0.0252	0.0253	0.0253	0.0137	0.0138	0.0138	0.0138	0.0138	0.0031	0.0031	0.0031	0.0031	0.0031	0.0031	0.0031	0.0031	0.0031	0.0031	0.0031	0.0031	0.0031	0.0031	0.0031	0.0031	0.0031	0.0031	0.0031	0.0031	0.0015	0.0015	0.0015	0.0015	0.0015	0.0015	0.0015	0.0015	0.0015	0.0015	0.0014	0.0014	0.0014	0.0014	0.0014	0.0014	0.0014	0.0014	0.0014	0.0014	0.0008	0.0008	0.0008	0.0008	0.0008	0.0008	0.0008	0.0008	0.0008	0.0008	0.0005	0.0005
0.7054	0.0251	0.0252	0.0252	0.0253	0.0253	0.0137	0.0138	0.0138	0.0138	0.0138	0.0031	0.0031	0.0031	0.0031	0.0031	0.0031	0.0031	0.0031	0.0031	0.0031	0.0031	0.0031	0.0031	0.0031	0.0031	0.0031	0.0031	0.0031	0.0031	0.0031	0.0015	0.0015	0.0015	0.0015	0.0015	0.0015	0.0015	0.0015	0.0015	0.0015	0.0014	0.0014	0.0014	0.0014	0.0014	0.0014	0.0014	0.0014	0.0014	0.0014	0.0008	0.0008	0.0008	0.0008	0.0008	0.0008	0.0008	0.0008	0.0008	0.0008	0.0005	0.0005
0.9318	0.0063	0.0063	0.0063	0.0063	0.0063	0.0032	0.0032	0.0032	0.0032	0.0032	0.0006	0.0006	0.0006	0.0006	0.0006	0.0006	0.0006	0.0006	0.0006	0.0006	0.0006	0.0006	0.0006	0.0006	0.0006	0.0006	0.0006	0.0006	0.0006	0.0006	0.0003	0.0003	0.0003	0.0003	0.0003	0.0003	0.0003	0.0003	0.0003	0.0003	0.0003	0.0003	0.0003	0.0003	0.0003	0.0003	0.0003	0.0003	0.0003	0.0003	0.0002	0.0002	0.0002	0.0002	0.0002	0.0002	0.0002	0.0002	0.0002	0.0002	0.0001	0.0001
0.5065	0.0603	0.0607	0.0613	0.0618	0.0623	0.0142	0.0143	0.0143	0.0144	0.0144	0.0039	0.0039	0.004	0.004	0.004	0.004	0.004	0.004	0.004	0.004	0.0033	0.0033	0.0033	0.0033	0.0033	0.0033	0.0033	0.0033	0.0033	0.0033	0.0017	0.0017	0.0017	0.0017	0.0017	0.0017	0.0017	0.0017	0.0017	0.0017	0.0015	0.0015	0.0015	0.0015	0.0016	0.0016	0.0016	0.0016	0.0016	0.0016	0.0009	0.0009	0.0009	0.0009	0.0009	0.0009	0.0009	0.0009	0.0009	0.0009	0.0006	0.0005
0.5065	0.0603	0.0607	0.0613	0.0618	0.0623	0.0142	0.0143	0.0143	0.0144	0.0144	0.0039	0.0039	0.004	0.004	0.004	0.004	0.004	0.004	0.004	0.004	0.0033	0.0033	0.0033	0.0033	0.0033	0.0033	0.0033	0.0033	0.0033	0.0033	0.0017	0.0017	0.0017	0.0017	0.0017	0.0017	0.0017	0.0017	0.0017	0.0017	0.0015	0.0015	0.0015	0.0015	0.0016	0.0016	0.0016	0.0016	0.0016	0.0016	0.0009	0.0009	0.0009	0.0009	0.0009	0.0009	0.0009	0.0009	0.0009	0.0009	0.0006	0.0005
0.7194	0.0293	0.0294	0.0295	0.0296	0.0296	0.0111	0.0111	0.0111	0.0111	0.0111	0.0024	0.0024	0.0024	0.0024	0.0024	0.0024	0.0024	0.0024	0.0024	0.0024	0.0023	0.0023	0.0023	0.0023	0.0023	0.0023	0.0023	0.0023	0.0023	0.0023	0.0012	0.0012	0.0012	0.0012	0.0012	0.0012	0.0012	0.0012	0.0012	0.0012	0.0011	0.0011	0.0011	0.0011	0.0011	0.0011	0.0011	0.0011	0.0011	0.0011	0.0007	0.0007	0.0007	0.0007	0.0007	0.0006	0.0006	0.0006	0.0006	0.0006	0.0004	0.0004
0.6322	0.0303	0.0304	0.0305	0.0306	0.0307	0.0178	0.0178	0.0179	0.0179	0.018	0.0039	0.0039	0.0039	0.0039	0.0039	0.0039	0.0039	0.0039	0.004	0.004	0.0039	0.0039	0.0039	0.0039	0.0039	0.0039	0.0039	0.0039	0.0039	0.0039	0.0018	0.0018	0.0018	0.0018	0.0018	0.0018	0.0018	0.0018	0.0018	0.0018	0.0018	0.0018	0.0018	0.0018	0.0018	0.0018	0.0018	0.0018	0.0018	0.0018	0.001	0.001	0.001	0.001	0.001	0.001	0.001	0.001	0.001	0.001	0.0006	0.0006
0.8001	0.0173	0.0173	0.0173	0.0173	0.0174	0.0097	0.0097	0.0097	0.0097	0.0097	0.002	0.002	0.002	0.002	0.002	0.002	0.002	0.002	0.002	0.002	0.002	0.002	0.002	0.002	0.002	0.002	0.002	0.002	0.002	0.002	0.001	0.001	0.001	0.001	0.001	0.001	0.001	0.001	0.001	0.001	0.001	0.001	0.001	0.001	0.001	0.001	0.001	0.001	0.001	0.001	0.0006	0.0006	0.0006	0.0006	0.0006	0.0006	0.0006	0.0006	0.0006	0.0006	0.0004	0.0004
0.7982	0.0218	0.0218	0.0219	0.0219	0.0219	0.0075	0.0075	0.0075	0.0076	0.0076	0.0017	0.0017	0.0017	0.0017	0.0017	0.0017	0.0017	0.0017	0.0017	0.0017	0.0016	0.0016	0.0016	0.0016	0.0016	0.0016	0.0016	0.0016	0.0016	0.0016	0.0008	0.0008	0.0008	0.0008	0.0008	0.0008	0.0008	0.0008	0.0008	0.0008	0.0008	0.0008	0.0008	0.0008	0.0008	0.0008	0.0008	0.0008	0.0008	0.0008	0.0005	0.0005	0.0005	0.0005	0.0005	0.0005	0.0005	0.0005	0.0005	0.0005	0.0003	0.0003
0.7982	0.0218	0.0218	0.0219	0.0219	0.0219	0.0075	0.0075	0.0075	0.0076	0.0076	0.0017	0.0017	0.0017	0.0017	0.0017	0.0017	0.0017	0.0017	0.0017	0.0017	0.0016	0.0016	0.0016	0.0016	0.0016	0.0016	0.0016	0.0016	0.0016	0.0016	0.0008	0.0008	0.0008	0.0008	0.0008	0.0008	0.0008	0.0008	0.0008	0.0008	0.0008	0.0008	0.0008	0.0008	0.0008	0.0008	0.0008	0.0008	0.0008	0.0008	0.0005	0.0005	0.0005	0.0005	0.0005	0.0005	0.0005	0.0005	0.0005	0.0005	0.0003	0.0003
0.7892	0.0188	0.0188	0.0188	0.0188	0.0189	0.01	0.01	0.01	0.01	0.01	0.002	0.002	0.002	0.002	0.002	0.002	0.002	0.002	0.002	0.002	0.002	0.002	0.002	0.002	0.002	0.002	0.002	0.002	0.002	0.002	0.001	0.001	0.001	0.001	0.001	0.001	0.001	0.001	0.001	0.001	0.001	0.001	0.001	0.001	0.001	0.001	0.001	0.001	0.001	0.001	0.0006	0.0006	0.0006	0.0006	0.0006	0.0006	0.0006	0.0006	0.0006	0.0006	0.0004	0.0004
0.6249	0.0331	0.0332	0.0333	0.0334	0.0335	0.017	0.0171	0.0171	0.0172	0.0172	0.0039	0.0039	0.0039	0.0039	0.0039	0.0039	0.0039	0.0039	0.0039	0.0039	0.0038	0.0038	0.0038	0.0038	0.0038	0.0038	0.0038	0.0038	0.0038	0.0038	0.0018	0.0018	0.0018	0.0018	0.0018	0.0018	0.0018	0.0018	0.0018	0.0018	0.0018	0.0018	0.0018	0.0018	0.0018	0.0018	0.0018	0.0018	0.0018	0.0018	0.001	0.001	0.001	0.001	0.001	0.001	0.001	0.001	0.001	0.001	0.0006	0.0006
0.6249	0.0331	0.0332	0.0333	0.0334	0.0335	0.017	0.0171	0.0171	0.0172	0.0172	0.0039	0.0039	0.0039	0.0039	0.0039	0.0039	0.0039	0.0039	0.0039	0.0039	0.0038	0.0038	0.0038	0.0038	0.0038	0.0038	0.0038	0.0038	0.0038	0.0038	0.0018	0.0018	0.0018	0.0018	0.0018	0.0018	0.0018	0.0018	0.0018	0.0018	0.0018	0.0018	0.0018	0.0018	0.0018	0.0018	0.0018	0.0018	0.0018	0.0018	0.001	0.001	0.001	0.001	0.001	0.001	0.001	0.001	0.001	0.001	0.0006	0.0006
0.6745	0.0306	0.0306	0.0307	0.0308	0.0309	0.014	0.014	0.0141	0.0141	0.0141	0.0032	0.0032	0.0032	0.0032	0.0032	0.0032	0.0032	0.0032	0.0032	0.0032	0.0031	0.0031	0.0031	0.0031	0.0031	0.0031	0.0031	0.0031	0.0031	0.0031	0.0015	0.0015	0.0015	0.0015	0.0015	0.0015	0.0015	0.0015	0.0015	0.0015	0.0015	0.0015	0.0015	0.0015	0.0015	0.0015	0.0015	0.0015	0.0015	0.0015	0.0008	0.0008	0.0008	0.0008	0.0008	0.0008	0.0008	0.0008	0.0008	0.0008	0.0005	0.0005
0.6745	0.0306	0.0306	0.0307	0.0308	0.0309	0.014	0.014	0.0141	0.0141	0.0141	0.0032	0.0032	0.0032	0.0032	0.0032	0.0032	0.0032	0.0032	0.0032	0.0032	0.0031	0.0031	0.0031	0.0031	0.0031	0.0031	0.0031	0.0031	0.0031	0.0031	0.0015	0.0015	0.0015	0.0015	0.0015	0.0015	0.0015	0.0015	0.0015	0.0015	0.0015	0.0015	0.0015	0.0015	0.0015	0.0015	0.0015	0.0015	0.0015	0.0015	0.0008	0.0008	0.0008	0.0008	0.0008	0.0008	0.0008	0.0008	0.0008	0.0008	0.0005	0.0005
0.8095	0.0153	0.0153	0.0153	0.0153	0.0153	0.0094	0.0094	0.0094	0.0094	0.0094	0.002	0.002	0.002	0.002	0.002	0.002	0.002	0.002	0.002	0.002	0.002	0.002	0.002	0.002	0.002	0.002	0.002	0.002	0.002	0.002	0.001	0.001	0.001	0.001	0.001	0.001	0.001	0.001	0.001	0.001	0.001	0.001	0.001	0.001	0.001	0.001	0.001	0.001	0.001	0.001	0.0006	0.0006	0.0006	0.0006	0.0006	0.0006	0.0006	0.0006	0.0006	0.0006	0.0004	0.0004
0.8623	0.0121	0.0121	0.0121	0.0121	0.0121	0.0065	0.0065	0.0065	0.0065	0.0065	0.0013	0.0013	0.0013	0.0013	0.0013	0.0013	0.0013	0.0013	0.0013	0.0013	0.0013	0.0013	0.0013	0.0013	0.0013	0.0013	0.0013	0.0013	0.0013	0.0013	0.0007	0.0007	0.0007	0.0007	0.0007	0.0007	0.0007	0.0007	0.0007	0.0007	0.0007	0.0007	0.0007	0.0007	0.0007	0.0007	0.0007	0.0007	0.0007	0.0007	0.0004	0.0004	0.0004	0.0004	0.0004	0.0004	0.0004	0.0004	0.0004	0.0004	0.0003	0.0003
0.7642	0.0243	0.0243	0.0244	0.0244	0.0245	0.0092	0.0092	0.0092	0.0092	0.0092	0.0021	0.0021	0.0021	0.0021	0.0021	0.0021	0.0021	0.0021	0.0021	0.0021	0.002	0.002	0.002	0.002	0.002	0.002	0.002	0.002	0.002	0.002	0.001	0.001	0.001	0.001	0.001	0.001	0.001	0.001	0.001	0.001	0.001	0.001	0.001	0.001	0.001	0.001	0.001	0.001	0.001	0.001	0.0006	0.0006	0.0006	0.0006	0.0006	0.0006	0.0006	0.0006	0.0006	0.0006	0.0004	0.0004
0.7642	0.0243	0.0243	0.0244	0.0244	0.0245	0.0092	0.0092	0.0092	0.0092	0.0092	0.0021	0.0021	0.0021	0.0021	0.0021	0.0021	0.0021	0.0021	0.0021	0.0021	0.002	0.002	0.002	0.002	0.002	0.002	0.002	0.002	0.002	0.002	0.001	0.001	0.001	0.001	0.001	0.001	0.001	0.001	0.001	0.001	0.001	0.001	0.001	0.001	0.001	0.001	0.001	0.001	0.001	0.001	0.0006	0.0006	0.0006	0.0006	0.0006	0.0006	0.0006	0.0006	0.0006	0.0006	0.0004	0.0004
0.8905	0.0099	0.0099	0.0099	0.0099	0.0099	0.005	0.005	0.005	0.005	0.005	0.001	0.001	0.001	0.001	0.001	0.001	0.001	0.001	0.001	0.001	0.001	0.001	0.001	0.001	0.001	0.001	0.001	0.001	0.001	0.001	0.0005	0.0005	0.0005	0.0005	0.0005	0.0005	0.0005	0.0005	0.0005	0.0005	0.0005	0.0005	0.0005	0.0005	0.0005	0.0005	0.0005	0.0005	0.0005	0.0005	0.0003	0.0003	0.0003	0.0003	0.0003	0.0003	0.0003	0.0003	0.0003	0.0003	0.0002	0.0002
0.7473	0.0215	0.0215	0.0215	0.0216	0.0216	0.0118	0.0118	0.0118	0.0118	0.0119	0.0026	0.0026	0.0026	0.0026	0.0026	0.0026	0.0026	0.0026	0.0026	0.0026	0.0026	0.0026	0.0026	0.0026	0.0026	0.0026	0.0026	0.0026	0.0026	0.0026	0.0013	0.0013	0.0013	0.0013	0.0013	0.0013	0.0013	0.0013	0.0013	0.0013	0.0013	0.0013	0.0013	0.0013	0.0013	0.0013	0.0013	0.0013	0.0013	0.0013	0.0007	0.0007	0.0007	0.0007	0.0007	0.0007	0.0007	0.0007	0.0007	0.0007	0.0004	0.0004
0.6958	0.0247	0.0247	0.0248	0.0248	0.0249	0.0149	0.015	0.015	0.015	0.015	0.0033	0.0033	0.0033	0.0033	0.0033	0.0033	0.0033	0.0033	0.0033	0.0033	0.0032	0.0033	0.0033	0.0033	0.0033	0.0033	0.0033	0.0033	0.0033	0.0033	0.0015	0.0015	0.0015	0.0015	0.0015	0.0015	0.0015	0.0015	0.0015	0.0015	0.0015	0.0015	0.0015	0.0015	0.0015	0.0015	0.0015	0.0015	0.0015	0.0015	0.0008	0.0008	0.0008	0.0008	0.0008	0.0008	0.0008	0.0008	0.0008	0.0008	0.0005	0.0005
0.6958	0.0247	0.0247	0.0248	0.0248	0.0249	0.0149	0.015	0.015	0.015	0.015	0.0033	0.0033	0.0033	0.0033	0.0033	0.0033	0.0033	0.0033	0.0033	0.0033	0.0032	0.0033	0.0033	0.0033	0.0033	0.0033	0.0033	0.0033	0.0033	0.0033	0.0015	0.0015	0.0015	0.0015	0.0015	0.0015	0.0015	0.0015	0.0015	0.0015	0.0015	0.0015	0.0015	0.0015	0.0015	0.0015	0.0015	0.0015	0.0015	0.0015	0.0008	0.0008	0.0008	0.0008	0.0008	0.0008	0.0008	0.0008	0.0008	0.0008	0.0005	0.0005
0.9328	0.0052	0.0052	0.0052	0.0052	0.0053	0.0041	0.0041	0.0041	0.0041	0.0041	0.0006	0.0006	0.0006	0.0006	0.0006	0.0006	0.0006	0.0006	0.0006	0.0006	0.0006	0.0006	0.0006	0.0006	0.0006	0.0006	0.0006	0.0006	0.0006	0.0006	0.0003	0.0003	0.0003	0.0003	0.0003	0.0003	0.0003	0.0003	0.0003	0.0003	0.0003	0.0003	0.0003	0.0003	0.0003	0.0003	0.0003	0.0003	0.0003	0.0003	0.0002	0.0002	0.0002	0.0002	0.0002	0.0002	0.0002	0.0002	0.0002	0.0002	0.0001	0.0001
0.9575	0.0034	0.0034	0.0034	0.0034	0.0034	0.0023	0.0023	0.0023	0.0023	0.0023	0.0004	0.0004	0.0004	0.0004	0.0004	0.0004	0.0004	0.0004	0.0004	0.0004	0.0004	0.0004	0.0004	0.0004	0.0004	0.0004	0.0004	0.0004	0.0004	0.0004	0.0002	0.0002	0.0002	0.0002	0.0002	0.0002	0.0002	0.0002	0.0002	0.0002	0.0002	0.0002	0.0002	0.0002	0.0002	0.0002	0.0002	0.0002	0.0002	0.0002	0.0001	0.0001	0.0001	0.0001	0.0001	0.0001	0.0001	0.0001	0.0001	0.0001	0.0001	0.0001
0.8721	0.0115	0.0115	0.0115	0.0115	0.0115	0.0057	0.0057	0.0057	0.0057	0.0057	0.0013	0.0013	0.0013	0.0013	0.0013	0.0013	0.0013	0.0013	0.0013	0.0013	0.0012	0.0012	0.0012	0.0012	0.0012	0.0012	0.0012	0.0012	0.0012	0.0012	0.0006	0.0006	0.0006	0.0006	0.0006	0.0006	0.0006	0.0006	0.0006	0.0006	0.0006	0.0006	0.0006	0.0006	0.0006	0.0006	0.0006	0.0006	0.0006	0.0006	0.0004	0.0004	0.0004	0.0004	0.0004	0.0004	0.0004	0.0004	0.0004	0.0004	0.0003	0.0003
0.8721	0.0115	0.0115	0.0115	0.0115	0.0115	0.0057	0.0057	0.0057	0.0057	0.0057	0.0013	0.0013	0.0013	0.0013	0.0013	0.0013	0.0013	0.0013	0.0013	0.0013	0.0012	0.0012	0.0012	0.0012	0.0012	0.0012	0.0012	0.0012	0.0012	0.0012	0.0006	0.0006	0.0006	0.0006	0.0006	0.0006	0.0006	0.0006	0.0006	0.0006	0.0006	0.0006	0.0006	0.0006	0.0006	0.0006	0.0006	0.0006	0.0006	0.0006	0.0004	0.0004	0.0004	0.0004	0.0004	0.0004	0.0004	0.0004	0.0004	0.0004	0.0003	0.0003
NaN	NaN	NaN	NaN	NaN	NaN	NaN	NaN	NaN	NaN	NaN	NaN	NaN	NaN	NaN	NaN	NaN	NaN	NaN	NaN	NaN	NaN	NaN	NaN	NaN	NaN	NaN	NaN	NaN	NaN	NaN	NaN	NaN	NaN	NaN	NaN	NaN	NaN	NaN	NaN	NaN	NaN	NaN	NaN	NaN	NaN	NaN	NaN	NaN	NaN	NaN	NaN	NaN	NaN	NaN	NaN	NaN	NaN	NaN	NaN	NaN	NaN	NaN
0.168	0.1021	0.1	0.1035	0.1	0.1	0.0116	0.0115	0.0117	0.0115	0.0115	0.0068	0.007	0.0068	0.0068	0.0068	0.0066	0.0066	0.0068	0.0068	0.0066	0.0061	0.0061	0.0061	0.0061	0.0061	0.0061	0.0061	0.0061	0.0061	0.0061	0.0049	0.0049	0.0049	0.0049	0.0049	0.0049	0.0049	0.0049	0.0048	0.0049	0.0047	0.0046	0.0046	0.0047	0.0047	0.0046	0.0046	0.0046	0.0046	0.0046	0.0039	0.0039	0.0039	0.0039	0.0039	0.0037	0.0037	0.0037	0.0037	0.0037	0.0033	0.0031
0.0929	0.2857	0.1096	0.0976	0.0947	0.0959	0.0144	0.0067	0.0062	0.006	0.006	0.0147	0.0143	0.0142	0.0142	0.0068	0.0067	0.0067	0.0061	0.0061	0.006	0.0037	0.0036	0.0036	0.0036	0.0024	0.0024	0.0024	0.0023	0.0023	0.0023	0.0037	0.0037	0.0037	0.0036	0.0036	0.0036	0.0024	0.0024	0.0024	0.0023	0.0017	0.0017	0.0017	0.0017	0.0017	0.0017	0.0012	0.0012	0.0012	0.0012	0.0017	0.0017	0.0017	0.0017	0.0012	0.0009	0.0009	0.0009	0.0009	0.0007	0.0009	0.0006
0.0844	0.0856	0.2024	0.0885	0.0902	0.2494	0.0044	0.0092	0.0045	0.0045	0.0095	0.0093	0.0045	0.0046	0.0096	0.0095	0.0096	0.0148	0.0046	0.0098	0.0099	0.0027	0.0019	0.0019	0.0027	0.0027	0.0027	0.0035	0.0019	0.0027	0.0027	0.0027	0.0027	0.0036	0.0019	0.0027	0.0027	0.0027	0.0036	0.0036	0.0028	0.0013	0.0013	0.0016	0.001	0.0013	0.0013	0.0013	0.0016	0.0016	0.0013	0.0013	0.0016	0.0016	0.0013	0.0017	0.0007	0.0009	0.0009	0.0007	0.0009	0.0009	0.0005
0.0906	0.091	0.1367	0.0951	0.0968	0.2759	0.006	0.0078	0.006	0.0061	0.0121	0.0078	0.0061	0.0061	0.0119	0.0078	0.0079	0.0137	0.0061	0.012	0.0121	0.0025	0.0022	0.0022	0.0032	0.0025	0.0025	0.0035	0.0022	0.0032	0.0032	0.0025	0.0025	0.0035	0.0022	0.0032	0.0032	0.0025	0.0035	0.0035	0.0032	0.0012	0.0012	0.0016	0.0011	0.0015	0.0015	0.0012	0.0016	0.0016	0.0015	0.0013	0.0016	0.0016	0.0015	0.0016	0.0007	0.0009	0.0009	0.0008	0.0009	0.0009	0.0005
0.0868	0.1615	0.2679	0.1563	0.089	0.0893	0.0046	0.0089	0.0036	0.0028	0.0029	0.0109	0.0055	0.0047	0.0048	0.0101	0.0094	0.0095	0.0037	0.0038	0.0029	0.0026	0.0017	0.0016	0.0016	0.0025	0.0023	0.0024	0.0014	0.0014	0.0013	0.0028	0.0027	0.0027	0.0017	0.0017	0.0016	0.0025	0.0025	0.0024	0.0014	0.0012	0.0012	0.0012	0.0008	0.0009	0.0008	0.0011	0.0011	0.0011	0.0007	0.0013	0.0013	0.0012	0.0009	0.0012	0.0007	0.0007	0.0007	0.0005	0.0006	0.0007	0.0004
0.0597	0.3806	0.0637	0.0627	0.0624	0.0631	0.0229	0.006	0.006	0.0059	0.006	0.0246	0.0241	0.0239	0.0241	0.0061	0.0061	0.0062	0.0061	0.0061	0.0061	0.0058	0.0057	0.0057	0.0057	0.0027	0.0027	0.0027	0.0027	0.0027	0.0027	0.0059	0.0059	0.0059	0.0058	0.0058	0.0058	0.0027	0.0027	0.0027	0.0027	0.0026	0.0026	0.0026	0.0026	0.0026	0.0026	0.0014	0.0015	0.0015	0.0014	0.0027	0.0027	0.0027	0.0027	0.0015	0.0014	0.0014	0.0014	0.0014	0.0009	0.0014	0.0009
0.0927	0.2211	0.0968	0.096	0.2459	0.0965	0.0069	0.0032	0.0031	0.007	0.0031	0.0074	0.0073	0.0112	0.0073	0.0032	0.0075	0.0032	0.0073	0.0032	0.0073	0.0021	0.0021	0.0027	0.0021	0.0014	0.0021	0.0014	0.0021	0.0014	0.0021	0.0021	0.0028	0.0021	0.0028	0.0021	0.0028	0.0021	0.0014	0.0021	0.0021	0.001	0.0013	0.001	0.0013	0.001	0.0013	0.001	0.0007	0.001	0.001	0.0013	0.001	0.0013	0.0013	0.001	0.0007	0.0006	0.0007	0.0007	0.0006	0.0007	0.0004
0.0743	0.3376	0.0761	0.0771	0.0971	0.0796	0.0188	0.0052	0.0052	0.0056	0.0053	0.0192	0.0195	0.0201	0.02	0.0053	0.0057	0.0053	0.0057	0.0054	0.0058	0.0046	0.0047	0.0048	0.0047	0.0023	0.0023	0.0023	0.0024	0.0023	0.0024	0.0047	0.0048	0.0048	0.0048	0.0048	0.0049	0.0024	0.0023	0.0024	0.0024	0.0021	0.0021	0.0021	0.0022	0.0021	0.0022	0.0012	0.0012	0.0013	0.0013	0.0022	0.0022	0.0022	0.0022	0.0013	0.0012	0.0012	0.0012	0.0012	0.0007	0.0012	0.0007
0.0755	0.3349	0.1152	0.2406	0.0781	0.0766	0.0037	0.0016	0.0031	0.0014	0.0014	0.0045	0.0084	0.0039	0.0039	0.0035	0.0017	0.0017	0.0033	0.0032	0.0014	0.0011	0.0015	0.001	0.001	0.001	0.0007	0.0007	0.001	0.001	0.0007	0.0016	0.0011	0.0011	0.0015	0.0015	0.001	0.001	0.001	0.0007	0.001	0.0007	0.0005	0.0005	0.0007	0.0007	0.0005	0.0005	0.0005	0.0004	0.0005	0.0007	0.0007	0.0005	0.0007	0.0005	0.0004	0.0004	0.0003	0.0004	0.0003	0.0004	0.0003
0.066	0.0689	0.3756	0.0702	0.07	0.071	0.0056	0.0205	0.0056	0.0056	0.0056	0.0214	0.0057	0.0057	0.0057	0.0217	0.0215	0.0217	0.0057	0.0058	0.0057	0.0051	0.0025	0.0025	0.0025	0.0051	0.0051	0.0051	0.0025	0.0025	0.0025	0.0052	0.0052	0.0052	0.0025	0.0025	0.0025	0.0052	0.0052	0.0052	0.0025	0.0023	0.0023	0.0023	0.0013	0.0013	0.0013	0.0023	0.0024	0.0023	0.0013	0.0024	0.0024	0.0024	0.0013	0.0024	0.0013	0.0013	0.0013	0.0008	0.0013	0.0013	0.0008
0.0542	0.2262	0.389	0.0555	0.0582	0.0562	0.0053	0.0083	0.0028	0.0029	0.0029	0.0191	0.0054	0.0055	0.0055	0.0084	0.0087	0.0084	0.0029	0.0029	0.0029	0.0033	0.0018	0.0018	0.0018	0.0024	0.0024	0.0024	0.0014	0.0014	0.0014	0.0034	0.0034	0.0034	0.0018	0.0018	0.0018	0.0024	0.0024	0.0024	0.0014	0.0015	0.0015	0.0015	0.001	0.001	0.001	0.0012	0.0012	0.0012	0.0008	0.0016	0.0015	0.0016	0.001	0.0012	0.0009	0.0009	0.0009	0.0006	0.0007	0.0009	0.0006
0.0888	0.0938	0.2099	0.2973	0.0916	0.0904	0.0025	0.0035	0.0078	0.0024	0.0024	0.0038	0.0087	0.0026	0.0025	0.0106	0.0036	0.0036	0.0081	0.0081	0.0025	0.0014	0.0022	0.0012	0.0012	0.0025	0.0014	0.0014	0.0022	0.0022	0.0012	0.0026	0.0014	0.0014	0.0023	0.0023	0.0012	0.0025	0.0025	0.0014	0.0022	0.0012	0.0007	0.0007	0.0011	0.0011	0.0006	0.0012	0.0012	0.0007	0.0011	0.0012	0.0012	0.0007	0.0011	0.0012	0.0007	0.0007	0.0004	0.0006	0.0006	0.0007	0.0004
0.0646	0.4118	0.0818	0.0676	0.0683	0.0687	0.0161	0.0052	0.0048	0.0048	0.0048	0.0202	0.0165	0.0166	0.0166	0.0053	0.0053	0.0053	0.0048	0.0049	0.0049	0.0045	0.0042	0.0042	0.0042	0.0023	0.0023	0.0023	0.0022	0.0022	0.0022	0.0046	0.0046	0.0046	0.0043	0.0043	0.0043	0.0023	0.0023	0.0023	0.0022	0.0021	0.0021	0.0021	0.002	0.002	0.002	0.0013	0.0013	0.0013	0.0012	0.0022	0.0022	0.0022	0.0021	0.0013	0.0012	0.0012	0.0012	0.0011	0.0008	0.0012	0.0007
0.0674	0.0951	0.3738	0.0702	0.0707	0.0712	0.0058	0.0158	0.005	0.005	0.005	0.0225	0.0059	0.0059	0.0059	0.0161	0.0162	0.0162	0.0051	0.0051	0.0051	0.005	0.0026	0.0026	0.0026	0.0044	0.0044	0.0044	0.0024	0.0024	0.0024	0.005	0.005	0.0051	0.0026	0.0026	0.0026	0.0045	0.0045	0.0045	0.0024	0.0024	0.0024	0.0024	0.0014	0.0014	0.0014	0.0022	0.0022	0.0022	0.0014	0.0024	0.0024	0.0024	0.0015	0.0022	0.0013	0.0014	0.0014	0.0009	0.0013	0.0014	0.0008
0.0531	0.0584	0.1072	0.4739	0.0547	0.0549	0.0037	0.005	0.0109	0.0035	0.0036	0.0054	0.0118	0.0037	0.0037	0.0219	0.005	0.005	0.011	0.011	0.0036	0.0022	0.0033	0.0018	0.0018	0.0042	0.0022	0.0022	0.0032	0.0032	0.0018	0.0045	0.0022	0.0022	0.0033	0.0033	0.0018	0.0042	0.0042	0.0022	0.0032	0.0021	0.0012	0.0012	0.0017	0.0017	0.0011	0.002	0.002	0.0012	0.0017	0.0021	0.0021	0.0012	0.0017	0.002	0.0012	0.0012	0.0008	0.001	0.0011	0.0012	0.0007
0.0599	0.1525	0.0608	0.4185	0.0696	0.0617	0.0037	0.0033	0.0136	0.0033	0.0033	0.0037	0.0142	0.0038	0.0038	0.014	0.0034	0.0034	0.0142	0.0143	0.0034	0.0015	0.0032	0.0016	0.0016	0.0032	0.0015	0.0015	0.0032	0.0032	0.0015	0.0033	0.0016	0.0016	0.0033	0.0033	0.0016	0.0033	0.0033	0.0015	0.0033	0.0015	0.0008	0.0008	0.0015	0.0015	0.0008	0.0014	0.0014	0.0008	0.0015	0.0015	0.0015	0.0008	0.0015	0.0015	0.0008	0.0008	0.0005	0.0008	0.0008	0.0008	0.0005
0.0182	0.0192	0.0183	0.746	0.0186	0.0186	0.0029	0.0028	0.0128	0.0029	0.0029	0.0029	0.0136	0.0029	0.0029	0.013	0.0029	0.0029	0.0132	0.0132	0.0029	0.0014	0.0029	0.0014	0.0014	0.0028	0.0014	0.0014	0.0029	0.0029	0.0014	0.0029	0.0014	0.0014	0.0029	0.0029	0.0014	0.0029	0.0029	0.0014	0.0029	0.0014	0.0008	0.0008	0.0014	0.0014	0.0008	0.0014	0.0014	0.0008	0.0014	0.0014	0.0014	0.0008	0.0014	0.0014	0.0008	0.0008	0.0005	0.0008	0.0008	0.0008	0.0005
0.076	0.0763	0.0769	0.355	0.2402	0.0779	0.0018	0.0018	0.0069	0.0026	0.0018	0.0018	0.007	0.0026	0.0018	0.0071	0.0026	0.0019	0.0081	0.0073	0.0027	0.0008	0.0017	0.0009	0.0008	0.0017	0.001	0.0008	0.0018	0.0017	0.001	0.0017	0.001	0.0008	0.0018	0.0017	0.001	0.0018	0.0017	0.001	0.0019	0.0008	0.0005	0.0004	0.0008	0.0008	0.0005	0.0008	0.0008	0.0005	0.0008	0.0008	0.0008	0.0005	0.0008	0.0008	0.0004	0.0004	0.0003	0.0004	0.0004	0.0004	0.0003
0.029	0.0291	0.0291	0.6607	0.0811	0.0294	0.0025	0.0025	0.0104	0.0028	0.0026	0.0026	0.0104	0.0028	0.0026	0.0105	0.0028	0.0026	0.0119	0.0106	0.0028	0.0013	0.0025	0.0014	0.0013	0.0025	0.0014	0.0013	0.0027	0.0025	0.0014	0.0025	0.0014	0.0013	0.0027	0.0025	0.0014	0.0027	0.0026	0.0014	0.0027	0.0013	0.0008	0.0008	0.0013	0.0013	0.0008	0.0013	0.0013	0.0008	0.0013	0.0013	0.0013	0.0008	0.0014	0.0014	0.0008	0.0008	0.0005	0.0008	0.0008	0.0008	0.0005
0.0069	0.0069	0.0069	0.9042	0.0074	0.0069	0.001	0.001	0.0053	0.001	0.001	0.001	0.0053	0.001	0.001	0.0053	0.001	0.001	0.0057	0.0054	0.001	0.0005	0.001	0.0005	0.0005	0.001	0.0005	0.0005	0.001	0.001	0.0005	0.001	0.0005	0.0005	0.001	0.001	0.0005	0.001	0.001	0.0005	0.001	0.0005	0.0003	0.0003	0.0005	0.0005	0.0003	0.0005	0.0005	0.0003	0.0005	0.0005	0.0005	0.0003	0.0005	0.0005	0.0003	0.0003	0.0002	0.0003	0.0003	0.0003	0.0002
0.0703	0.2373	0.0705	0.4258	0.074	0.0708	0.0011	0.0009	0.0035	0.001	0.0009	0.0011	0.0039	0.0012	0.0011	0.0036	0.001	0.0009	0.004	0.0036	0.001	0.0005	0.0009	0.0005	0.0005	0.0009	0.0005	0.0005	0.0009	0.0009	0.0005	0.0009	0.0005	0.0005	0.001	0.0009	0.0005	0.0009	0.0009	0.0005	0.0009	0.0005	0.0003	0.0003	0.0005	0.0005	0.0003	0.0005	0.0005	0.0003	0.0005	0.0005	0.0005	0.0003	0.0005	0.0005	0.0003	0.0003	0.0002	0.0003	0.0003	0.0003	0.0002
0.0084	0.0094	0.0085	0.8677	0.0087	0.0085	0.0016	0.0016	0.0065	0.0016	0.0016	0.0016	0.0072	0.0017	0.0016	0.0065	0.0016	0.0016	0.0067	0.0065	0.0016	0.0009	0.0016	0.0009	0.0009	0.0016	0.0008	0.0008	0.0016	0.0016	0.0008	0.0016	0.0009	0.0009	0.0017	0.0016	0.0009	0.0016	0.0016	0.0008	0.0016	0.0009	0.0005	0.0005	0.0009	0.0009	0.0005	0.0008	0.0008	0.0005	0.0008	0.0009	0.0009	0.0005	0.0009	0.0008	0.0005	0.0005	0.0004	0.0005	0.0005	0.0005	0.0004
0.1043	0.134	0.1164	0.1055	0.1049	0.1221	0.0087	0.0075	0.0067	0.0067	0.0078	0.0095	0.0087	0.0087	0.0099	0.0075	0.0075	0.0087	0.0067	0.0079	0.0079	0.0055	0.0053	0.0053	0.0055	0.005	0.005	0.0053	0.0048	0.0051	0.0051	0.0055	0.0055	0.0058	0.0053	0.0056	0.0056	0.005	0.0053	0.0053	0.0051	0.0042	0.0042	0.0044	0.0041	0.0043	0.0043	0.0039	0.0041	0.0041	0.004	0.0042	0.0044	0.0044	0.0043	0.0041	0.0035	0.0036	0.0036	0.0035	0.0034	0.0036	0.003
0.3087	0.0874	0.0885	0.0898	0.0916	0.094	0.017	0.017	0.0171	0.0173	0.0175	0.0058	0.0058	0.0058	0.0059	0.0058	0.0058	0.0059	0.0058	0.0059	0.0059	0.0041	0.0041	0.0042	0.0042	0.0042	0.0042	0.0042	0.0042	0.0042	0.0042	0.0023	0.0023	0.0023	0.0023	0.0023	0.0023	0.0023	0.0023	0.0023	0.0023	0.0019	0.0019	0.0019	0.0019	0.0019	0.0019	0.0019	0.0019	0.0019	0.0019	0.0012	0.0012	0.0012	0.0012	0.0012	0.001	0.001	0.001	0.001	0.001	0.0007	0.0006
0.6385	0.0458	0.0459	0.0463	0.0467	0.0472	0.0106	0.0106	0.0107	0.0107	0.0108	0.0025	0.0026	0.0026	0.0026	0.0026	0.0026	0.0026	0.0026	0.0026	0.0026	0.0022	0.0022	0.0022	0.0022	0.0022	0.0022	0.0022	0.0022	0.0022	0.0022	0.0011	0.0011	0.0011	0.0011	0.0011	0.0011	0.0011	0.0011	0.0011	0.0011	0.001	0.001	0.001	0.001	0.001	0.001	0.001	0.001	0.001	0.001	0.0006	0.0006	0.0006	0.0006	0.0007	0.0006	0.0006	0.0006	0.0006	0.0006	0.0004	0.0004
0.0974	0.0784	0.0792	0.3407	0.081	0.0819	0.0058	0.0059	0.0198	0.0059	0.0059	0.0053	0.0163	0.0053	0.0053	0.0163	0.0053	0.0053	0.0165	0.0166	0.0054	0.0024	0.0045	0.0024	0.0024	0.0046	0.0024	0.0024	0.0046	0.0046	0.0024	0.0042	0.0023	0.0023	0.0042	0.0042	0.0023	0.0042	0.0042	0.0023	0.0043	0.0021	0.0013	0.0013	0.0021	0.0021	0.0013	0.0021	0.0021	0.0013	0.0021	0.002	0.002	0.0012	0.002	0.002	0.0011	0.0011	0.0007	0.0011	0.0011	0.0011	0.0007
0.0794	0.3229	0.0822	0.0839	0.0856	0.0876	0.0183	0.0056	0.0056	0.0057	0.0057	0.0187	0.019	0.0192	0.0195	0.0057	0.0057	0.0058	0.0058	0.0058	0.0059	0.0046	0.0046	0.0046	0.0047	0.0024	0.0024	0.0024	0.0024	0.0024	0.0024	0.0047	0.0047	0.0047	0.0047	0.0047	0.0048	0.0024	0.0024	0.0024	0.0025	0.0021	0.0021	0.0021	0.0021	0.0021	0.0022	0.0013	0.0013	0.0013	0.0013	0.0021	0.0022	0.0022	0.0022	0.0013	0.0012	0.0012	0.0012	0.0012	0.0008	0.0012	0.0007
0.1111	0.2887	0.0872	0.0885	0.0898	0.0911	0.0187	0.0065	0.0065	0.0065	0.0065	0.0155	0.0156	0.0156	0.0157	0.0058	0.0058	0.0058	0.0058	0.0059	0.0059	0.0045	0.0045	0.0045	0.0045	0.0025	0.0025	0.0025	0.0025	0.0025	0.0025	0.0041	0.0042	0.0042	0.0042	0.0042	0.0042	0.0024	0.0024	0.0024	0.0024	0.0021	0.0021	0.0021	0.0021	0.0021	0.0021	0.0013	0.0013	0.0013	0.0013	0.002	0.002	0.002	0.002	0.0013	0.0011	0.0011	0.0011	0.0011	0.0008	0.0011	0.0007
0.0812	0.0839	0.0849	0.3347	0.0892	0.0916	0.0056	0.0056	0.016	0.0056	0.0057	0.0056	0.0163	0.0057	0.0058	0.0163	0.0057	0.0058	0.0167	0.0169	0.0058	0.0023	0.004	0.0023	0.0023	0.004	0.0023	0.0023	0.0041	0.0041	0.0023	0.0041	0.0023	0.0023	0.0041	0.0041	0.0023	0.0041	0.0041	0.0023	0.0042	0.0019	0.0012	0.0012	0.0019	0.0019	0.0012	0.0019	0.0019	0.0012	0.0019	0.0019	0.0019	0.0012	0.0019	0.0019	0.001	0.001	0.0007	0.001	0.001	0.001	0.0006
0.0666	0.0675	0.0684	0.4006	0.0709	0.0722	0.0051	0.0052	0.019	0.0052	0.0053	0.0052	0.0192	0.0052	0.0053	0.0194	0.0053	0.0053	0.0199	0.0202	0.0054	0.0022	0.0046	0.0022	0.0023	0.0046	0.0023	0.0023	0.0046	0.0047	0.0023	0.0046	0.0023	0.0023	0.0047	0.0047	0.0023	0.0047	0.0047	0.0023	0.0048	0.0021	0.0012	0.0012	0.0021	0.0021	0.0012	0.0021	0.0021	0.0012	0.0021	0.0021	0.0021	0.0012	0.0021	0.0021	0.0011	0.0011	0.0007	0.0011	0.0011	0.0011	0.0007
0.114	0.1989	0.0743	0.2869	0.0755	0.0762	0.0091	0.0046	0.0121	0.0046	0.0046	0.0061	0.0104	0.0062	0.0062	0.0078	0.0036	0.0036	0.0078	0.0079	0.0036	0.0025	0.0034	0.0025	0.0025	0.0028	0.0019	0.0019	0.0028	0.0029	0.0019	0.0029	0.0021	0.0021	0.0029	0.0029	0.0021	0.0024	0.0024	0.0017	0.0024	0.0016	0.0013	0.0013	0.0016	0.0016	0.0013	0.0014	0.0014	0.0011	0.0014	0.0015	0.0015	0.0012	0.0015	0.0013	0.0009	0.0009	0.0008	0.0009	0.0008	0.0009	0.0006
0.3398	0.0729	0.0734	0.0752	0.0756	0.0767	0.0217	0.0218	0.0224	0.0224	0.0227	0.0057	0.0058	0.0058	0.0058	0.0058	0.0058	0.0058	0.0059	0.0059	0.0059	0.0052	0.0053	0.0053	0.0053	0.0053	0.0053	0.0053	0.0054	0.0054	0.0054	0.0025	0.0025	0.0025	0.0025	0.0025	0.0025	0.0025	0.0025	0.0025	0.0026	0.0024	0.0024	0.0024	0.0024	0.0024	0.0024	0.0024	0.0024	0.0024	0.0024	0.0013	0.0013	0.0013	0.0013	0.0013	0.0013	0.0013	0.0013	0.0013	0.0013	0.0008	0.0008
0.2765	0.0997	0.0897	0.093	0.0942	0.0965	0.0172	0.0168	0.0172	0.0172	0.0174	0.0064	0.0065	0.0065	0.0066	0.006	0.006	0.006	0.0061	0.0061	0.0061	0.0043	0.0044	0.0044	0.0044	0.0043	0.0043	0.0043	0.0043	0.0044	0.0044	0.0025	0.0025	0.0025	0.0025	0.0025	0.0025	0.0024	0.0024	0.0024	0.0025	0.002	0.002	0.002	0.002	0.002	0.002	0.002	0.002	0.002	0.002	0.0013	0.0013	0.0013	0.0013	0.0013	0.0011	0.0011	0.0011	0.0011	0.0011	0.0008	0.0007
0.3891	0.0709	0.0714	0.0722	0.0731	0.0741	0.0189	0.0189	0.0191	0.0192	0.0194	0.0051	0.0051	0.0052	0.0052	0.0052	0.0052	0.0052	0.0052	0.0052	0.0052	0.0045	0.0045	0.0046	0.0046	0.0046	0.0046	0.0046	0.0046	0.0046	0.0046	0.0022	0.0022	0.0022	0.0022	0.0022	0.0023	0.0022	0.0022	0.0023	0.0023	0.0021	0.0021	0.0021	0.0021	0.0021	0.0021	0.0021	0.0021	0.0021	0.0021	0.0012	0.0012	0.0012	0.0012	0.0012	0.0011	0.0011	0.0011	0.0011	0.0011	0.0007	0.0007
0.3385	0.0744	0.0755	0.0766	0.0779	0.0793	0.0206	0.0208	0.0211	0.0213	0.0216	0.0057	0.0057	0.0058	0.0058	0.0058	0.0058	0.0058	0.0058	0.0059	0.0059	0.005	0.0051	0.0051	0.0051	0.0051	0.0051	0.0051	0.0051	0.0052	0.0052	0.0025	0.0025	0.0025	0.0025	0.0025	0.0025	0.0025	0.0025	0.0025	0.0025	0.0023	0.0023	0.0023	0.0023	0.0023	0.0023	0.0023	0.0023	0.0024	0.0024	0.0013	0.0013	0.0013	0.0013	0.0013	0.0013	0.0013	0.0013	0.0013	0.0013	0.0008	0.0008
0.3727	0.0753	0.0759	0.077	0.0781	0.0793	0.0179	0.0179	0.0181	0.0182	0.0184	0.0052	0.0052	0.0052	0.0052	0.0052	0.0052	0.0052	0.0052	0.0053	0.0053	0.0043	0.0044	0.0044	0.0044	0.0044	0.0044	0.0044	0.0044	0.0044	0.0044	0.0022	0.0022	0.0022	0.0022	0.0022	0.0022	0.0022	0.0022	0.0022	0.0022	0.002	0.002	0.002	0.002	0.002	0.002	0.002	0.002	0.002	0.002	0.0012	0.0012	0.0012	0.0012	0.0012	0.0011	0.0011	0.0011	0.0011	0.0011	0.0007	0.0007
0.3453	0.0773	0.0784	0.0797	0.081	0.0824	0.0188	0.0189	0.0191	0.0193	0.0195	0.0055	0.0055	0.0055	0.0055	0.0055	0.0055	0.0056	0.0056	0.0056	0.0056	0.0046	0.0046	0.0046	0.0047	0.0046	0.0046	0.0047	0.0047	0.0047	0.0047	0.0023	0.0023	0.0023	0.0023	0.0024	0.0024	0.0024	0.0024	0.0024	0.0024	0.0021	0.0021	0.0021	0.0021	0.0021	0.0021	0.0021	0.0021	0.0021	0.0021	0.0012	0.0013	0.0013	0.0013	0.0013	0.0011	0.0011	0.0012	0.0012	0.0012	0.0007	0.0007
0.5375	0.0341	0.0343	0.0345	0.0347	0.0349	0.0231	0.0233	0.0234	0.0235	0.0237	0.0054	0.0054	0.0054	0.0054	0.0054	0.0054	0.0054	0.0054	0.0054	0.0055	0.0054	0.0054	0.0054	0.0054	0.0054	0.0054	0.0054	0.0054	0.0054	0.0054	0.0025	0.0025	0.0025	0.0025	0.0025	0.0025	0.0025	0.0025	0.0025	0.0025	0.0025	0.0025	0.0025	0.0025	0.0025	0.0025	0.0025	0.0025	0.0025	0.0025	0.0013	0.0013	0.0013	0.0014	0.0014	0.0013	0.0013	0.0013	0.0014	0.0014	0.0008	0.0008
0.5764	0.0413	0.0415	0.0417	0.0419	0.0421	0.0176	0.0176	0.0177	0.0178	0.0178	0.004	0.004	0.004	0.004	0.004	0.004	0.0041	0.0041	0.0041	0.0041	0.0039	0.0039	0.0039	0.0039	0.0039	0.0039	0.0039	0.0039	0.0039	0.0039	0.0018	0.0018	0.0018	0.0018	0.0018	0.0018	0.0018	0.0018	0.0018	0.0018	0.0018	0.0018	0.0018	0.0018	0.0018	0.0018	0.0018	0.0018	0.0018	0.0018	0.001	0.001	0.001	0.001	0.001	0.001	0.001	0.001	0.001	0.001	0.0006	0.0006
0.8767	0.0124	0.0125	0.0125	0.0125	0.0126	0.0061	0.0061	0.0062	0.0062	0.0062	0.001	0.001	0.001	0.001	0.001	0.001	0.001	0.001	0.001	0.001	0.0009	0.0009	0.0009	0.0009	0.0009	0.0009	0.0009	0.0009	0.0009	0.0009	0.0004	0.0004	0.0004	0.0004	0.0004	0.0004	0.0004	0.0004	0.0004	0.0004	0.0004	0.0004	0.0004	0.0004	0.0004	0.0004	0.0004	0.0004	0.0004	0.0004	0.0002	0.0002	0.0002	0.0002	0.0002	0.0002	0.0002	0.0002	0.0002	0.0002	0.0001	0.0001
0.503	0.0472	0.0475	0.0479	0.0482	0.0485	0.0203	0.0204	0.0205	0.0207	0.0208	0.0049	0.0049	0.0049	0.0049	0.0049	0.0049	0.0049	0.0049	0.0049	0.005	0.0047	0.0048	0.0048	0.0048	0.0048	0.0048	0.0048	0.0048	0.0048	0.0048	0.0022	0.0022	0.0022	0.0022	0.0022	0.0022	0.0022	0.0022	0.0022	0.0023	0.0022	0.0022	0.0022	0.0022	0.0022	0.0022	0.0022	0.0022	0.0022	0.0022	0.0012	0.0012	0.0012	0.0012	0.0012	0.0012	0.0012	0.0012	0.0012	0.0012	0.0007	0.0007
0.7969	0.0228	0.0229	0.0229	0.023	0.0231	0.0082	0.0083	0.0083	0.0083	0.0084	0.0015	0.0015	0.0015	0.0015	0.0015	0.0015	0.0015	0.0015	0.0015	0.0015	0.0014	0.0014	0.0014	0.0014	0.0014	0.0014	0.0014	0.0014	0.0014	0.0014	0.0007	0.0007	0.0007	0.0007	0.0007	0.0007	0.0007	0.0007	0.0007	0.0007	0.0007	0.0007	0.0007	0.0007	0.0007	0.0007	0.0007	0.0007	0.0007	0.0007	0.0004	0.0004	0.0004	0.0004	0.0004	0.0004	0.0004	0.0004	0.0004	0.0004	0.0002	0.0002
0.9641	0.003	0.003	0.0031	0.0031	0.0031	0.0023	0.0023	0.0023	0.0023	0.0023	0.0003	0.0003	0.0003	0.0003	0.0003	0.0003	0.0003	0.0003	0.0003	0.0003	0.0003	0.0003	0.0003	0.0003	0.0003	0.0003	0.0003	0.0003	0.0003	0.0003	0.0001	0.0001	0.0001	0.0001	0.0001	0.0001	0.0001	0.0001	0.0001	0.0001	0.0001	0.0001	0.0001	0.0001	0.0001	0.0001	0.0001	0.0001	0.0001	0.0001	0.0001	0.0001	0.0001	0.0001	0.0001	0.0001	0.0001	0.0001	0.0001	0.0001	0.0	0.0
0.6846	0.0309	0.031	0.031	0.0311	0.0312	0.013	0.013	0.013	0.013	0.0131	0.003	0.003	0.003	0.003	0.003	0.003	0.003	0.003	0.003	0.003	0.0029	0.0029	0.0029	0.0029	0.0029	0.0029	0.0029	0.0029	0.0029	0.0029	0.0014	0.0014	0.0014	0.0014	0.0014	0.0014	0.0014	0.0014	0.0014	0.0014	0.0014	0.0014	0.0014	0.0014	0.0014	0.0014	0.0014	0.0014	0.0014	0.0014	0.0008	0.0008	0.0008	0.0008	0.0008	0.0008	0.0008	0.0008	0.0008	0.0008	0.0005	0.0005
0.8043	0.018	0.018	0.0181	0.0181	0.0181	0.0089	0.0089	0.0089	0.0089	0.0089	0.0019	0.0019	0.0019	0.0019	0.0019	0.0019	0.0019	0.0019	0.0019	0.0019	0.0018	0.0018	0.0018	0.0018	0.0018	0.0018	0.0018	0.0018	0.0018	0.0018	0.0009	0.0009	0.0009	0.0009	0.0009	0.0009	0.0009	0.0009	0.0009	0.0009	0.0009	0.0009	0.0009	0.0009	0.0009	0.0009	0.0009	0.0009	0.0009	0.0009	0.0005	0.0005	0.0005	0.0005	0.0005	0.0005	0.0005	0.0005	0.0005	0.0005	0.0003	0.0003
0.8856	0.0101	0.0101	0.0101	0.0101	0.0101	0.0055	0.0055	0.0055	0.0055	0.0055	0.0011	0.0011	0.0011	0.0011	0.0011	0.0011	0.0011	0.0011	0.0011	0.0011	0.0011	0.0011	0.0011	0.0011	0.0011	0.0011	0.0011	0.0011	0.0011	0.0011	0.0006	0.0006	0.0006	0.0006	0.0006	0.0006	0.0006	0.0006	0.0006	0.0006	0.0005	0.0005	0.0005	0.0005	0.0005	0.0005	0.0005	0.0005	0.0005	0.0005	0.0003	0.0003	0.0003	0.0003	0.0003	0.0003	0.0003	0.0003	0.0003	0.0003	0.0002	0.0002
0.9588	0.0041	0.0041	0.0041	0.0041	0.0041	0.0023	0.0023	0.0023	0.0023	0.0023	0.0003	0.0003	0.0003	0.0003	0.0003	0.0003	0.0003	0.0003	0.0003	0.0003	0.0003	0.0003	0.0003	0.0003	0.0003	0.0003	0.0003	0.0003	0.0003	0.0003	0.0001	0.0001	0.0001	0.0001	0.0001	0.0001	0.0001	0.0001	0.0001	0.0001	0.0001	0.0001	0.0001	0.0001	0.0001	0.0001	0.0001	0.0001	0.0001	0.0001	0.0001	0.0001	0.0001	0.0001	0.0001	0.0001	0.0001	0.0001	0.0001	0.0001	0.0	0.0
0.9486	0.0056	0.0056	0.0056	0.0056	0.0056	0.002	0.002	0.002	0.002	0.002	0.0004	0.0004	0.0004	0.0004	0.0004	0.0004	0.0004	0.0004	0.0004	0.0004	0.0004	0.0004	0.0004	0.0004	0.0004	0.0004	0.0004	0.0004	0.0004	0.0004	0.0002	0.0002	0.0002	0.0002	0.0002	0.0002	0.0002	0.0002	0.0002	0.0002	0.0002	0.0002	0.0002	0.0002	0.0002	0.0002	0.0002	0.0002	0.0002	0.0002	0.0001	0.0001	0.0001	0.0001	0.0001	0.0001	0.0001	0.0001	0.0001	0.0001	0.0001	0.0001
0.7557	0.0215	0.0216	0.0216	0.0216	0.0216	0.0111	0.0111	0.0111	0.0111	0.0111	0.0025	0.0025	0.0025	0.0025	0.0025	0.0025	0.0025	0.0025	0.0025	0.0025	0.0025	0.0025	0.0025	0.0025	0.0025	0.0025	0.0025	0.0025	0.0025	0.0025	0.0012	0.0012	0.0012	0.0012	0.0012	0.0012	0.0012	0.0012	0.0012	0.0012	0.0012	0.0012	0.0012	0.0012	0.0012	0.0012	0.0012	0.0012	0.0012	0.0012	0.0007	0.0007	0.0007	0.0007	0.0007	0.0007	0.0007	0.0007	0.0007	0.0007	0.0004	0.0004
0.8466	0.0148	0.0148	0.0148	0.0149	0.0149	0.0068	0.0068	0.0068	0.0068	0.0068	0.0014	0.0014	0.0014	0.0014	0.0014	0.0014	0.0014	0.0014	0.0014	0.0014	0.0014	0.0014	0.0014	0.0014	0.0014	0.0014	0.0014	0.0014	0.0014	0.0014	0.0007	0.0007	0.0007	0.0007	0.0007	0.0007	0.0007	0.0007	0.0007	0.0007	0.0007	0.0007	0.0007	0.0007	0.0007	0.0007	0.0007	0.0007	0.0007	0.0007	0.0004	0.0004	0.0004	0.0004	0.0004	0.0004	0.0004	0.0004	0.0004	0.0004	0.0003	0.0003
0.7728	0.0174	0.0174	0.0174	0.0174	0.0174	0.0114	0.0114	0.0114	0.0114	0.0115	0.0025	0.0025	0.0025	0.0025	0.0025	0.0025	0.0025	0.0025	0.0025	0.0025	0.0025	0.0025	0.0025	0.0025	0.0025	0.0025	0.0025	0.0025	0.0025	0.0025	0.0012	0.0012	0.0012	0.0012	0.0012	0.0012	0.0012	0.0012	0.0012	0.0012	0.0012	0.0012	0.0012	0.0012	0.0012	0.0012	0.0012	0.0012	0.0012	0.0012	0.0007	0.0007	0.0007	0.0007	0.0007	0.0007	0.0007	0.0007	0.0007	0.0007	0.0004	0.0004
0.228	0.1478	0.09	0.1904	0.0912	0.0923	0.0096	0.008	0.0107	0.0081	0.0082	0.0051	0.0078	0.0051	0.0052	0.0061	0.0034	0.0034	0.0061	0.0062	0.0034	0.0024	0.0029	0.0024	0.0025	0.0026	0.0022	0.0022	0.0026	0.0026	0.0022	0.0021	0.0017	0.0017	0.0021	0.0021	0.0017	0.0018	0.0019	0.0014	0.0019	0.0013	0.0011	0.0011	0.0013	0.0013	0.0011	0.0012	0.0012	0.001	0.0012	0.001	0.001	0.0008	0.001	0.0009	0.0007	0.0007	0.0006	0.0007	0.0006	0.0005	0.0004
0.3625	0.0592	0.0598	0.0605	0.0613	0.0621	0.0258	0.0261	0.0265	0.0268	0.0272	0.0064	0.0064	0.0064	0.0065	0.0064	0.0065	0.0065	0.0065	0.0066	0.0066	0.0062	0.0062	0.0063	0.0063	0.0063	0.0063	0.0063	0.0063	0.0064	0.0064	0.0028	0.0029	0.0029	0.0029	0.0029	0.0029	0.0029	0.0029	0.0029	0.0029	0.0028	0.0028	0.0028	0.0028	0.0028	0.0028	0.0028	0.0028	0.0029	0.0029	0.0015	0.0015	0.0015	0.0015	0.0015	0.0015	0.0015	0.0015	0.0015	0.0015	0.0009	0.0009
0.5685	0.0359	0.036	0.0362	0.0364	0.0366	0.0206	0.0207	0.0208	0.0209	0.021	0.0046	0.0046	0.0046	0.0046	0.0046	0.0046	0.0046	0.0046	0.0046	0.0046	0.0046	0.0046	0.0046	0.0046	0.0046	0.0046	0.0046	0.0046	0.0046	0.0046	0.0021	0.0021	0.0021	0.0021	0.0021	0.0021	0.0021	0.0021	0.0021	0.0021	0.0021	0.0021	0.0021	0.0021	0.0021	0.0021	0.0021	0.0021	0.0021	0.0021	0.0011	0.0011	0.0011	0.0011	0.0011	0.0011	0.0011	0.0011	0.0011	0.0011	0.0007	0.0007
0.3831	0.0554	0.056	0.0566	0.0573	0.058	0.0258	0.0261	0.0264	0.0267	0.027	0.0064	0.0064	0.0064	0.0064	0.0064	0.0064	0.0065	0.0065	0.0065	0.0065	0.0062	0.0062	0.0063	0.0063	0.0062	0.0063	0.0063	0.0063	0.0063	0.0064	0.0028	0.0029	0.0029	0.0029	0.0029	0.0029	0.0029	0.0029	0.0029	0.0029	0.0028	0.0028	0.0028	0.0028	0.0028	0.0029	0.0028	0.0028	0.0029	0.0029	0.0015	0.0015	0.0015	0.0015	0.0016	0.0015	0.0015	0.0015	0.0015	0.0015	0.0009	0.0009
0.3835	0.0552	0.0557	0.0563	0.057	0.0577	0.0259	0.0262	0.0265	0.0268	0.0271	0.0064	0.0064	0.0064	0.0065	0.0064	0.0065	0.0065	0.0065	0.0065	0.0066	0.0062	0.0062	0.0063	0.0063	0.0063	0.0063	0.0063	0.0063	0.0064	0.0064	0.0029	0.0029	0.0029	0.0029	0.0029	0.0029	0.0029	0.0029	0.0029	0.0029	0.0028	0.0028	0.0028	0.0028	0.0028	0.0029	0.0028	0.0029	0.0029	0.0029	0.0015	0.0015	0.0015	0.0016	0.0016	0.0015	0.0015	0.0015	0.0015	0.0015	0.0009	0.0009
0.4754	0.0627	0.0632	0.0638	0.0644	0.0651	0.0159	0.0159	0.016	0.0161	0.0162	0.0042	0.0042	0.0042	0.0042	0.0042	0.0042	0.0042	0.0042	0.0043	0.0043	0.0036	0.0036	0.0037	0.0037	0.0037	0.0037	0.0037	0.0037	0.0037	0.0037	0.0018	0.0018	0.0018	0.0018	0.0019	0.0019	0.0018	0.0019	0.0019	0.0019	0.0017	0.0017	0.0017	0.0017	0.0017	0.0017	0.0017	0.0017	0.0017	0.0017	0.001	0.001	0.001	0.001	0.001	0.0009	0.0009	0.0009	0.0009	0.0009	0.0006	0.0006
0.7788	0.0284	0.0286	0.0287	0.0289	0.029	0.0069	0.0069	0.0069	0.0069	0.007	0.0014	0.0014	0.0014	0.0014	0.0014	0.0014	0.0014	0.0014	0.0014	0.0014	0.0012	0.0012	0.0012	0.0012	0.0012	0.0012	0.0012	0.0012	0.0012	0.0012	0.0006	0.0006	0.0006	0.0006	0.0006	0.0006	0.0006	0.0006	0.0006	0.0006	0.0006	0.0006	0.0006	0.0006	0.0006	0.0006	0.0006	0.0006	0.0006	0.0006	0.0004	0.0004	0.0004	0.0004	0.0004	0.0003	0.0003	0.0003	0.0003	0.0003	0.0002	0.0002
0.5776	0.0411	0.0413	0.0414	0.0416	0.0418	0.0174	0.0175	0.0175	0.0176	0.0177	0.004	0.004	0.0041	0.0041	0.0041	0.0041	0.0041	0.0041	0.0041	0.0041	0.0039	0.0039	0.0039	0.004	0.0039	0.0039	0.004	0.004	0.004	0.004	0.0018	0.0018	0.0018	0.0018	0.0018	0.0018	0.0018	0.0018	0.0018	0.0018	0.0018	0.0018	0.0018	0.0018	0.0018	0.0018	0.0018	0.0018	0.0018	0.0018	0.001	0.001	0.001	0.001	0.001	0.001	0.001	0.001	0.001	0.001	0.0006	0.0006
0.5637	0.0451	0.0453	0.0455	0.0457	0.0459	0.0168	0.0168	0.0169	0.017	0.017	0.004	0.004	0.004	0.004	0.004	0.004	0.004	0.004	0.004	0.004	0.0038	0.0038	0.0038	0.0038	0.0038	0.0038	0.0038	0.0038	0.0038	0.0038	0.0018	0.0018	0.0018	0.0018	0.0018	0.0018	0.0018	0.0018	0.0018	0.0018	0.0017	0.0017	0.0017	0.0017	0.0018	0.0018	0.0018	0.0018	0.0018	0.0018	0.001	0.001	0.001	0.001	0.001	0.0009	0.0009	0.0009	0.0009	0.0009	0.0006	0.0006
0.5577	0.051	0.0513	0.0516	0.0519	0.0523	0.0145	0.0145	0.0145	0.0146	0.0146	0.0036	0.0036	0.0036	0.0037	0.0036	0.0037	0.0037	0.0037	0.0037	0.0037	0.0033	0.0033	0.0033	0.0033	0.0033	0.0033	0.0033	0.0033	0.0033	0.0033	0.0016	0.0016	0.0016	0.0016	0.0016	0.0017	0.0016	0.0017	0.0017	0.0017	0.0015	0.0015	0.0016	0.0016	0.0016	0.0016	0.0016	0.0016	0.0016	0.0016	0.0009	0.0009	0.0009	0.0009	0.0009	0.0009	0.0009	0.0009	0.0009	0.0009	0.0005	0.0005
0.7051	0.0332	0.0333	0.0334	0.0335	0.0336	0.0103	0.0103	0.0103	0.0104	0.0104	0.0024	0.0024	0.0024	0.0024	0.0024	0.0024	0.0024	0.0024	0.0024	0.0024	0.0022	0.0022	0.0022	0.0022	0.0022	0.0022	0.0022	0.0022	0.0022	0.0022	0.0011	0.0011	0.0011	0.0011	0.0011	0.0011	0.0011	0.0011	0.0011	0.0011	0.0011	0.0011	0.0011	0.0011	0.0011	0.0011	0.0011	0.0011	0.0011	0.0011	0.0007	0.0007	0.0007	0.0007	0.0007	0.0006	0.0006	0.0006	0.0006	0.0006	0.0004	0.0004
0.84	0.0107	0.0107	0.0107	0.0107	0.0107	0.0089	0.0089	0.0089	0.0089	0.0089	0.0019	0.0019	0.0019	0.0019	0.0019	0.0019	0.0019	0.0019	0.0019	0.0019	0.0019	0.0019	0.0019	0.0019	0.0019	0.0019	0.0019	0.0019	0.0019	0.0019	0.0009	0.0009	0.0009	0.0009	0.0009	0.0009	0.0009	0.0009	0.0009	0.0009	0.0009	0.0009	0.0009	0.0009	0.0009	0.0009	0.0009	0.0009	0.0009	0.0009	0.0005	0.0005	0.0005	0.0005	0.0005	0.0005	0.0005	0.0005	0.0005	0.0005	0.0003	0.0003
0.8013	0.0195	0.0195	0.0195	0.0196	0.0196	0.0083	0.0083	0.0083	0.0084	0.0084	0.0018	0.0018	0.0018	0.0018	0.0018	0.0018	0.0018	0.0018	0.0018	0.0018	0.0018	0.0018	0.0018	0.0018	0.0018	0.0018	0.0018	0.0018	0.0018	0.0018	0.0009	0.0009	0.0009	0.0009	0.0009	0.0009	0.0009	0.0009	0.0009	0.0009	0.0009	0.0009	0.0009	0.0009	0.0009	0.0009	0.0009	0.0009	0.0009	0.0009	0.0005	0.0005	0.0005	0.0005	0.0005	0.0005	0.0005	0.0005	0.0005	0.0005	0.0003	0.0003
0.9534	0.0035	0.0035	0.0035	0.0035	0.0035	0.0028	0.0028	0.0028	0.0028	0.0028	0.0005	0.0005	0.0005	0.0005	0.0005	0.0005	0.0005	0.0005	0.0005	0.0005	0.0005	0.0005	0.0005	0.0005	0.0005	0.0005	0.0005	0.0005	0.0005	0.0005	0.0002	0.0002	0.0002	0.0002	0.0002	0.0002	0.0002	0.0002	0.0002	0.0002	0.0002	0.0002	0.0002	0.0002	0.0002	0.0002	0.0002	0.0002	0.0002	0.0002	0.0001	0.0001	0.0001	0.0001	0.0001	0.0001	0.0001	0.0001	0.0001	0.0001	0.0001	0.0001
0.7738	0.0228	0.0228	0.0228	0.0228	0.0229	0.009	0.009	0.009	0.009	0.009	0.0021	0.0021	0.0021	0.0021	0.0021	0.0021	0.0021	0.0021	0.0021	0.0021	0.002	0.002	0.002	0.002	0.002	0.002	0.002	0.002	0.002	0.002	0.001	0.001	0.001	0.001	0.001	0.001	0.001	0.001	0.001	0.001	0.001	0.001	0.001	0.001	0.001	0.001	0.001	0.001	0.001	0.001	0.0006	0.0006	0.0006	0.0006	0.0006	0.0006	0.0006	0.0006	0.0006	0.0006	0.0004	0.0004
0.9475	0.0047	0.0047	0.0047	0.0047	0.0047	0.0028	0.0028	0.0028	0.0028	0.0028	0.0005	0.0005	0.0005	0.0005	0.0005	0.0005	0.0005	0.0005	0.0005	0.0005	0.0005	0.0005	0.0005	0.0005	0.0005	0.0005	0.0005	0.0005	0.0005	0.0005	0.0002	0.0002	0.0002	0.0002	0.0002	0.0002	0.0002	0.0002	0.0002	0.0002	0.0002	0.0002	0.0002	0.0002	0.0002	0.0002	0.0002	0.0002	0.0002	0.0002	0.0001	0.0001	0.0001	0.0001	0.0001	0.0001	0.0001	0.0001	0.0001	0.0001	0.0001	0.0001
0.9878	0.0011	0.0011	0.0011	0.0011	0.0011	0.0007	0.0007	0.0007	0.0007	0.0007	0.0001	0.0001	0.0001	0.0001	0.0001	0.0001	0.0001	0.0001	0.0001	0.0001	0.0001	0.0001	0.0001	0.0001	0.0001	0.0001	0.0001	0.0001	0.0001	0.0001	0.0	0.0	0.0	0.0	0.0	0.0	0.0	0.0	0.0	0.0	0.0	0.0	0.0	0.0	0.0	0.0	0.0	0.0	0.0	0.0	0.0	0.0	0.0	0.0	0.0	0.0	0.0	0.0	0.0	0.0	0.0	0.0
0.9865	0.0013	0.0013	0.0014	0.0014	0.0014	0.0007	0.0007	0.0007	0.0007	0.0007	0.0001	0.0001	0.0001	0.0001	0.0001	0.0001	0.0001	0.0001	0.0001	0.0001	0.0001	0.0001	0.0001	0.0001	0.0001	0.0001	0.0001	0.0001	0.0001	0.0001	0.0	0.0	0.0	0.0	0.0	0.0	0.0	0.0	0.0	0.0	0.0	0.0	0.0	0.0	0.0	0.0	0.0	0.0	0.0	0.0	0.0	0.0	0.0	0.0	0.0	0.0	0.0	0.0	0.0	0.0	0.0	0.0
0.8314	0.0173	0.0173	0.0173	0.0173	0.0173	0.0065	0.0065	0.0065	0.0065	0.0065	0.0015	0.0015	0.0015	0.0015	0.0015	0.0015	0.0015	0.0015	0.0015	0.0015	0.0015	0.0015	0.0015	0.0015	0.0015	0.0015	0.0015	0.0015	0.0015	0.0015	0.0008	0.0008	0.0008	0.0008	0.0008	0.0008	0.0008	0.0008	0.0008	0.0008	0.0007	0.0007	0.0007	0.0007	0.0007	0.0007	0.0007	0.0007	0.0007	0.0007	0.0004	0.0004	0.0004	0.0004	0.0004	0.0004	0.0004	0.0004	0.0004	0.0004	0.0003	0.0003
0.9237	0.0079	0.0079	0.0079	0.0079	0.0079	0.0032	0.0032	0.0032	0.0032	0.0032	0.0006	0.0006	0.0006	0.0006	0.0006	0.0006	0.0006	0.0006	0.0006	0.0006	0.0006	0.0006	0.0006	0.0006	0.0006	0.0006	0.0006	0.0006	0.0006	0.0006	0.0003	0.0003	0.0003	0.0003	0.0003	0.0003	0.0003	0.0003	0.0003	0.0003	0.0003	0.0003	0.0003	0.0003	0.0003	0.0003	0.0003	0.0003	0.0003	0.0003	0.0002	0.0002	0.0002	0.0002	0.0002	0.0002	0.0002	0.0002	0.0002	0.0002	0.0001	0.0001
0.3543	0.0643	0.065	0.0658	0.0667	0.0676	0.0243	0.0245	0.0249	0.0252	0.0256	0.0061	0.0061	0.0062	0.0062	0.0062	0.0062	0.0062	0.0062	0.0063	0.0063	0.0059	0.0059	0.0059	0.0059	0.0059	0.0059	0.006	0.006	0.006	0.006	0.0027	0.0027	0.0027	0.0027	0.0027	0.0028	0.0027	0.0028	0.0028	0.0028	0.0026	0.0027	0.0027	0.0027	0.0027	0.0027	0.0027	0.0027	0.0027	0.0027	0.0015	0.0015	0.0015	0.0015	0.0015	0.0014	0.0014	0.0014	0.0014	0.0014	0.0009	0.0009
0.6041	0.0368	0.0369	0.0371	0.0373	0.0375	0.0174	0.0175	0.0176	0.0177	0.0178	0.0038	0.0038	0.0038	0.0038	0.0038	0.0038	0.0039	0.0039	0.0039	0.0039	0.0038	0.0038	0.0038	0.0038	0.0038	0.0038	0.0038	0.0038	0.0038	0.0038	0.0018	0.0018	0.0018	0.0018	0.0018	0.0018	0.0018	0.0018	0.0018	0.0018	0.0017	0.0018	0.0018	0.0018	0.0018	0.0018	0.0018	0.0018	0.0018	0.0018	0.001	0.001	0.001	0.001	0.001	0.001	0.001	0.001	0.001	0.001	0.0006	0.0006
0.5745	0.045	0.0453	0.0455	0.0458	0.0461	0.0161	0.0162	0.0163	0.0164	0.0165	0.0037	0.0037	0.0037	0.0037	0.0037	0.0037	0.0037	0.0037	0.0037	0.0037	0.0035	0.0035	0.0035	0.0035	0.0035	0.0035	0.0036	0.0036	0.0036	0.0036	0.0017	0.0017	0.0017	0.0017	0.0017	0.0017	0.0017	0.0017	0.0017	0.0017	0.0016	0.0016	0.0016	0.0016	0.0016	0.0017	0.0016	0.0017	0.0017	0.0017	0.0009	0.0009	0.0009	0.0009	0.0009	0.0009	0.0009	0.0009	0.0009	0.0009	0.0006	0.0006
0.6464	0.0439	0.0442	0.0444	0.0447	0.0449	0.0102	0.0102	0.0102	0.0102	0.0103	0.0027	0.0027	0.0027	0.0027	0.0027	0.0027	0.0027	0.0027	0.0027	0.0027	0.0023	0.0023	0.0023	0.0023	0.0023	0.0023	0.0023	0.0023	0.0023	0.0023	0.0012	0.0012	0.0012	0.0012	0.0012	0.0012	0.0012	0.0012	0.0012	0.0012	0.0011	0.0011	0.0011	0.0011	0.0011	0.0011	0.0011	0.0011	0.0011	0.0011	0.0007	0.0007	0.0007	0.0007	0.0007	0.0006	0.0006	0.0006	0.0006	0.0006	0.0004	0.0004
0.5573	0.0385	0.0386	0.0388	0.039	0.0392	0.0201	0.0202	0.0203	0.0204	0.0204	0.0046	0.0046	0.0047	0.0047	0.0047	0.0047	0.0047	0.0047	0.0047	0.0047	0.0046	0.0046	0.0046	0.0046	0.0046	0.0046	0.0046	0.0046	0.0046	0.0046	0.0021	0.0021	0.0021	0.0021	0.0021	0.0021	0.0021	0.0021	0.0021	0.0021	0.0021	0.0021	0.0021	0.0021	0.0021	0.0021	0.0021	0.0021	0.0021	0.0021	0.0011	0.0011	0.0011	0.0011	0.0011	0.0011	0.0011	0.0011	0.0011	0.0011	0.0007	0.0007
0.5581	0.0503	0.0506	0.0509	0.0512	0.0515	0.0149	0.0149	0.015	0.015	0.0151	0.0037	0.0037	0.0037	0.0037	0.0037	0.0037	0.0037	0.0037	0.0037	0.0037	0.0033	0.0034	0.0034	0.0034	0.0034	0.0034	0.0034	0.0034	0.0034	0.0034	0.0016	0.0016	0.0017	0.0017	0.0017	0.0017	0.0017	0.0017	0.0017	0.0017	0.0016	0.0016	0.0016	0.0016	0.0016	0.0016	0.0016	0.0016	0.0016	0.0016	0.0009	0.0009	0.0009	0.0009	0.0009	0.0009	0.0009	0.0009	0.0009	0.0009	0.0005	0.0005
0.751	0.0279	0.028	0.0281	0.0282	0.0283	0.009	0.009	0.009	0.009	0.0091	0.002	0.002	0.002	0.002	0.002	0.002	0.002	0.002	0.002	0.002	0.0019	0.0019	0.0019	0.0019	0.0019	0.0019	0.0019	0.0019	0.0019	0.0019	0.001	0.001	0.001	0.001	0.001	0.001	0.001	0.001	0.001	0.001	0.0009	0.0009	0.0009	0.0009	0.0009	0.0009	0.0009	0.0009	0.0009	0.0009	0.0006	0.0006	0.0006	0.0006	0.0006	0.0005	0.0005	0.0005	0.0005	0.0005	0.0004	0.0003
0.538	0.0449	0.0451	0.0454	0.0456	0.0459	0.0189	0.019	0.019	0.0191	0.0192	0.0044	0.0044	0.0045	0.0045	0.0045	0.0045	0.0045	0.0045	0.0045	0.0045	0.0043	0.0043	0.0043	0.0043	0.0043	0.0043	0.0043	0.0043	0.0044	0.0044	0.002	0.002	0.002	0.002	0.002	0.002	0.002	0.002	0.002	0.002	0.002	0.002	0.002	0.002	0.002	0.002	0.002	0.002	0.002	0.002	0.0011	0.0011	0.0011	0.0011	0.0011	0.0011	0.0011	0.0011	0.0011	0.0011	0.0006	0.0006
0.709	0.0199	0.02	0.02	0.0201	0.0201	0.0159	0.0159	0.016	0.016	0.0161	0.0034	0.0034	0.0034	0.0034	0.0034	0.0034	0.0034	0.0034	0.0034	0.0034	0.0034	0.0034	0.0034	0.0034	0.0034	0.0034	0.0034	0.0034	0.0034	0.0034	0.0016	0.0016	0.0016	0.0016	0.0016	0.0016	0.0016	0.0016	0.0016	0.0016	0.0016	0.0016	0.0016	0.0016	0.0016	0.0016	0.0016	0.0016	0.0016	0.0016	0.0009	0.0009	0.0009	0.0009	0.0009	0.0009	0.0009	0.0009	0.0009	0.0009	0.0006	0.0006
0.7412	0.0292	0.0293	0.0294	0.0294	0.0295	0.0093	0.0094	0.0094	0.0094	0.0094	0.002	0.0021	0.0021	0.0021	0.0021	0.0021	0.0021	0.0021	0.0021	0.0021	0.0019	0.0019	0.0019	0.0019	0.0019	0.0019	0.0019	0.0019	0.0019	0.0019	0.001	0.001	0.001	0.001	0.001	0.001	0.001	0.001	0.001	0.001	0.0009	0.0009	0.0009	0.0009	0.0009	0.0009	0.0009	0.0009	0.0009	0.0009	0.0006	0.0006	0.0006	0.0006	0.0006	0.0005	0.0005	0.0005	0.0005	0.0005	0.0004	0.0003
0.7341	0.0244	0.0244	0.0244	0.0245	0.0245	0.0117	0.0117	0.0117	0.0117	0.0118	0.0026	0.0026	0.0026	0.0026	0.0026	0.0026	0.0026	0.0026	0.0026	0.0026	0.0026	0.0026	0.0026	0.0026	0.0026	0.0026	0.0026	0.0026	0.0026	0.0026	0.0013	0.0013	0.0013	0.0013	0.0013	0.0013	0.0013	0.0013	0.0013	0.0013	0.0012	0.0012	0.0012	0.0012	0.0012	0.0013	0.0012	0.0013	0.0013	0.0013	0.0007	0.0007	0.0007	0.0007	0.0007	0.0007	0.0007	0.0007	0.0007	0.0007	0.0004	0.0004
0.7267	0.0261	0.0262	0.0262	0.0263	0.0263	0.0116	0.0116	0.0116	0.0116	0.0116	0.0026	0.0026	0.0026	0.0026	0.0026	0.0026	0.0026	0.0026	0.0026	0.0026	0.0025	0.0025	0.0025	0.0025	0.0025	0.0025	0.0025	0.0025	0.0026	0.0026	0.0013	0.0013	0.0013	0.0013	0.0013	0.0013	0.0013	0.0013	0.0013	0.0013	0.0012	0.0012	0.0012	0.0012	0.0012	0.0012	0.0012	0.0012	0.0012	0.0012	0.0007	0.0007	0.0007	0.0007	0.0007	0.0007	0.0007	0.0007	0.0007	0.0007	0.0004	0.0004
0.6827	0.0274	0.0274	0.0275	0.0276	0.0276	0.0149	0.015	0.015	0.015	0.0151	0.0032	0.0032	0.0033	0.0033	0.0033	0.0033	0.0033	0.0033	0.0033	0.0033	0.0032	0.0032	0.0032	0.0032	0.0032	0.0032	0.0032	0.0032	0.0032	0.0032	0.0015	0.0015	0.0015	0.0015	0.0015	0.0015	0.0015	0.0015	0.0015	0.0015	0.0015	0.0015	0.0015	0.0015	0.0015	0.0015	0.0015	0.0015	0.0015	0.0015	0.0008	0.0008	0.0008	0.0008	0.0008	0.0008	0.0008	0.0008	0.0008	0.0008	0.0005	0.0005
0.9312	0.0062	0.0062	0.0062	0.0062	0.0062	0.0041	0.0041	0.0041	0.0042	0.0042	0.0006	0.0006	0.0006	0.0006	0.0006	0.0006	0.0006	0.0006	0.0006	0.0006	0.0005	0.0005	0.0005	0.0006	0.0005	0.0006	0.0006	0.0006	0.0006	0.0006	0.0002	0.0002	0.0002	0.0002	0.0002	0.0002	0.0002	0.0002	0.0002	0.0002	0.0002	0.0002	0.0002	0.0002	0.0002	0.0002	0.0002	0.0002	0.0002	0.0002	0.0001	0.0001	0.0001	0.0001	0.0001	0.0001	0.0001	0.0001	0.0001	0.0001	0.0001	0.0001
0.7539	0.0274	0.0275	0.0275	0.0276	0.0276	0.0087	0.0087	0.0087	0.0087	0.0087	0.002	0.002	0.002	0.002	0.002	0.002	0.002	0.002	0.002	0.002	0.0019	0.0019	0.0019	0.0019	0.0019	0.0019	0.0019	0.0019	0.0019	0.0019	0.001	0.001	0.001	0.001	0.001	0.001	0.001	0.001	0.001	0.001	0.001	0.001	0.001	0.001	0.001	0.001	0.001	0.001	0.001	0.001	0.0006	0.0006	0.0006	0.0006	0.0006	0.0006	0.0006	0.0006	0.0006	0.0006	0.0004	0.0003
0.831	0.0185	0.0186	0.0186	0.0186	0.0186	0.0063	0.0063	0.0063	0.0063	0.0063	0.0014	0.0014	0.0014	0.0014	0.0014	0.0014	0.0014	0.0014	0.0014	0.0014	0.0013	0.0013	0.0013	0.0013	0.0013	0.0013	0.0013	0.0013	0.0013	0.0013	0.0007	0.0007	0.0007	0.0007	0.0007	0.0007	0.0007	0.0007	0.0007	0.0007	0.0007	0.0007	0.0007	0.0007	0.0007	0.0007	0.0007	0.0007	0.0007	0.0007	0.0004	0.0004	0.0004	0.0004	0.0004	0.0004	0.0004	0.0004	0.0004	0.0004	0.0003	0.0003
0.9282	0.0068	0.0068	0.0068	0.0068	0.0068	0.0041	0.0041	0.0041	0.0041	0.0041	0.0006	0.0006	0.0006	0.0006	0.0006	0.0006	0.0006	0.0006	0.0006	0.0006	0.0005	0.0005	0.0005	0.0005	0.0005	0.0005	0.0005	0.0005	0.0006	0.0006	0.0002	0.0002	0.0002	0.0002	0.0002	0.0002	0.0002	0.0002	0.0002	0.0002	0.0002	0.0002	0.0002	0.0002	0.0002	0.0002	0.0002	0.0002	0.0002	0.0002	0.0001	0.0001	0.0001	0.0001	0.0001	0.0001	0.0001	0.0001	0.0001	0.0001	0.0001	0.0001
0.8596	0.016	0.016	0.016	0.016	0.016	0.0049	0.0049	0.0049	0.0049	0.0049	0.0011	0.0011	0.0011	0.0011	0.0011	0.0011	0.0011	0.0011	0.0011	0.0011	0.001	0.001	0.001	0.001	0.001	0.001	0.001	0.001	0.001	0.001	0.0006	0.0006	0.0006	0.0006	0.0006	0.0006	0.0006	0.0006	0.0006	0.0006	0.0005	0.0005	0.0005	0.0005	0.0005	0.0005	0.0005	0.0005	0.0005	0.0005	0.0003	0.0003	0.0003	0.0003	0.0003	0.0003	0.0003	0.0003	0.0003	0.0003	0.0002	0.0002
0.7022	0.032	0.0321	0.0322	0.0322	0.0323	0.0109	0.0109	0.0109	0.011	0.011	0.0026	0.0026	0.0026	0.0026	0.0026	0.0026	0.0026	0.0026	0.0026	0.0026	0.0025	0.0025	0.0025	0.0025	0.0025	0.0025	0.0025	0.0025	0.0025	0.0025	0.0012	0.0012	0.0012	0.0012	0.0012	0.0012	0.0012	0.0012	0.0012	0.0012	0.0012	0.0012	0.0012	0.0012	0.0012	0.0012	0.0012	0.0012	0.0012	0.0012	0.0007	0.0007	0.0007	0.0007	0.0007	0.0007	0.0007	0.0007	0.0007	0.0007	0.0004	0.0004
0.7469	0.0175	0.0176	0.0176	0.0176	0.0176	0.0136	0.0136	0.0136	0.0136	0.0136	0.003	0.003	0.003	0.003	0.003	0.003	0.003	0.003	0.003	0.003	0.003	0.003	0.003	0.003	0.003	0.003	0.003	0.003	0.003	0.003	0.0014	0.0014	0.0014	0.0014	0.0014	0.0014	0.0014	0.0014	0.0014	0.0014	0.0014	0.0014	0.0014	0.0014	0.0014	0.0014	0.0014	0.0014	0.0014	0.0014	0.0008	0.0008	0.0008	0.0008	0.0008	0.0008	0.0008	0.0008	0.0008	0.0008	0.0005	0.0005
0.7181	0.025	0.025	0.0251	0.0251	0.0252	0.0128	0.0128	0.0128	0.0128	0.0128	0.0029	0.0029	0.0029	0.0029	0.0029	0.0029	0.0029	0.0029	0.0029	0.0029	0.0028	0.0028	0.0028	0.0028	0.0028	0.0028	0.0028	0.0028	0.0028	0.0028	0.0014	0.0014	0.0014	0.0014	0.0014	0.0014	0.0014	0.0014	0.0014	0.0014	0.0014	0.0014	0.0014	0.0014	0.0014	0.0014	0.0014	0.0014	0.0014	0.0014	0.0008	0.0008	0.0008	0.0008	0.0008	0.0008	0.0008	0.0008	0.0008	0.0008	0.0005	0.0005
0.9171	0.0084	0.0084	0.0085	0.0085	0.0085	0.004	0.0041	0.0041	0.0041	0.0041	0.0006	0.0006	0.0006	0.0006	0.0006	0.0006	0.0006	0.0006	0.0006	0.0006	0.0006	0.0006	0.0006	0.0006	0.0006	0.0006	0.0006	0.0006	0.0006	0.0006	0.0003	0.0003	0.0003	0.0003	0.0003	0.0003	0.0003	0.0003	0.0003	0.0003	0.0003	0.0003	0.0003	0.0003	0.0003	0.0003	0.0003	0.0003	0.0003	0.0003	0.0002	0.0002	0.0002	0.0002	0.0002	0.0002	0.0002	0.0002	0.0002	0.0002	0.0001	0.0001
0.9501	0.0049	0.0049	0.0049	0.0049	0.0049	0.0023	0.0023	0.0023	0.0023	0.0023	0.0004	0.0004	0.0004	0.0004	0.0004	0.0004	0.0004	0.0004	0.0004	0.0004	0.0004	0.0004	0.0004	0.0004	0.0004	0.0004	0.0004	0.0004	0.0004	0.0004	0.0002	0.0002	0.0002	0.0002	0.0002	0.0002	0.0002	0.0002	0.0002	0.0002	0.0002	0.0002	0.0002	0.0002	0.0002	0.0002	0.0002	0.0002	0.0002	0.0002	0.0001	0.0001	0.0001	0.0001	0.0001	0.0001	0.0001	0.0001	0.0001	0.0001	0.0001	0.0001
