x1
1.0
1.0
1.0
1.0
1.0
1.0
1.0
1.0
1.0
1.0
1.0
1.0
1.0
1.0
1.0
1.0
1.0
1.0
1.0
1.0
1.0
1.0
1.0
1.0
1.0
1.0
1.0
1.0
1.0
1.0
1.0
1.0
1.0
1.0
1.0
1.0
1.0
1.0
1.0
1.0
1.0
1.0
1.0
1.0
1.0
1.0
1.0
1.0
1.0
1.0
1.0
1.0
1.0
1.0
1.0
1.0
1.0
1.0
1.0
1.0
1.0
1.0
1.0
1.0
1.0
1.0
1.0
1.0
1.0
1.0
1.0
1.0
1.0
1.0
1.0
1.0
1.0
1.0
1.0
1.0
1.0
1.0
1.0
1.0
1.0
1.0
1.0
1.0
1.0
1.0
1.0
1.0
1.0
1.0
1.0
1.0
0.000530047358747318
0.0008841118223648551
0.00033035718291150705
0.008645479715930183
0.005036076013701772
0.033582393686879035
0.02963835920469859
0.15359095881789997
0.0012776366393597335
0.028312587521258255
0.027473398785511433
0.014752684211488093
0.15359095882086962
0.026249732567863053
0.07672984506029278
0.013403097587960745
0.032509104087538127
0.029638359204818453
0.007176787637127751
0.03242578847216239
0.02963835920480225
0.028232602149615732
0.027454120983555645
0.018157734366920218
0.006779027782093857
0.029638359203328628
0.15359095881385146
0.1535909588209931
0.15359095881054827
0.15359095881820947
0.15359095881704277
0.03723366643668531
0.028678602825413964
0.15359095881391963
0.15359095881724558
0.15359095881958165
0.15359095881671453
0.15359095882054133
0.15359095882065388
0.15359095882039694
0.15359095882061105
0.1535909588196959
0.15359095882077622
0.15359095882040258
0.15359095882103418
0.15359095882122567
0.15359095882118623
0.1535909588191109
0.15359095882095308
0.15359095882029886
0.1535909588209312
0.15359095882083704
0.1535909588188202
0.15359095881676765
0.15359095882007548
0.15359095882023807
0.1535909588202896
0.15359095881442925
0.15359095881846938
0.15359095881619123
0.15359095881813598
0.15359095881905538
0.15359095882082424
0.15359095882027843
0.15359095882144766
0.15359095882011167
0.1535909588192635
0.15359095882048604
0.15359095881969886
0.1535909588200473
0.1535909588195047
0.15359095882077684
0.15359095881771637
0.1535909588120529
0.15359095881461227
0.15359095881992735
0.15359095881843632
0.1535909588186286
0.15359095881768542
0.15359095882124793
0.1535909588184752
0.15359095881979404
0.1535909588204924
0.1535909588198446
0.1535909588205635
0.15359095881886575
0.1535909588188265
0.1535909588185143
0.15359095881812904
0.15359095881927023
0.15359095882124524
0.15359095882122611
0.15359095882069035
0.15359095882049525
0.1535909588202713
