x1	x2	x3	x4	x5	x6	x7	x8	x9	x10	x11	x12	x13	x14	x15	x16	x17	x18	x19	x20	x21	x22	x23	x24	x25	x26	x27	x28	x29	x30	x31	x32	x33	x34	x35	x36	x37	x38	x39	x40	x41	x42	x43	x44	x45	x46	x47	x48	x49	x50	x51	x52	x53	x54	x55	x56	x57	x58	x59	x60	x61	x62	x63	x64
0.0	0.0341	0.0334	0.0321	0.0319	0.0318	0.0324	0.0013	0.0012	0.0012	0.0012	0.0012	0.0012	0.0012	0.0012	0.0012	0.0012	0.0012	0.0012	0.0012	0.0012	0.0012	0.0001	0.0001	0.0001	0.0001	0.0001	0.0001	0.0001	0.0001	0.0001	0.0001	0.0001	0.0001	0.0001	0.0001	0.0001	0.0001	0.0001	0.0001	0.0001	0.0001	0.0	0.0	0.0	0.0	0.0	0.0	0.0	0.0	0.0	0.0	0.0	0.0	0.0	0.0	0.0	0.0	0.0	0.0	0.0	0.0	0.0	0.0
0.0	0.0432	0.063	0.0693	0.0582	0.0581	0.0392	0.0013	0.0014	0.0013	0.0013	0.001	0.0017	0.0015	0.0015	0.0013	0.0016	0.0016	0.0014	0.0015	0.0012	0.0012	0.0001	0.0001	0.0001	0.0001	0.0001	0.0001	0.0001	0.0001	0.0	0.0	0.0001	0.0001	0.0001	0.0001	0.0001	0.0001	0.0001	0.0001	0.0001	0.0001	0.0	0.0	0.0	0.0	0.0	0.0	0.0	0.0	0.0	0.0	0.0	0.0	0.0	0.0	0.0	0.0	0.0	0.0	0.0	0.0	0.0	0.0
0.0	0.0035	0.006	0.0088	0.0034	0.0034	0.2943	0.0003	0.0003	0.0002	0.0002	0.0046	0.0004	0.0003	0.0003	0.0065	0.0003	0.0003	0.006	0.0002	0.0046	0.0046	0.0001	0.0001	0.0001	0.0004	0.0001	0.0001	0.0003	0.0001	0.0002	0.0002	0.0001	0.0001	0.0005	0.0001	0.0003	0.0003	0.0001	0.0003	0.0003	0.0002	0.0001	0.0001	0.0001	0.0001	0.0001	0.0001	0.0	0.0001	0.0001	0.0001	0.0	0.0001	0.0001	0.0001	0.0001	0.0001	0.0001	0.0001	0.0001	0.0001	0.0001	0.0001
0.0	0.0069	0.3091	0.0138	0.0071	0.3451	0.0069	0.0024	0.0002	0.0001	0.0026	0.0001	0.0033	0.0025	0.0696	0.0025	0.0002	0.0046	0.0002	0.0027	0.0001	0.0026	0.0001	0.0001	0.0014	0.0001	0.0	0.0002	0.0	0.0001	0.0	0.0001	0.0001	0.0021	0.0001	0.0014	0.0001	0.0014	0.0002	0.0	0.0002	0.0001	0.0	0.0001	0.0	0.0001	0.0	0.0001	0.0	0.0	0.0	0.0	0.0001	0.0	0.0001	0.0001	0.0	0.0	0.0	0.0	0.0	0.0	0.0	0.0
0.0	0.0073	0.7333	0.0081	0.0073	0.0073	0.0073	0.0037	0.0001	0.0001	0.0001	0.0001	0.0045	0.0037	0.0037	0.0037	0.0001	0.0001	0.0001	0.0001	0.0001	0.0001	0.0001	0.0001	0.0001	0.0001	0.0	0.0	0.0	0.0	0.0	0.0	0.0001	0.0001	0.0001	0.0001	0.0001	0.0001	0.0	0.0	0.0	0.0	0.0	0.0	0.0	0.0	0.0	0.0	0.0	0.0	0.0	0.0	0.0	0.0	0.0	0.0	0.0	0.0	0.0	0.0	0.0	0.0	0.0	0.0
0.0	0.0041	0.4588	0.0047	0.0041	0.0048	0.0041	0.0044	0.0001	0.0001	0.0001	0.0001	0.0048	0.0044	0.0046	0.0044	0.0001	0.0001	0.0001	0.0001	0.0001	0.0001	0.0001	0.0001	0.0001	0.0001	0.0	0.0	0.0	0.0	0.0	0.0	0.0001	0.0001	0.0001	0.0001	0.0001	0.0001	0.0	0.0	0.0	0.0	0.0	0.0	0.0	0.0	0.0	0.0	0.0	0.0	0.0	0.0	0.0	0.0	0.0	0.0	0.0	0.0	0.0	0.0	0.0	0.0	0.0	0.0
0.0	0.0041	0.4588	0.0047	0.0041	0.0048	0.0041	0.0044	0.0001	0.0001	0.0001	0.0001	0.0048	0.0044	0.0046	0.0044	0.0001	0.0001	0.0001	0.0001	0.0001	0.0001	0.0001	0.0001	0.0001	0.0001	0.0	0.0	0.0	0.0	0.0	0.0	0.0001	0.0001	0.0001	0.0001	0.0001	0.0001	0.0	0.0	0.0	0.0	0.0	0.0	0.0	0.0	0.0	0.0	0.0	0.0	0.0	0.0	0.0	0.0	0.0	0.0	0.0	0.0	0.0	0.0	0.0	0.0	0.0	0.0
0.0	0.0043	0.3689	0.0565	0.0046	0.0043	0.0043	0.0041	0.0006	0.0001	0.0001	0.0001	0.005	0.0042	0.0041	0.0041	0.0006	0.0006	0.0006	0.0001	0.0001	0.0001	0.0001	0.0001	0.0001	0.0001	0.0	0.0	0.0	0.0	0.0	0.0	0.0001	0.0001	0.0001	0.0001	0.0001	0.0001	0.0	0.0	0.0	0.0	0.0	0.0	0.0	0.0	0.0	0.0	0.0	0.0	0.0	0.0	0.0	0.0	0.0	0.0	0.0	0.0	0.0	0.0	0.0	0.0	0.0	0.0
0.0	0.0091	0.3972	0.4443	0.0095	0.0092	0.0092	0.0006	0.0008	0.0	0.0	0.0	0.0024	0.0006	0.0006	0.0006	0.0008	0.0008	0.0008	0.0	0.0	0.0	0.0	0.0	0.0	0.0	0.0	0.0	0.0	0.0	0.0	0.0	0.0	0.0	0.0	0.0	0.0	0.0	0.0	0.0	0.0	0.0	0.0	0.0	0.0	0.0	0.0	0.0	0.0	0.0	0.0	0.0	0.0	0.0	0.0	0.0	0.0	0.0	0.0	0.0	0.0	0.0	0.0	0.0
0.0	0.0076	0.7352	0.0678	0.008	0.0077	0.0077	0.0028	0.0007	0.0001	0.0001	0.0001	0.0357	0.0029	0.0028	0.0028	0.0007	0.0007	0.0007	0.0001	0.0001	0.0001	0.0006	0.0	0.0	0.0	0.0	0.0	0.0	0.0	0.0	0.0	0.0006	0.0006	0.0006	0.0	0.0	0.0	0.0	0.0	0.0	0.0	0.0	0.0	0.0	0.0	0.0	0.0	0.0	0.0	0.0	0.0	0.0	0.0	0.0	0.0	0.0	0.0	0.0	0.0	0.0	0.0	0.0	0.0
0.0	0.0065	0.5659	0.0883	0.0162	0.0066	0.0065	0.0036	0.0009	0.0002	0.0001	0.0001	0.0302	0.0091	0.0036	0.0036	0.0011	0.0009	0.0009	0.0002	0.0002	0.0001	0.0007	0.0002	0.0001	0.0001	0.0	0.0	0.0	0.0	0.0	0.0	0.0008	0.0007	0.0007	0.0002	0.0002	0.0001	0.0	0.0	0.0	0.0	0.0	0.0	0.0	0.0	0.0	0.0	0.0	0.0	0.0	0.0	0.0	0.0	0.0	0.0	0.0	0.0	0.0	0.0	0.0	0.0	0.0	0.0
0.0	0.0065	0.5659	0.0883	0.0162	0.0066	0.0065	0.0036	0.0009	0.0002	0.0001	0.0001	0.0302	0.0091	0.0036	0.0036	0.0011	0.0009	0.0009	0.0002	0.0002	0.0001	0.0007	0.0002	0.0001	0.0001	0.0	0.0	0.0	0.0	0.0	0.0	0.0008	0.0007	0.0007	0.0002	0.0002	0.0001	0.0	0.0	0.0	0.0	0.0	0.0	0.0	0.0	0.0	0.0	0.0	0.0	0.0	0.0	0.0	0.0	0.0	0.0	0.0	0.0	0.0	0.0	0.0	0.0	0.0	0.0
0.0	0.0026	0.1492	0.0032	0.1561	0.0027	0.0026	0.0021	0.0001	0.0022	0.0001	0.0001	0.0022	0.0149	0.0021	0.0021	0.0023	0.0001	0.0001	0.0022	0.0022	0.0001	0.0001	0.0004	0.0001	0.0001	0.0001	0.0	0.0	0.0001	0.0001	0.0	0.0005	0.0001	0.0001	0.0004	0.0004	0.0001	0.0001	0.0001	0.0	0.0001	0.0	0.0	0.0	0.0	0.0	0.0	0.0	0.0	0.0	0.0	0.0	0.0	0.0	0.0	0.0	0.0	0.0	0.0	0.0	0.0	0.0	0.0
0.0	0.0027	0.0735	0.0917	0.1607	0.0048	0.0027	0.001	0.0012	0.0021	0.0001	0.0001	0.0038	0.0053	0.001	0.001	0.0066	0.0013	0.0012	0.0021	0.0021	0.0001	0.0001	0.0002	0.0	0.0	0.0002	0.0	0.0	0.0001	0.0001	0.0	0.0008	0.0001	0.0001	0.0002	0.0002	0.0	0.0002	0.0002	0.0	0.0001	0.0	0.0	0.0	0.0	0.0	0.0	0.0	0.0	0.0	0.0	0.0	0.0	0.0	0.0	0.0	0.0	0.0	0.0	0.0	0.0	0.0	0.0
0.0	0.0067	0.0073	0.0076	0.7866	0.0292	0.0067	0.0	0.0	0.002	0.0001	0.0	0.0001	0.0024	0.0001	0.0	0.0026	0.0001	0.0	0.0025	0.002	0.0001	0.0	0.0	0.0	0.0	0.0	0.0	0.0	0.0	0.0	0.0	0.0	0.0	0.0	0.0	0.0	0.0	0.0	0.0	0.0	0.0	0.0	0.0	0.0	0.0	0.0	0.0	0.0	0.0	0.0	0.0	0.0	0.0	0.0	0.0	0.0	0.0	0.0	0.0	0.0	0.0	0.0	0.0
0.0	0.0071	0.0071	0.0072	0.8812	0.0071	0.0071	0.0	0.0	0.0011	0.0	0.0	0.0	0.0012	0.0	0.0	0.0012	0.0	0.0	0.0011	0.0011	0.0	0.0	0.0	0.0	0.0	0.0	0.0	0.0	0.0	0.0	0.0	0.0	0.0	0.0	0.0	0.0	0.0	0.0	0.0	0.0	0.0	0.0	0.0	0.0	0.0	0.0	0.0	0.0	0.0	0.0	0.0	0.0	0.0	0.0	0.0	0.0	0.0	0.0	0.0	0.0	0.0	0.0	0.0
0.0	0.007	0.0073	0.0074	0.4264	0.4468	0.007	0.0	0.0	0.0006	0.0006	0.0	0.0	0.0006	0.0007	0.0	0.0007	0.0007	0.0	0.0152	0.0006	0.0006	0.0	0.0	0.0	0.0	0.0	0.0	0.0	0.0001	0.0	0.0	0.0	0.0	0.0	0.0001	0.0	0.0	0.0001	0.0	0.0	0.0001	0.0	0.0	0.0	0.0	0.0	0.0	0.0	0.0	0.0	0.0	0.0	0.0	0.0	0.0	0.0	0.0	0.0	0.0	0.0	0.0	0.0	0.0
0.0	0.0067	0.0196	0.0069	0.8317	0.0068	0.0067	0.0	0.0	0.0014	0.0	0.0	0.0	0.0018	0.0	0.0	0.0015	0.0	0.0	0.0014	0.0014	0.0	0.0	0.0	0.0	0.0	0.0	0.0	0.0	0.0	0.0	0.0	0.0	0.0	0.0	0.0	0.0	0.0	0.0	0.0	0.0	0.0	0.0	0.0	0.0	0.0	0.0	0.0	0.0	0.0	0.0	0.0	0.0	0.0	0.0	0.0	0.0	0.0	0.0	0.0	0.0	0.0	0.0	0.0
0.0	0.0067	0.4384	0.0068	0.4271	0.0068	0.0067	0.0006	0.0	0.0006	0.0	0.0	0.0006	0.0063	0.0006	0.0006	0.0006	0.0	0.0	0.0006	0.0006	0.0	0.0	0.0	0.0	0.0	0.0	0.0	0.0	0.0	0.0	0.0	0.0	0.0	0.0	0.0	0.0	0.0	0.0	0.0	0.0	0.0	0.0	0.0	0.0	0.0	0.0	0.0	0.0	0.0	0.0	0.0	0.0	0.0	0.0	0.0	0.0	0.0	0.0	0.0	0.0	0.0	0.0	0.0
0.0	0.0067	0.0068	0.0068	0.8641	0.0067	0.0067	0.0	0.0	0.0012	0.0	0.0	0.0	0.0012	0.0	0.0	0.0012	0.0	0.0	0.0012	0.0012	0.0	0.0	0.0	0.0	0.0	0.0	0.0	0.0	0.0	0.0	0.0	0.0	0.0	0.0	0.0	0.0	0.0	0.0	0.0	0.0	0.0	0.0	0.0	0.0	0.0	0.0	0.0	0.0	0.0	0.0	0.0	0.0	0.0	0.0	0.0	0.0	0.0	0.0	0.0	0.0	0.0	0.0	0.0
0.0	0.0067	0.0068	0.0069	0.8325	0.0306	0.0067	0.0	0.0	0.0013	0.0001	0.0	0.0	0.0014	0.0001	0.0	0.0014	0.0001	0.0	0.0013	0.0013	0.0001	0.0	0.0	0.0	0.0	0.0	0.0	0.0	0.0	0.0	0.0	0.0	0.0	0.0	0.0	0.0	0.0	0.0	0.0	0.0	0.0	0.0	0.0	0.0	0.0	0.0	0.0	0.0	0.0	0.0	0.0	0.0	0.0	0.0	0.0	0.0	0.0	0.0	0.0	0.0	0.0	0.0	0.0
0.0	0.0067	0.0067	0.0067	0.8582	0.0067	0.0067	0.0	0.0	0.0012	0.0	0.0	0.0	0.0012	0.0	0.0	0.0012	0.0	0.0	0.0012	0.0012	0.0	0.0	0.0	0.0	0.0	0.0	0.0	0.0	0.0	0.0	0.0	0.0	0.0	0.0	0.0	0.0	0.0	0.0	0.0	0.0	0.0	0.0	0.0	0.0	0.0	0.0	0.0	0.0	0.0	0.0	0.0	0.0	0.0	0.0	0.0	0.0	0.0	0.0	0.0	0.0	0.0	0.0	0.0
0.0	0.0065	0.0066	0.0066	0.8282	0.0372	0.0065	0.0	0.0	0.0011	0.0001	0.0	0.0	0.0012	0.0001	0.0	0.0012	0.0001	0.0	0.0012	0.0011	0.0001	0.0	0.0	0.0	0.0	0.0	0.0	0.0	0.0	0.0	0.0	0.0	0.0	0.0	0.0	0.0	0.0	0.0	0.0	0.0	0.0	0.0	0.0	0.0	0.0	0.0	0.0	0.0	0.0	0.0	0.0	0.0	0.0	0.0	0.0	0.0	0.0	0.0	0.0	0.0	0.0	0.0	0.0
0.0	0.0495	0.0848	0.0019	0.0502	0.0019	0.0019	0.0196	0.0014	0.006	0.0014	0.0014	0.0021	0.0201	0.0021	0.0021	0.0015	0.0001	0.0001	0.0015	0.0015	0.0001	0.0012	0.0048	0.0012	0.0012	0.0005	0.0001	0.0001	0.0005	0.0005	0.0001	0.0012	0.0001	0.0001	0.0012	0.0012	0.0001	0.0001	0.0001	0.0	0.0001	0.0005	0.0001	0.0001	0.0005	0.0005	0.0001	0.0001	0.0001	0.0	0.0001	0.0001	0.0001	0.0	0.0001	0.0	0.0001	0.0001	0.0	0.0001	0.0	0.0	0.0
0.0	0.0312	0.5932	0.0069	0.0319	0.0069	0.0069	0.0259	0.0008	0.0031	0.0008	0.0008	0.0042	0.0265	0.0042	0.0042	0.0008	0.0001	0.0001	0.0008	0.0008	0.0001	0.0008	0.0031	0.0008	0.0008	0.0002	0.0001	0.0001	0.0002	0.0002	0.0001	0.0008	0.0001	0.0001	0.0008	0.0008	0.0001	0.0001	0.0001	0.0	0.0001	0.0003	0.0001	0.0001	0.0003	0.0003	0.0001	0.0	0.0	0.0	0.0	0.0001	0.0001	0.0	0.0001	0.0	0.0	0.0	0.0	0.0	0.0	0.0	0.0
0.0	0.0312	0.5932	0.0069	0.0319	0.0069	0.0069	0.0259	0.0008	0.0031	0.0008	0.0008	0.0042	0.0265	0.0042	0.0042	0.0008	0.0001	0.0001	0.0008	0.0008	0.0001	0.0008	0.0031	0.0008	0.0008	0.0002	0.0001	0.0001	0.0002	0.0002	0.0001	0.0008	0.0001	0.0001	0.0008	0.0008	0.0001	0.0001	0.0001	0.0	0.0001	0.0003	0.0001	0.0001	0.0003	0.0003	0.0001	0.0	0.0	0.0	0.0	0.0001	0.0001	0.0	0.0001	0.0	0.0	0.0	0.0	0.0	0.0	0.0	0.0
0.0	0.022	0.0295	0.0009	0.0426	0.0009	0.0009	0.0028	0.0007	0.0074	0.0007	0.0007	0.0009	0.0095	0.0009	0.0009	0.0013	0.0001	0.0001	0.0013	0.0013	0.0001	0.0002	0.002	0.0002	0.0002	0.0005	0.0001	0.0001	0.0005	0.0005	0.0001	0.0006	0.0001	0.0001	0.0006	0.0006	0.0001	0.0001	0.0001	0.0	0.0001	0.0002	0.0	0.0	0.0002	0.0002	0.0	0.0001	0.0001	0.0	0.0001	0.0001	0.0001	0.0	0.0001	0.0	0.0	0.0	0.0	0.0	0.0	0.0	0.0
0.0	0.0128	0.016	0.0036	0.3149	0.0036	0.0036	0.0014	0.0004	0.0124	0.0004	0.0004	0.0005	0.0151	0.0005	0.0005	0.0046	0.0001	0.0001	0.0046	0.0046	0.0001	0.0001	0.0016	0.0001	0.0001	0.0005	0.0	0.0	0.0005	0.0005	0.0	0.0006	0.0	0.0	0.0006	0.0006	0.0	0.0002	0.0002	0.0	0.0002	0.0001	0.0	0.0	0.0001	0.0001	0.0	0.0	0.0	0.0	0.0	0.0001	0.0001	0.0	0.0001	0.0	0.0	0.0	0.0	0.0	0.0	0.0	0.0
0.0	0.0053	0.006	0.0035	0.4008	0.0035	0.0035	0.0002	0.0001	0.006	0.0001	0.0001	0.0001	0.0066	0.0001	0.0001	0.0043	0.0001	0.0001	0.0043	0.0043	0.0001	0.0	0.0003	0.0	0.0	0.0002	0.0	0.0	0.0002	0.0002	0.0	0.0002	0.0	0.0	0.0002	0.0002	0.0	0.0001	0.0001	0.0	0.0001	0.0	0.0	0.0	0.0	0.0	0.0	0.0	0.0	0.0	0.0	0.0	0.0	0.0	0.0	0.0	0.0	0.0	0.0	0.0	0.0	0.0	0.0
0.0	0.0053	0.006	0.0035	0.4008	0.0035	0.0035	0.0002	0.0001	0.006	0.0001	0.0001	0.0001	0.0066	0.0001	0.0001	0.0043	0.0001	0.0001	0.0043	0.0043	0.0001	0.0	0.0003	0.0	0.0	0.0002	0.0	0.0	0.0002	0.0002	0.0	0.0002	0.0	0.0	0.0002	0.0002	0.0	0.0001	0.0001	0.0	0.0001	0.0	0.0	0.0	0.0	0.0	0.0	0.0	0.0	0.0	0.0	0.0	0.0	0.0	0.0	0.0	0.0	0.0	0.0	0.0	0.0	0.0	0.0
0.0	0.2583	0.1038	0.0054	0.007	0.0054	0.0054	0.0059	0.0035	0.0039	0.0035	0.0035	0.0012	0.0013	0.0012	0.0012	0.0002	0.0001	0.0001	0.0002	0.0002	0.0001	0.0002	0.0002	0.0002	0.0002	0.0001	0.0001	0.0001	0.0001	0.0001	0.0001	0.0	0.0	0.0	0.0	0.0	0.0	0.0	0.0	0.0	0.0	0.0	0.0	0.0	0.0	0.0	0.0	0.0	0.0	0.0	0.0	0.0	0.0	0.0	0.0	0.0	0.0	0.0	0.0	0.0	0.0	0.0	0.0
0.0	0.358	0.0052	0.0042	0.0052	0.0042	0.0042	0.0062	0.0053	0.0062	0.0053	0.0053	0.0002	0.0002	0.0002	0.0002	0.0002	0.0001	0.0001	0.0002	0.0002	0.0001	0.0002	0.0003	0.0002	0.0002	0.0002	0.0002	0.0002	0.0002	0.0002	0.0002	0.0	0.0	0.0	0.0	0.0	0.0	0.0	0.0	0.0	0.0	0.0	0.0	0.0	0.0	0.0	0.0	0.0	0.0	0.0	0.0	0.0	0.0	0.0	0.0	0.0	0.0	0.0	0.0	0.0	0.0	0.0	0.0
0.0	0.3533	0.0039	0.0037	0.0038	0.0037	0.0037	0.0051	0.0049	0.005	0.0049	0.0049	0.0001	0.0001	0.0001	0.0001	0.0001	0.0001	0.0001	0.0001	0.0001	0.0001	0.0002	0.0002	0.0002	0.0002	0.0002	0.0001	0.0001	0.0002	0.0002	0.0001	0.0	0.0	0.0	0.0	0.0	0.0	0.0	0.0	0.0	0.0	0.0	0.0	0.0	0.0	0.0	0.0	0.0	0.0	0.0	0.0	0.0	0.0	0.0	0.0	0.0	0.0	0.0	0.0	0.0	0.0	0.0	0.0
0.0	0.5827	0.0054	0.0054	0.0054	0.0054	0.0054	0.0042	0.0041	0.0042	0.0041	0.0041	0.0001	0.0001	0.0001	0.0001	0.0001	0.0001	0.0001	0.0001	0.0001	0.0001	0.0001	0.0001	0.0001	0.0001	0.0001	0.0001	0.0001	0.0001	0.0001	0.0001	0.0	0.0	0.0	0.0	0.0	0.0	0.0	0.0	0.0	0.0	0.0	0.0	0.0	0.0	0.0	0.0	0.0	0.0	0.0	0.0	0.0	0.0	0.0	0.0	0.0	0.0	0.0	0.0	0.0	0.0	0.0	0.0
0.0	0.5827	0.0054	0.0054	0.0054	0.0054	0.0054	0.0042	0.0041	0.0042	0.0041	0.0041	0.0001	0.0001	0.0001	0.0001	0.0001	0.0001	0.0001	0.0001	0.0001	0.0001	0.0001	0.0001	0.0001	0.0001	0.0001	0.0001	0.0001	0.0001	0.0001	0.0001	0.0	0.0	0.0	0.0	0.0	0.0	0.0	0.0	0.0	0.0	0.0	0.0	0.0	0.0	0.0	0.0	0.0	0.0	0.0	0.0	0.0	0.0	0.0	0.0	0.0	0.0	0.0	0.0	0.0	0.0	0.0	0.0
0.0	0.2645	0.0027	0.0026	0.0027	0.0026	0.0026	0.0045	0.0044	0.0045	0.0044	0.0044	0.0001	0.0001	0.0001	0.0001	0.0001	0.0001	0.0001	0.0001	0.0001	0.0001	0.0002	0.0002	0.0002	0.0002	0.0002	0.0002	0.0002	0.0002	0.0002	0.0002	0.0	0.0	0.0	0.0	0.0	0.0	0.0	0.0	0.0	0.0	0.0	0.0	0.0	0.0	0.0	0.0	0.0	0.0	0.0	0.0	0.0	0.0	0.0	0.0	0.0	0.0	0.0	0.0	0.0	0.0	0.0	0.0
0.0	0.5709	0.005	0.005	0.005	0.005	0.005	0.004	0.0039	0.004	0.0039	0.0039	0.0001	0.0001	0.0001	0.0001	0.0001	0.0001	0.0001	0.0001	0.0001	0.0001	0.0001	0.0001	0.0001	0.0001	0.0001	0.0001	0.0001	0.0001	0.0001	0.0001	0.0	0.0	0.0	0.0	0.0	0.0	0.0	0.0	0.0	0.0	0.0	0.0	0.0	0.0	0.0	0.0	0.0	0.0	0.0	0.0	0.0	0.0	0.0	0.0	0.0	0.0	0.0	0.0	0.0	0.0	0.0	0.0
0.0	0.5921	0.0047	0.0047	0.0047	0.0047	0.0047	0.0035	0.0035	0.0035	0.0035	0.0035	0.0001	0.0001	0.0001	0.0001	0.0001	0.0001	0.0001	0.0001	0.0001	0.0001	0.0	0.0	0.0	0.0	0.0	0.0	0.0	0.0	0.0	0.0	0.0	0.0	0.0	0.0	0.0	0.0	0.0	0.0	0.0	0.0	0.0	0.0	0.0	0.0	0.0	0.0	0.0	0.0	0.0	0.0	0.0	0.0	0.0	0.0	0.0	0.0	0.0	0.0	0.0	0.0	0.0	0.0
0.0	0.6811	0.0055	0.0055	0.0055	0.0055	0.0055	0.003	0.0029	0.0029	0.0029	0.0029	0.0	0.0	0.0	0.0	0.0	0.0	0.0	0.0	0.0	0.0	0.0	0.0	0.0	0.0	0.0	0.0	0.0	0.0	0.0	0.0	0.0	0.0	0.0	0.0	0.0	0.0	0.0	0.0	0.0	0.0	0.0	0.0	0.0	0.0	0.0	0.0	0.0	0.0	0.0	0.0	0.0	0.0	0.0	0.0	0.0	0.0	0.0	0.0	0.0	0.0	0.0	0.0
0.0	0.6811	0.0055	0.0055	0.0055	0.0055	0.0055	0.003	0.0029	0.0029	0.0029	0.0029	0.0	0.0	0.0	0.0	0.0	0.0	0.0	0.0	0.0	0.0	0.0	0.0	0.0	0.0	0.0	0.0	0.0	0.0	0.0	0.0	0.0	0.0	0.0	0.0	0.0	0.0	0.0	0.0	0.0	0.0	0.0	0.0	0.0	0.0	0.0	0.0	0.0	0.0	0.0	0.0	0.0	0.0	0.0	0.0	0.0	0.0	0.0	0.0	0.0	0.0	0.0	0.0
0.0	0.4216	0.0034	0.0034	0.0034	0.0034	0.0034	0.0041	0.0041	0.0041	0.0041	0.0041	0.0001	0.0001	0.0001	0.0001	0.0001	0.0001	0.0001	0.0001	0.0001	0.0001	0.0001	0.0001	0.0001	0.0001	0.0001	0.0001	0.0001	0.0001	0.0001	0.0001	0.0	0.0	0.0	0.0	0.0	0.0	0.0	0.0	0.0	0.0	0.0	0.0	0.0	0.0	0.0	0.0	0.0	0.0	0.0	0.0	0.0	0.0	0.0	0.0	0.0	0.0	0.0	0.0	0.0	0.0	0.0	0.0
0.0	0.5652	0.0047	0.0047	0.0047	0.0047	0.0047	0.0038	0.0038	0.0038	0.0038	0.0038	0.0001	0.0001	0.0001	0.0001	0.0001	0.0001	0.0001	0.0001	0.0001	0.0001	0.0001	0.0001	0.0001	0.0001	0.0001	0.0001	0.0001	0.0001	0.0001	0.0001	0.0	0.0	0.0	0.0	0.0	0.0	0.0	0.0	0.0	0.0	0.0	0.0	0.0	0.0	0.0	0.0	0.0	0.0	0.0	0.0	0.0	0.0	0.0	0.0	0.0	0.0	0.0	0.0	0.0	0.0	0.0	0.0
0.0	0.6372	0.0052	0.0052	0.0052	0.0052	0.0052	0.0033	0.0033	0.0033	0.0033	0.0033	0.0	0.0	0.0	0.0	0.0	0.0	0.0	0.0	0.0	0.0	0.0	0.0	0.0	0.0	0.0	0.0	0.0	0.0	0.0	0.0	0.0	0.0	0.0	0.0	0.0	0.0	0.0	0.0	0.0	0.0	0.0	0.0	0.0	0.0	0.0	0.0	0.0	0.0	0.0	0.0	0.0	0.0	0.0	0.0	0.0	0.0	0.0	0.0	0.0	0.0	0.0	0.0
0.0	0.6827	0.0054	0.0054	0.0054	0.0054	0.0054	0.0029	0.0029	0.0029	0.0029	0.0029	0.0	0.0	0.0	0.0	0.0	0.0	0.0	0.0	0.0	0.0	0.0	0.0	0.0	0.0	0.0	0.0	0.0	0.0	0.0	0.0	0.0	0.0	0.0	0.0	0.0	0.0	0.0	0.0	0.0	0.0	0.0	0.0	0.0	0.0	0.0	0.0	0.0	0.0	0.0	0.0	0.0	0.0	0.0	0.0	0.0	0.0	0.0	0.0	0.0	0.0	0.0	0.0
0.0	0.7391	0.0059	0.0059	0.0059	0.0059	0.0059	0.0024	0.0024	0.0024	0.0024	0.0024	0.0	0.0	0.0	0.0	0.0	0.0	0.0	0.0	0.0	0.0	0.0	0.0	0.0	0.0	0.0	0.0	0.0	0.0	0.0	0.0	0.0	0.0	0.0	0.0	0.0	0.0	0.0	0.0	0.0	0.0	0.0	0.0	0.0	0.0	0.0	0.0	0.0	0.0	0.0	0.0	0.0	0.0	0.0	0.0	0.0	0.0	0.0	0.0	0.0	0.0	0.0	0.0
0.0	0.7391	0.0059	0.0059	0.0059	0.0059	0.0059	0.0024	0.0024	0.0024	0.0024	0.0024	0.0	0.0	0.0	0.0	0.0	0.0	0.0	0.0	0.0	0.0	0.0	0.0	0.0	0.0	0.0	0.0	0.0	0.0	0.0	0.0	0.0	0.0	0.0	0.0	0.0	0.0	0.0	0.0	0.0	0.0	0.0	0.0	0.0	0.0	0.0	0.0	0.0	0.0	0.0	0.0	0.0	0.0	0.0	0.0	0.0	0.0	0.0	0.0	0.0	0.0	0.0	0.0
0.0	0.4383	0.0034	0.0034	0.0034	0.0034	0.0034	0.004	0.004	0.004	0.004	0.004	0.0001	0.0001	0.0001	0.0001	0.0001	0.0001	0.0001	0.0001	0.0001	0.0001	0.0001	0.0001	0.0001	0.0001	0.0001	0.0001	0.0001	0.0001	0.0001	0.0001	0.0	0.0	0.0	0.0	0.0	0.0	0.0	0.0	0.0	0.0	0.0	0.0	0.0	0.0	0.0	0.0	0.0	0.0	0.0	0.0	0.0	0.0	0.0	0.0	0.0	0.0	0.0	0.0	0.0	0.0	0.0	0.0
0.0	0.5924	0.0047	0.0047	0.0047	0.0047	0.0047	0.0035	0.0035	0.0035	0.0035	0.0035	0.0001	0.0001	0.0001	0.0001	0.0001	0.0001	0.0001	0.0001	0.0001	0.0001	0.0	0.0	0.0	0.0	0.0	0.0	0.0	0.0	0.0	0.0	0.0	0.0	0.0	0.0	0.0	0.0	0.0	0.0	0.0	0.0	0.0	0.0	0.0	0.0	0.0	0.0	0.0	0.0	0.0	0.0	0.0	0.0	0.0	0.0	0.0	0.0	0.0	0.0	0.0	0.0	0.0	0.0
0.0	0.7116	0.0058	0.0058	0.0058	0.0058	0.0058	0.0028	0.0028	0.0028	0.0028	0.0028	0.0	0.0	0.0	0.0	0.0	0.0	0.0	0.0	0.0	0.0	0.0	0.0	0.0	0.0	0.0	0.0	0.0	0.0	0.0	0.0	0.0	0.0	0.0	0.0	0.0	0.0	0.0	0.0	0.0	0.0	0.0	0.0	0.0	0.0	0.0	0.0	0.0	0.0	0.0	0.0	0.0	0.0	0.0	0.0	0.0	0.0	0.0	0.0	0.0	0.0	0.0	0.0
0.0	0.7116	0.0058	0.0058	0.0058	0.0058	0.0058	0.0028	0.0028	0.0028	0.0028	0.0028	0.0	0.0	0.0	0.0	0.0	0.0	0.0	0.0	0.0	0.0	0.0	0.0	0.0	0.0	0.0	0.0	0.0	0.0	0.0	0.0	0.0	0.0	0.0	0.0	0.0	0.0	0.0	0.0	0.0	0.0	0.0	0.0	0.0	0.0	0.0	0.0	0.0	0.0	0.0	0.0	0.0	0.0	0.0	0.0	0.0	0.0	0.0	0.0	0.0	0.0	0.0	0.0
0.0	0.701	0.0059	0.0059	0.0059	0.0059	0.0059	0.003	0.003	0.003	0.003	0.003	0.0	0.0	0.0	0.0	0.0	0.0	0.0	0.0	0.0	0.0	0.0	0.0	0.0	0.0	0.0	0.0	0.0	0.0	0.0	0.0	0.0	0.0	0.0	0.0	0.0	0.0	0.0	0.0	0.0	0.0	0.0	0.0	0.0	0.0	0.0	0.0	0.0	0.0	0.0	0.0	0.0	0.0	0.0	0.0	0.0	0.0	0.0	0.0	0.0	0.0	0.0	0.0
0.0	0.701	0.0059	0.0059	0.0059	0.0059	0.0059	0.003	0.003	0.003	0.003	0.003	0.0	0.0	0.0	0.0	0.0	0.0	0.0	0.0	0.0	0.0	0.0	0.0	0.0	0.0	0.0	0.0	0.0	0.0	0.0	0.0	0.0	0.0	0.0	0.0	0.0	0.0	0.0	0.0	0.0	0.0	0.0	0.0	0.0	0.0	0.0	0.0	0.0	0.0	0.0	0.0	0.0	0.0	0.0	0.0	0.0	0.0	0.0	0.0	0.0	0.0	0.0	0.0
0.0	0.6418	0.0057	0.0056	0.0056	0.0056	0.0056	0.0037	0.0036	0.0036	0.0036	0.0036	0.0001	0.0001	0.0001	0.0001	0.0001	0.0001	0.0001	0.0001	0.0001	0.0001	0.0	0.0	0.0	0.0	0.0	0.0	0.0	0.0	0.0	0.0	0.0	0.0	0.0	0.0	0.0	0.0	0.0	0.0	0.0	0.0	0.0	0.0	0.0	0.0	0.0	0.0	0.0	0.0	0.0	0.0	0.0	0.0	0.0	0.0	0.0	0.0	0.0	0.0	0.0	0.0	0.0	0.0
0.0	0.6418	0.0057	0.0056	0.0056	0.0056	0.0056	0.0037	0.0036	0.0036	0.0036	0.0036	0.0001	0.0001	0.0001	0.0001	0.0001	0.0001	0.0001	0.0001	0.0001	0.0001	0.0	0.0	0.0	0.0	0.0	0.0	0.0	0.0	0.0	0.0	0.0	0.0	0.0	0.0	0.0	0.0	0.0	0.0	0.0	0.0	0.0	0.0	0.0	0.0	0.0	0.0	0.0	0.0	0.0	0.0	0.0	0.0	0.0	0.0	0.0	0.0	0.0	0.0	0.0	0.0	0.0	0.0
0.0	0.6463	0.0057	0.0057	0.0057	0.0057	0.0057	0.0036	0.0036	0.0036	0.0036	0.0036	0.0001	0.0001	0.0001	0.0001	0.0001	0.0001	0.0001	0.0001	0.0001	0.0001	0.0	0.0	0.0	0.0	0.0	0.0	0.0	0.0	0.0	0.0	0.0	0.0	0.0	0.0	0.0	0.0	0.0	0.0	0.0	0.0	0.0	0.0	0.0	0.0	0.0	0.0	0.0	0.0	0.0	0.0	0.0	0.0	0.0	0.0	0.0	0.0	0.0	0.0	0.0	0.0	0.0	0.0
0.0	0.6463	0.0057	0.0057	0.0057	0.0057	0.0057	0.0036	0.0036	0.0036	0.0036	0.0036	0.0001	0.0001	0.0001	0.0001	0.0001	0.0001	0.0001	0.0001	0.0001	0.0001	0.0	0.0	0.0	0.0	0.0	0.0	0.0	0.0	0.0	0.0	0.0	0.0	0.0	0.0	0.0	0.0	0.0	0.0	0.0	0.0	0.0	0.0	0.0	0.0	0.0	0.0	0.0	0.0	0.0	0.0	0.0	0.0	0.0	0.0	0.0	0.0	0.0	0.0	0.0	0.0	0.0	0.0
0.0	0.1607	0.0014	0.0013	0.0013	0.0013	0.0013	0.0034	0.0033	0.0033	0.0033	0.0033	0.0001	0.0001	0.0001	0.0001	0.0001	0.0001	0.0001	0.0001	0.0001	0.0001	0.0001	0.0001	0.0001	0.0001	0.0001	0.0001	0.0001	0.0001	0.0001	0.0001	0.0	0.0	0.0	0.0	0.0	0.0	0.0	0.0	0.0	0.0	0.0	0.0	0.0	0.0	0.0	0.0	0.0	0.0	0.0	0.0	0.0	0.0	0.0	0.0	0.0	0.0	0.0	0.0	0.0	0.0	0.0	0.0
0.0	0.3627	0.0032	0.0032	0.0032	0.0032	0.0032	0.0044	0.0044	0.0044	0.0044	0.0044	0.0001	0.0001	0.0001	0.0001	0.0001	0.0001	0.0001	0.0001	0.0001	0.0001	0.0001	0.0001	0.0001	0.0001	0.0001	0.0001	0.0001	0.0001	0.0001	0.0001	0.0	0.0	0.0	0.0	0.0	0.0	0.0	0.0	0.0	0.0	0.0	0.0	0.0	0.0	0.0	0.0	0.0	0.0	0.0	0.0	0.0	0.0	0.0	0.0	0.0	0.0	0.0	0.0	0.0	0.0	0.0	0.0
0.0	0.3627	0.0032	0.0032	0.0032	0.0032	0.0032	0.0044	0.0044	0.0044	0.0044	0.0044	0.0001	0.0001	0.0001	0.0001	0.0001	0.0001	0.0001	0.0001	0.0001	0.0001	0.0001	0.0001	0.0001	0.0001	0.0001	0.0001	0.0001	0.0001	0.0001	0.0001	0.0	0.0	0.0	0.0	0.0	0.0	0.0	0.0	0.0	0.0	0.0	0.0	0.0	0.0	0.0	0.0	0.0	0.0	0.0	0.0	0.0	0.0	0.0	0.0	0.0	0.0	0.0	0.0	0.0	0.0	0.0	0.0
0.0	0.337	0.0029	0.0029	0.0029	0.0029	0.0029	0.0043	0.0043	0.0043	0.0043	0.0043	0.0001	0.0001	0.0001	0.0001	0.0001	0.0001	0.0001	0.0001	0.0001	0.0001	0.0001	0.0001	0.0001	0.0001	0.0001	0.0001	0.0001	0.0001	0.0001	0.0001	0.0	0.0	0.0	0.0	0.0	0.0	0.0	0.0	0.0	0.0	0.0	0.0	0.0	0.0	0.0	0.0	0.0	0.0	0.0	0.0	0.0	0.0	0.0	0.0	0.0	0.0	0.0	0.0	0.0	0.0	0.0	0.0
0.0	0.3909	0.0032	0.0032	0.0032	0.0032	0.0032	0.0042	0.0042	0.0042	0.0042	0.0042	0.0001	0.0001	0.0001	0.0001	0.0001	0.0001	0.0001	0.0001	0.0001	0.0001	0.0001	0.0001	0.0001	0.0001	0.0001	0.0001	0.0001	0.0001	0.0001	0.0001	0.0	0.0	0.0	0.0	0.0	0.0	0.0	0.0	0.0	0.0	0.0	0.0	0.0	0.0	0.0	0.0	0.0	0.0	0.0	0.0	0.0	0.0	0.0	0.0	0.0	0.0	0.0	0.0	0.0	0.0	0.0	0.0
0.0	0.6467	0.0056	0.0056	0.0056	0.0056	0.0056	0.0035	0.0035	0.0035	0.0035	0.0035	0.0001	0.0001	0.0001	0.0001	0.0001	0.0001	0.0001	0.0001	0.0001	0.0001	0.0	0.0	0.0	0.0	0.0	0.0	0.0	0.0	0.0	0.0	0.0	0.0	0.0	0.0	0.0	0.0	0.0	0.0	0.0	0.0	0.0	0.0	0.0	0.0	0.0	0.0	0.0	0.0	0.0	0.0	0.0	0.0	0.0	0.0	0.0	0.0	0.0	0.0	0.0	0.0	0.0	0.0
0.0	0.6467	0.0056	0.0056	0.0056	0.0056	0.0056	0.0035	0.0035	0.0035	0.0035	0.0035	0.0001	0.0001	0.0001	0.0001	0.0001	0.0001	0.0001	0.0001	0.0001	0.0001	0.0	0.0	0.0	0.0	0.0	0.0	0.0	0.0	0.0	0.0	0.0	0.0	0.0	0.0	0.0	0.0	0.0	0.0	0.0	0.0	0.0	0.0	0.0	0.0	0.0	0.0	0.0	0.0	0.0	0.0	0.0	0.0	0.0	0.0	0.0	0.0	0.0	0.0	0.0	0.0	0.0	0.0
0.0	0.5342	0.0043	0.0043	0.0043	0.0043	0.0043	0.0038	0.0038	0.0038	0.0038	0.0038	0.0001	0.0001	0.0001	0.0001	0.0001	0.0001	0.0001	0.0001	0.0001	0.0001	0.0001	0.0001	0.0001	0.0001	0.0001	0.0001	0.0001	0.0001	0.0001	0.0001	0.0	0.0	0.0	0.0	0.0	0.0	0.0	0.0	0.0	0.0	0.0	0.0	0.0	0.0	0.0	0.0	0.0	0.0	0.0	0.0	0.0	0.0	0.0	0.0	0.0	0.0	0.0	0.0	0.0	0.0	0.0	0.0
0.0	0.5645	0.0045	0.0045	0.0045	0.0045	0.0045	0.0036	0.0036	0.0036	0.0036	0.0036	0.0001	0.0001	0.0001	0.0001	0.0001	0.0001	0.0001	0.0001	0.0001	0.0001	0.0	0.0	0.0	0.0	0.0	0.0	0.0	0.0	0.0	0.0	0.0	0.0	0.0	0.0	0.0	0.0	0.0	0.0	0.0	0.0	0.0	0.0	0.0	0.0	0.0	0.0	0.0	0.0	0.0	0.0	0.0	0.0	0.0	0.0	0.0	0.0	0.0	0.0	0.0	0.0	0.0	0.0
0.0	0.5645	0.0045	0.0045	0.0045	0.0045	0.0045	0.0036	0.0036	0.0036	0.0036	0.0036	0.0001	0.0001	0.0001	0.0001	0.0001	0.0001	0.0001	0.0001	0.0001	0.0001	0.0	0.0	0.0	0.0	0.0	0.0	0.0	0.0	0.0	0.0	0.0	0.0	0.0	0.0	0.0	0.0	0.0	0.0	0.0	0.0	0.0	0.0	0.0	0.0	0.0	0.0	0.0	0.0	0.0	0.0	0.0	0.0	0.0	0.0	0.0	0.0	0.0	0.0	0.0	0.0	0.0	0.0
0.0	0.5977	0.005	0.005	0.005	0.005	0.005	0.0036	0.0036	0.0036	0.0036	0.0036	0.0001	0.0001	0.0001	0.0001	0.0001	0.0001	0.0001	0.0001	0.0001	0.0001	0.0	0.0	0.0	0.0	0.0	0.0	0.0	0.0	0.0	0.0	0.0	0.0	0.0	0.0	0.0	0.0	0.0	0.0	0.0	0.0	0.0	0.0	0.0	0.0	0.0	0.0	0.0	0.0	0.0	0.0	0.0	0.0	0.0	0.0	0.0	0.0	0.0	0.0	0.0	0.0	0.0	0.0
0.0	0.5977	0.005	0.005	0.005	0.005	0.005	0.0036	0.0036	0.0036	0.0036	0.0036	0.0001	0.0001	0.0001	0.0001	0.0001	0.0001	0.0001	0.0001	0.0001	0.0001	0.0	0.0	0.0	0.0	0.0	0.0	0.0	0.0	0.0	0.0	0.0	0.0	0.0	0.0	0.0	0.0	0.0	0.0	0.0	0.0	0.0	0.0	0.0	0.0	0.0	0.0	0.0	0.0	0.0	0.0	0.0	0.0	0.0	0.0	0.0	0.0	0.0	0.0	0.0	0.0	0.0	0.0
0.0	0.5088	0.0041	0.0041	0.0041	0.0041	0.0041	0.0039	0.0039	0.0039	0.0039	0.0039	0.0001	0.0001	0.0001	0.0001	0.0001	0.0001	0.0001	0.0001	0.0001	0.0001	0.0001	0.0001	0.0001	0.0001	0.0001	0.0001	0.0001	0.0001	0.0001	0.0001	0.0	0.0	0.0	0.0	0.0	0.0	0.0	0.0	0.0	0.0	0.0	0.0	0.0	0.0	0.0	0.0	0.0	0.0	0.0	0.0	0.0	0.0	0.0	0.0	0.0	0.0	0.0	0.0	0.0	0.0	0.0	0.0
0.0	0.6952	0.0058	0.0058	0.0058	0.0058	0.0058	0.003	0.003	0.003	0.003	0.003	0.0	0.0	0.0	0.0	0.0	0.0	0.0	0.0	0.0	0.0	0.0	0.0	0.0	0.0	0.0	0.0	0.0	0.0	0.0	0.0	0.0	0.0	0.0	0.0	0.0	0.0	0.0	0.0	0.0	0.0	0.0	0.0	0.0	0.0	0.0	0.0	0.0	0.0	0.0	0.0	0.0	0.0	0.0	0.0	0.0	0.0	0.0	0.0	0.0	0.0	0.0	0.0
0.0	0.6952	0.0058	0.0058	0.0058	0.0058	0.0058	0.003	0.003	0.003	0.003	0.003	0.0	0.0	0.0	0.0	0.0	0.0	0.0	0.0	0.0	0.0	0.0	0.0	0.0	0.0	0.0	0.0	0.0	0.0	0.0	0.0	0.0	0.0	0.0	0.0	0.0	0.0	0.0	0.0	0.0	0.0	0.0	0.0	0.0	0.0	0.0	0.0	0.0	0.0	0.0	0.0	0.0	0.0	0.0	0.0	0.0	0.0	0.0	0.0	0.0	0.0	0.0	0.0
0.0	0.527	0.0041	0.0041	0.0041	0.0041	0.0041	0.0037	0.0037	0.0037	0.0037	0.0037	0.0001	0.0001	0.0001	0.0001	0.0001	0.0001	0.0001	0.0001	0.0001	0.0001	0.0001	0.0001	0.0001	0.0001	0.0001	0.0001	0.0001	0.0001	0.0001	0.0001	0.0	0.0	0.0	0.0	0.0	0.0	0.0	0.0	0.0	0.0	0.0	0.0	0.0	0.0	0.0	0.0	0.0	0.0	0.0	0.0	0.0	0.0	0.0	0.0	0.0	0.0	0.0	0.0	0.0	0.0	0.0	0.0
0.0	0.2004	0.0018	0.0018	0.0018	0.0018	0.0018	0.0038	0.0038	0.0038	0.0038	0.0038	0.0001	0.0001	0.0001	0.0001	0.0001	0.0001	0.0001	0.0001	0.0001	0.0001	0.0001	0.0001	0.0001	0.0001	0.0001	0.0001	0.0001	0.0001	0.0001	0.0001	0.0	0.0	0.0	0.0	0.0	0.0	0.0	0.0	0.0	0.0	0.0	0.0	0.0	0.0	0.0	0.0	0.0	0.0	0.0	0.0	0.0	0.0	0.0	0.0	0.0	0.0	0.0	0.0	0.0	0.0	0.0	0.0
0.0	0.2004	0.0018	0.0018	0.0018	0.0018	0.0018	0.0038	0.0038	0.0038	0.0038	0.0038	0.0001	0.0001	0.0001	0.0001	0.0001	0.0001	0.0001	0.0001	0.0001	0.0001	0.0001	0.0001	0.0001	0.0001	0.0001	0.0001	0.0001	0.0001	0.0001	0.0001	0.0	0.0	0.0	0.0	0.0	0.0	0.0	0.0	0.0	0.0	0.0	0.0	0.0	0.0	0.0	0.0	0.0	0.0	0.0	0.0	0.0	0.0	0.0	0.0	0.0	0.0	0.0	0.0	0.0	0.0	0.0	0.0
0.0	0.1633	0.0014	0.0014	0.0014	0.0014	0.0014	0.0034	0.0034	0.0034	0.0034	0.0034	0.0001	0.0001	0.0001	0.0001	0.0001	0.0001	0.0001	0.0001	0.0001	0.0001	0.0001	0.0001	0.0001	0.0001	0.0001	0.0001	0.0001	0.0001	0.0001	0.0001	0.0	0.0	0.0	0.0	0.0	0.0	0.0	0.0	0.0	0.0	0.0	0.0	0.0	0.0	0.0	0.0	0.0	0.0	0.0	0.0	0.0	0.0	0.0	0.0	0.0	0.0	0.0	0.0	0.0	0.0	0.0	0.0
0.0	0.3607	0.0031	0.0031	0.0031	0.0031	0.0031	0.0044	0.0044	0.0044	0.0044	0.0044	0.0001	0.0001	0.0001	0.0001	0.0001	0.0001	0.0001	0.0001	0.0001	0.0001	0.0001	0.0001	0.0001	0.0001	0.0001	0.0001	0.0001	0.0001	0.0001	0.0001	0.0	0.0	0.0	0.0	0.0	0.0	0.0	0.0	0.0	0.0	0.0	0.0	0.0	0.0	0.0	0.0	0.0	0.0	0.0	0.0	0.0	0.0	0.0	0.0	0.0	0.0	0.0	0.0	0.0	0.0	0.0	0.0
0.0	0.4033	0.0033	0.0033	0.0033	0.0033	0.0033	0.0042	0.0042	0.0042	0.0042	0.0042	0.0001	0.0001	0.0001	0.0001	0.0001	0.0001	0.0001	0.0001	0.0001	0.0001	0.0001	0.0001	0.0001	0.0001	0.0001	0.0001	0.0001	0.0001	0.0001	0.0001	0.0	0.0	0.0	0.0	0.0	0.0	0.0	0.0	0.0	0.0	0.0	0.0	0.0	0.0	0.0	0.0	0.0	0.0	0.0	0.0	0.0	0.0	0.0	0.0	0.0	0.0	0.0	0.0	0.0	0.0	0.0	0.0
0.0	0.4512	0.0036	0.0036	0.0036	0.0036	0.0036	0.0041	0.0041	0.0041	0.0041	0.0041	0.0001	0.0001	0.0001	0.0001	0.0001	0.0001	0.0001	0.0001	0.0001	0.0001	0.0001	0.0001	0.0001	0.0001	0.0001	0.0001	0.0001	0.0001	0.0001	0.0001	0.0	0.0	0.0	0.0	0.0	0.0	0.0	0.0	0.0	0.0	0.0	0.0	0.0	0.0	0.0	0.0	0.0	0.0	0.0	0.0	0.0	0.0	0.0	0.0	0.0	0.0	0.0	0.0	0.0	0.0	0.0	0.0
0.0	0.4512	0.0036	0.0036	0.0036	0.0036	0.0036	0.0041	0.0041	0.0041	0.0041	0.0041	0.0001	0.0001	0.0001	0.0001	0.0001	0.0001	0.0001	0.0001	0.0001	0.0001	0.0001	0.0001	0.0001	0.0001	0.0001	0.0001	0.0001	0.0001	0.0001	0.0001	0.0	0.0	0.0	0.0	0.0	0.0	0.0	0.0	0.0	0.0	0.0	0.0	0.0	0.0	0.0	0.0	0.0	0.0	0.0	0.0	0.0	0.0	0.0	0.0	0.0	0.0	0.0	0.0	0.0	0.0	0.0	0.0
0.0	0.3811	0.0031	0.0031	0.0031	0.0031	0.0031	0.0042	0.0042	0.0042	0.0042	0.0042	0.0001	0.0001	0.0001	0.0001	0.0001	0.0001	0.0001	0.0001	0.0001	0.0001	0.0001	0.0001	0.0001	0.0001	0.0001	0.0001	0.0001	0.0001	0.0001	0.0001	0.0	0.0	0.0	0.0	0.0	0.0	0.0	0.0	0.0	0.0	0.0	0.0	0.0	0.0	0.0	0.0	0.0	0.0	0.0	0.0	0.0	0.0	0.0	0.0	0.0	0.0	0.0	0.0	0.0	0.0	0.0	0.0
0.0	0.6666	0.0057	0.0057	0.0057	0.0057	0.0057	0.0033	0.0033	0.0033	0.0033	0.0033	0.0001	0.0001	0.0001	0.0001	0.0001	0.0001	0.0001	0.0001	0.0001	0.0001	0.0	0.0	0.0	0.0	0.0	0.0	0.0	0.0	0.0	0.0	0.0	0.0	0.0	0.0	0.0	0.0	0.0	0.0	0.0	0.0	0.0	0.0	0.0	0.0	0.0	0.0	0.0	0.0	0.0	0.0	0.0	0.0	0.0	0.0	0.0	0.0	0.0	0.0	0.0	0.0	0.0	0.0
0.0	0.6666	0.0057	0.0057	0.0057	0.0057	0.0057	0.0033	0.0033	0.0033	0.0033	0.0033	0.0001	0.0001	0.0001	0.0001	0.0001	0.0001	0.0001	0.0001	0.0001	0.0001	0.0	0.0	0.0	0.0	0.0	0.0	0.0	0.0	0.0	0.0	0.0	0.0	0.0	0.0	0.0	0.0	0.0	0.0	0.0	0.0	0.0	0.0	0.0	0.0	0.0	0.0	0.0	0.0	0.0	0.0	0.0	0.0	0.0	0.0	0.0	0.0	0.0	0.0	0.0	0.0	0.0	0.0
0.0	0.6098	0.0051	0.0051	0.0051	0.0051	0.0051	0.0036	0.0036	0.0036	0.0036	0.0036	0.0001	0.0001	0.0001	0.0001	0.0001	0.0001	0.0001	0.0001	0.0001	0.0001	0.0	0.0	0.0	0.0	0.0	0.0	0.0	0.0	0.0	0.0	0.0	0.0	0.0	0.0	0.0	0.0	0.0	0.0	0.0	0.0	0.0	0.0	0.0	0.0	0.0	0.0	0.0	0.0	0.0	0.0	0.0	0.0	0.0	0.0	0.0	0.0	0.0	0.0	0.0	0.0	0.0	0.0
0.0	0.6098	0.0051	0.0051	0.0051	0.0051	0.0051	0.0036	0.0036	0.0036	0.0036	0.0036	0.0001	0.0001	0.0001	0.0001	0.0001	0.0001	0.0001	0.0001	0.0001	0.0001	0.0	0.0	0.0	0.0	0.0	0.0	0.0	0.0	0.0	0.0	0.0	0.0	0.0	0.0	0.0	0.0	0.0	0.0	0.0	0.0	0.0	0.0	0.0	0.0	0.0	0.0	0.0	0.0	0.0	0.0	0.0	0.0	0.0	0.0	0.0	0.0	0.0	0.0	0.0	0.0	0.0	0.0
0.0	0.3961	0.0032	0.0032	0.0032	0.0032	0.0032	0.0042	0.0042	0.0042	0.0042	0.0042	0.0001	0.0001	0.0001	0.0001	0.0001	0.0001	0.0001	0.0001	0.0001	0.0001	0.0001	0.0001	0.0001	0.0001	0.0001	0.0001	0.0001	0.0001	0.0001	0.0001	0.0	0.0	0.0	0.0	0.0	0.0	0.0	0.0	0.0	0.0	0.0	0.0	0.0	0.0	0.0	0.0	0.0	0.0	0.0	0.0	0.0	0.0	0.0	0.0	0.0	0.0	0.0	0.0	0.0	0.0	0.0	0.0
0.0	0.4314	0.0034	0.0034	0.0034	0.0034	0.0034	0.0041	0.0041	0.0041	0.0041	0.0041	0.0001	0.0001	0.0001	0.0001	0.0001	0.0001	0.0001	0.0001	0.0001	0.0001	0.0001	0.0001	0.0001	0.0001	0.0001	0.0001	0.0001	0.0001	0.0001	0.0001	0.0	0.0	0.0	0.0	0.0	0.0	0.0	0.0	0.0	0.0	0.0	0.0	0.0	0.0	0.0	0.0	0.0	0.0	0.0	0.0	0.0	0.0	0.0	0.0	0.0	0.0	0.0	0.0	0.0	0.0	0.0	0.0
0.0	0.5069	0.0041	0.0041	0.0041	0.0041	0.0041	0.0039	0.0039	0.0039	0.0039	0.0039	0.0001	0.0001	0.0001	0.0001	0.0001	0.0001	0.0001	0.0001	0.0001	0.0001	0.0001	0.0001	0.0001	0.0001	0.0001	0.0001	0.0001	0.0001	0.0001	0.0001	0.0	0.0	0.0	0.0	0.0	0.0	0.0	0.0	0.0	0.0	0.0	0.0	0.0	0.0	0.0	0.0	0.0	0.0	0.0	0.0	0.0	0.0	0.0	0.0	0.0	0.0	0.0	0.0	0.0	0.0	0.0	0.0
0.0	0.5069	0.0041	0.0041	0.0041	0.0041	0.0041	0.0039	0.0039	0.0039	0.0039	0.0039	0.0001	0.0001	0.0001	0.0001	0.0001	0.0001	0.0001	0.0001	0.0001	0.0001	0.0001	0.0001	0.0001	0.0001	0.0001	0.0001	0.0001	0.0001	0.0001	0.0001	0.0	0.0	0.0	0.0	0.0	0.0	0.0	0.0	0.0	0.0	0.0	0.0	0.0	0.0	0.0	0.0	0.0	0.0	0.0	0.0	0.0	0.0	0.0	0.0	0.0	0.0	0.0	0.0	0.0	0.0	0.0	0.0
0.0	0.3621	0.0029	0.0029	0.0029	0.0029	0.0029	0.0041	0.0041	0.0041	0.0041	0.0041	0.0001	0.0001	0.0001	0.0001	0.0001	0.0001	0.0001	0.0001	0.0001	0.0001	0.0001	0.0001	0.0001	0.0001	0.0001	0.0001	0.0001	0.0001	0.0001	0.0001	0.0	0.0	0.0	0.0	0.0	0.0	0.0	0.0	0.0	0.0	0.0	0.0	0.0	0.0	0.0	0.0	0.0	0.0	0.0	0.0	0.0	0.0	0.0	0.0	0.0	0.0	0.0	0.0	0.0	0.0	0.0	0.0
0.0	0.4509	0.0037	0.0037	0.0037	0.0037	0.0037	0.0042	0.0042	0.0042	0.0042	0.0042	0.0001	0.0001	0.0001	0.0001	0.0001	0.0001	0.0001	0.0001	0.0001	0.0001	0.0001	0.0001	0.0001	0.0001	0.0001	0.0001	0.0001	0.0001	0.0001	0.0001	0.0	0.0	0.0	0.0	0.0	0.0	0.0	0.0	0.0	0.0	0.0	0.0	0.0	0.0	0.0	0.0	0.0	0.0	0.0	0.0	0.0	0.0	0.0	0.0	0.0	0.0	0.0	0.0	0.0	0.0	0.0	0.0
0.0	0.7399	0.0062	0.0062	0.0062	0.0062	0.0062	0.0027	0.0027	0.0027	0.0027	0.0027	0.0	0.0	0.0	0.0	0.0	0.0	0.0	0.0	0.0	0.0	0.0	0.0	0.0	0.0	0.0	0.0	0.0	0.0	0.0	0.0	0.0	0.0	0.0	0.0	0.0	0.0	0.0	0.0	0.0	0.0	0.0	0.0	0.0	0.0	0.0	0.0	0.0	0.0	0.0	0.0	0.0	0.0	0.0	0.0	0.0	0.0	0.0	0.0	0.0	0.0	0.0	0.0
0.0	0.7399	0.0062	0.0062	0.0062	0.0062	0.0062	0.0027	0.0027	0.0027	0.0027	0.0027	0.0	0.0	0.0	0.0	0.0	0.0	0.0	0.0	0.0	0.0	0.0	0.0	0.0	0.0	0.0	0.0	0.0	0.0	0.0	0.0	0.0	0.0	0.0	0.0	0.0	0.0	0.0	0.0	0.0	0.0	0.0	0.0	0.0	0.0	0.0	0.0	0.0	0.0	0.0	0.0	0.0	0.0	0.0	0.0	0.0	0.0	0.0	0.0	0.0	0.0	0.0	0.0
0.0	0.5765	0.0045	0.0045	0.0045	0.0045	0.0045	0.0035	0.0035	0.0035	0.0035	0.0035	0.0001	0.0001	0.0001	0.0001	0.0001	0.0001	0.0001	0.0001	0.0001	0.0001	0.0	0.0	0.0	0.0	0.0	0.0	0.0	0.0	0.0	0.0	0.0	0.0	0.0	0.0	0.0	0.0	0.0	0.0	0.0	0.0	0.0	0.0	0.0	0.0	0.0	0.0	0.0	0.0	0.0	0.0	0.0	0.0	0.0	0.0	0.0	0.0	0.0	0.0	0.0	0.0	0.0	0.0
0.0	0.592	0.0046	0.0046	0.0046	0.0046	0.0046	0.0034	0.0034	0.0034	0.0034	0.0034	0.0001	0.0001	0.0001	0.0001	0.0001	0.0001	0.0001	0.0001	0.0001	0.0001	0.0	0.0	0.0	0.0	0.0	0.0	0.0	0.0	0.0	0.0	0.0	0.0	0.0	0.0	0.0	0.0	0.0	0.0	0.0	0.0	0.0	0.0	0.0	0.0	0.0	0.0	0.0	0.0	0.0	0.0	0.0	0.0	0.0	0.0	0.0	0.0	0.0	0.0	0.0	0.0	0.0	0.0
0.0	0.6502	0.0052	0.0052	0.0052	0.0052	0.0052	0.0031	0.0031	0.0031	0.0031	0.0031	0.0	0.0	0.0	0.0	0.0	0.0	0.0	0.0	0.0	0.0	0.0	0.0	0.0	0.0	0.0	0.0	0.0	0.0	0.0	0.0	0.0	0.0	0.0	0.0	0.0	0.0	0.0	0.0	0.0	0.0	0.0	0.0	0.0	0.0	0.0	0.0	0.0	0.0	0.0	0.0	0.0	0.0	0.0	0.0	0.0	0.0	0.0	0.0	0.0	0.0	0.0	0.0
0.0	0.6502	0.0052	0.0052	0.0052	0.0052	0.0052	0.0031	0.0031	0.0031	0.0031	0.0031	0.0	0.0	0.0	0.0	0.0	0.0	0.0	0.0	0.0	0.0	0.0	0.0	0.0	0.0	0.0	0.0	0.0	0.0	0.0	0.0	0.0	0.0	0.0	0.0	0.0	0.0	0.0	0.0	0.0	0.0	0.0	0.0	0.0	0.0	0.0	0.0	0.0	0.0	0.0	0.0	0.0	0.0	0.0	0.0	0.0	0.0	0.0	0.0	0.0	0.0	0.0	0.0
0.0156	0.0156	0.0156	0.0156	0.0156	0.0156	0.0156	0.0156	0.0156	0.0156	0.0156	0.0156	0.0156	0.0156	0.0156	0.0156	0.0156	0.0156	0.0156	0.0156	0.0156	0.0156	0.0156	0.0156	0.0156	0.0156	0.0156	0.0156	0.0156	0.0156	0.0156	0.0156	0.0156	0.0156	0.0156	0.0156	0.0156	0.0156	0.0156	0.0156	0.0156	0.0156	0.0156	0.0156	0.0156	0.0156	0.0156	0.0156	0.0156	0.0156	0.0156	0.0156	0.0156	0.0156	0.0156	0.0156	0.0156	0.0156	0.0156	0.0156	0.0156	0.0156	0.0156	0.0156
0.0	0.0785	0.0571	0.0381	0.0486	0.0381	0.0381	0.006	0.0056	0.0058	0.0056	0.0056	0.0035	0.0037	0.0035	0.0035	0.0033	0.0031	0.0031	0.0033	0.0033	0.0031	0.0026	0.0026	0.0026	0.0026	0.0026	0.0025	0.0025	0.0026	0.0026	0.0025	0.002	0.002	0.002	0.002	0.002	0.002	0.002	0.002	0.0019	0.002	0.0021	0.002	0.002	0.0021	0.0021	0.002	0.002	0.002	0.002	0.002	0.0017	0.0017	0.0017	0.0017	0.0017	0.0018	0.0018	0.0018	0.0018	0.0018	0.0016	0.0018
0.0	0.0028	0.0359	0.0076	0.003	0.0025	0.002	0.0018	0.0005	0.0003	0.0003	0.0003	0.0017	0.0016	0.0015	0.0015	0.0005	0.0005	0.0005	0.0003	0.0003	0.0003	0.0003	0.0003	0.0003	0.0003	0.0002	0.0002	0.0002	0.0001	0.0001	0.0001	0.0003	0.0003	0.0003	0.0002	0.0002	0.0002	0.0001	0.0001	0.0001	0.0001	0.0002	0.0002	0.0002	0.0001	0.0001	0.0001	0.0001	0.0001	0.0001	0.0001	0.0001	0.0001	0.0001	0.0001	0.0001	0.0001	0.0001	0.0001	0.0001	0.0001	0.0001	0.0002
0.0	0.023	0.0554	0.2734	0.0204	0.0198	0.1439	0.0018	0.0043	0.0009	0.0009	0.0025	0.0096	0.0016	0.0015	0.0079	0.004	0.0039	0.0062	0.0008	0.0024	0.0023	0.001	0.0005	0.0005	0.0009	0.0006	0.0006	0.0007	0.0004	0.0005	0.0005	0.0009	0.0009	0.0013	0.0004	0.0008	0.0008	0.0005	0.0006	0.0006	0.0004	0.0005	0.0005	0.0005	0.0004	0.0004	0.0004	0.0003	0.0004	0.0004	0.0003	0.0004	0.0005	0.0005	0.0004	0.0003	0.0004	0.0004	0.0004	0.0004	0.0003	0.0004	0.0004
0.0	0.0101	0.0112	0.0114	0.0112	0.0111	0.0116	0.0007	0.0007	0.0007	0.0006	0.0007	0.0007	0.0007	0.0007	0.0007	0.0007	0.0007	0.0007	0.0007	0.0007	0.0007	0.0001	0.0001	0.0001	0.0001	0.0001	0.0001	0.0001	0.0001	0.0001	0.0001	0.0001	0.0001	0.0001	0.0001	0.0001	0.0001	0.0001	0.0001	0.0001	0.0001	0.0	0.0	0.0	0.0	0.0	0.0	0.0	0.0	0.0	0.0	0.0	0.0	0.0	0.0	0.0	0.0	0.0	0.0	0.0	0.0	0.0	0.0
0.0	0.0119	0.1484	0.3001	0.0227	0.0123	0.0125	0.0023	0.0049	0.0005	0.0004	0.0004	0.007	0.0025	0.0024	0.0024	0.0051	0.005	0.0051	0.0005	0.0005	0.0004	0.0003	0.0001	0.0001	0.0001	0.0003	0.0003	0.0003	0.0	0.0	0.0	0.0003	0.0003	0.0004	0.0001	0.0001	0.0001	0.0003	0.0003	0.0003	0.0	0.0	0.0	0.0	0.0	0.0	0.0	0.0	0.0	0.0	0.0	0.0	0.0	0.0	0.0	0.0	0.0	0.0	0.0	0.0	0.0	0.0	0.0
0.0	0.0044	0.3955	0.0125	0.0047	0.0044	0.0044	0.0049	0.0003	0.0001	0.0001	0.0001	0.0071	0.005	0.0049	0.0049	0.0003	0.0003	0.0003	0.0001	0.0001	0.0001	0.0002	0.0001	0.0001	0.0001	0.0	0.0	0.0	0.0	0.0	0.0	0.0002	0.0002	0.0002	0.0001	0.0001	0.0001	0.0	0.0	0.0	0.0	0.0	0.0	0.0	0.0	0.0	0.0	0.0	0.0	0.0	0.0	0.0	0.0	0.0	0.0	0.0	0.0	0.0	0.0	0.0	0.0	0.0	0.0
0.0	0.0076	0.5523	0.0301	0.0083	0.0756	0.0077	0.0038	0.0004	0.0001	0.0006	0.0001	0.0068	0.0039	0.0055	0.0038	0.0004	0.0036	0.0004	0.0007	0.0001	0.0006	0.0002	0.0001	0.0001	0.0001	0.0	0.0001	0.0	0.0	0.0	0.0	0.0002	0.0003	0.0002	0.0001	0.0001	0.0001	0.0001	0.0	0.0001	0.0	0.0	0.0	0.0	0.0	0.0	0.0	0.0	0.0	0.0	0.0	0.0	0.0	0.0	0.0	0.0	0.0	0.0	0.0	0.0	0.0	0.0	0.0
0.0	0.0201	0.7527	0.0213	0.021	0.0671	0.0215	0.0079	0.0005	0.0005	0.0007	0.0005	0.0084	0.0083	0.0085	0.0085	0.0005	0.0008	0.0005	0.0007	0.0005	0.0008	0.0004	0.0004	0.0004	0.0004	0.0001	0.0001	0.0001	0.0001	0.0001	0.0001	0.0004	0.0004	0.0004	0.0004	0.0004	0.0004	0.0001	0.0001	0.0001	0.0001	0.0001	0.0001	0.0001	0.0001	0.0001	0.0001	0.0	0.0	0.0	0.0	0.0001	0.0001	0.0001	0.0001	0.0	0.0	0.0	0.0	0.0	0.0	0.0	0.0
0.0	0.0043	0.3671	0.0186	0.0185	0.0048	0.0044	0.0043	0.0003	0.0003	0.0001	0.0001	0.0048	0.0048	0.0044	0.0044	0.0004	0.0003	0.0003	0.0003	0.0003	0.0001	0.0001	0.0001	0.0001	0.0001	0.0	0.0	0.0	0.0	0.0	0.0	0.0002	0.0001	0.0001	0.0001	0.0001	0.0001	0.0	0.0	0.0	0.0	0.0	0.0	0.0	0.0	0.0	0.0	0.0	0.0	0.0	0.0	0.0	0.0	0.0	0.0	0.0	0.0	0.0	0.0	0.0	0.0	0.0	0.0
0.0	0.0046	0.0784	0.3829	0.0074	0.0047	0.0046	0.001	0.004	0.0001	0.0001	0.0001	0.0208	0.0011	0.001	0.001	0.0046	0.004	0.004	0.0001	0.0001	0.0001	0.0006	0.0	0.0	0.0	0.0001	0.0001	0.0001	0.0	0.0	0.0	0.0006	0.0006	0.0006	0.0	0.0	0.0	0.0001	0.0001	0.0001	0.0	0.0	0.0	0.0	0.0	0.0	0.0	0.0	0.0	0.0	0.0	0.0	0.0	0.0	0.0	0.0	0.0	0.0	0.0	0.0	0.0	0.0	0.0
0.0	0.0079	0.5283	0.1452	0.008	0.0095	0.0081	0.003	0.0009	0.0001	0.0001	0.0001	0.0078	0.003	0.0031	0.003	0.0009	0.001	0.0009	0.0001	0.0001	0.0001	0.0002	0.0001	0.0001	0.0001	0.0	0.0	0.0	0.0	0.0	0.0	0.0002	0.0002	0.0002	0.0001	0.0001	0.0001	0.0	0.0	0.0	0.0	0.0	0.0	0.0	0.0	0.0	0.0	0.0	0.0	0.0	0.0	0.0	0.0	0.0	0.0	0.0	0.0	0.0	0.0	0.0	0.0	0.0	0.0
0.0	0.003	0.0228	0.294	0.0249	0.0032	0.0031	0.0004	0.0038	0.0004	0.0001	0.0001	0.0064	0.0016	0.0004	0.0004	0.0043	0.0038	0.0038	0.0004	0.0004	0.0001	0.0002	0.0001	0.0	0.0	0.0001	0.0001	0.0001	0.0	0.0	0.0	0.0003	0.0002	0.0002	0.0001	0.0001	0.0	0.0001	0.0001	0.0001	0.0	0.0	0.0	0.0	0.0	0.0	0.0	0.0	0.0	0.0	0.0	0.0	0.0	0.0	0.0	0.0	0.0	0.0	0.0	0.0	0.0	0.0	0.0
0.0	0.0066	0.7558	0.0094	0.0067	0.0067	0.0067	0.0028	0.0001	0.0	0.0	0.0	0.004	0.0028	0.0028	0.0028	0.0001	0.0001	0.0001	0.0	0.0	0.0	0.0001	0.0	0.0	0.0	0.0	0.0	0.0	0.0	0.0	0.0	0.0001	0.0001	0.0001	0.0	0.0	0.0	0.0	0.0	0.0	0.0	0.0	0.0	0.0	0.0	0.0	0.0	0.0	0.0	0.0	0.0	0.0	0.0	0.0	0.0	0.0	0.0	0.0	0.0	0.0	0.0	0.0	0.0
0.0	0.0074	0.3625	0.5164	0.0075	0.0075	0.0075	0.0007	0.001	0.0	0.0	0.0	0.0393	0.0007	0.0007	0.0007	0.001	0.001	0.001	0.0	0.0	0.0	0.0003	0.0	0.0	0.0	0.0	0.0	0.0	0.0	0.0	0.0	0.0003	0.0003	0.0003	0.0	0.0	0.0	0.0	0.0	0.0	0.0	0.0	0.0	0.0	0.0	0.0	0.0	0.0	0.0	0.0	0.0	0.0	0.0	0.0	0.0	0.0	0.0	0.0	0.0	0.0	0.0	0.0	0.0
0.0	0.0036	0.0903	0.128	0.2277	0.0036	0.0036	0.0009	0.0012	0.0021	0.0001	0.0001	0.0043	0.0062	0.0009	0.0009	0.0082	0.0012	0.0012	0.0021	0.0021	0.0001	0.0001	0.0001	0.0	0.0	0.0002	0.0	0.0	0.0	0.0	0.0	0.001	0.0001	0.0001	0.0001	0.0001	0.0	0.0002	0.0002	0.0	0.0	0.0001	0.0	0.0	0.0	0.0	0.0	0.0	0.0	0.0	0.0	0.0001	0.0001	0.0	0.0	0.0	0.0	0.0	0.0	0.0	0.0	0.0	0.0
0.0	0.0076	0.0157	0.015	0.794	0.0129	0.0076	0.0001	0.0001	0.0026	0.0	0.0	0.0004	0.0052	0.0001	0.0001	0.0063	0.0001	0.0001	0.0026	0.0026	0.0	0.0	0.0001	0.0	0.0	0.0001	0.0	0.0	0.0	0.0	0.0	0.0004	0.0	0.0	0.0001	0.0001	0.0	0.0001	0.0001	0.0	0.0	0.0	0.0	0.0	0.0	0.0	0.0	0.0	0.0	0.0	0.0	0.0	0.0	0.0	0.0	0.0	0.0	0.0	0.0	0.0	0.0	0.0	0.0
0.0	0.0073	0.0079	0.0081	0.8818	0.0074	0.0073	0.0	0.0	0.0013	0.0	0.0	0.0001	0.0018	0.0	0.0	0.0021	0.0	0.0	0.0013	0.0013	0.0	0.0	0.0	0.0	0.0	0.0	0.0	0.0	0.0	0.0	0.0	0.0	0.0	0.0	0.0	0.0	0.0	0.0	0.0	0.0	0.0	0.0	0.0	0.0	0.0	0.0	0.0	0.0	0.0	0.0	0.0	0.0	0.0	0.0	0.0	0.0	0.0	0.0	0.0	0.0	0.0	0.0	0.0
0.0	0.0077	0.0127	0.015	0.8055	0.0132	0.0077	0.0001	0.0001	0.0026	0.0	0.0	0.0004	0.0051	0.0001	0.0001	0.0063	0.0001	0.0001	0.0026	0.0026	0.0	0.0	0.0001	0.0	0.0	0.0001	0.0	0.0	0.0	0.0	0.0	0.0004	0.0	0.0	0.0001	0.0001	0.0	0.0001	0.0001	0.0	0.0	0.0	0.0	0.0	0.0	0.0	0.0	0.0	0.0	0.0	0.0	0.0	0.0	0.0	0.0	0.0	0.0	0.0	0.0	0.0	0.0	0.0	0.0
0.0	0.0075	0.0082	0.0085	0.899	0.0194	0.0075	0.0	0.0	0.001	0.0	0.0	0.0	0.0015	0.0	0.0	0.0017	0.0	0.0	0.001	0.001	0.0	0.0	0.0	0.0	0.0	0.0	0.0	0.0	0.0	0.0	0.0	0.0	0.0	0.0	0.0	0.0	0.0	0.0	0.0	0.0	0.0	0.0	0.0	0.0	0.0	0.0	0.0	0.0	0.0	0.0	0.0	0.0	0.0	0.0	0.0	0.0	0.0	0.0	0.0	0.0	0.0	0.0	0.0
0.0	0.0075	0.0076	0.0076	0.9405	0.0076	0.0075	0.0	0.0	0.0004	0.0	0.0	0.0	0.0005	0.0	0.0	0.0006	0.0	0.0	0.0004	0.0004	0.0	0.0	0.0	0.0	0.0	0.0	0.0	0.0	0.0	0.0	0.0	0.0	0.0	0.0	0.0	0.0	0.0	0.0	0.0	0.0	0.0	0.0	0.0	0.0	0.0	0.0	0.0	0.0	0.0	0.0	0.0	0.0	0.0	0.0	0.0	0.0	0.0	0.0	0.0	0.0	0.0	0.0	0.0
0.0	0.0075	0.0123	0.0084	0.8944	0.0075	0.0075	0.0	0.0	0.0011	0.0	0.0	0.0001	0.0017	0.0	0.0	0.0019	0.0	0.0	0.0011	0.0011	0.0	0.0	0.0	0.0	0.0	0.0	0.0	0.0	0.0	0.0	0.0	0.0	0.0	0.0	0.0	0.0	0.0	0.0	0.0	0.0	0.0	0.0	0.0	0.0	0.0	0.0	0.0	0.0	0.0	0.0	0.0	0.0	0.0	0.0	0.0	0.0	0.0	0.0	0.0	0.0	0.0	0.0	0.0
0.0	0.0076	0.0078	0.0078	0.9597	0.0076	0.0076	0.0	0.0	0.0002	0.0	0.0	0.0	0.0003	0.0	0.0	0.0004	0.0	0.0	0.0002	0.0002	0.0	0.0	0.0	0.0	0.0	0.0	0.0	0.0	0.0	0.0	0.0	0.0	0.0	0.0	0.0	0.0	0.0	0.0	0.0	0.0	0.0	0.0	0.0	0.0	0.0	0.0	0.0	0.0	0.0	0.0	0.0	0.0	0.0	0.0	0.0	0.0	0.0	0.0	0.0	0.0	0.0	0.0	0.0
0.0	0.0438	0.0544	0.0527	0.0516	0.0515	0.0522	0.0014	0.0014	0.0014	0.0014	0.0014	0.0016	0.0016	0.0016	0.0016	0.0015	0.0015	0.0015	0.0015	0.0015	0.0015	0.0001	0.0001	0.0001	0.0001	0.0001	0.0001	0.0001	0.0001	0.0001	0.0001	0.0002	0.0002	0.0002	0.0001	0.0001	0.0001	0.0001	0.0001	0.0001	0.0001	0.0001	0.0001	0.0001	0.0001	0.0001	0.0001	0.0001	0.0001	0.0001	0.0001	0.0001	0.0001	0.0001	0.0001	0.0001	0.0001	0.0001	0.0001	0.0001	0.0001	0.0001	0.0001
0.0	0.7797	0.018	0.0176	0.0173	0.0173	0.0174	0.0056	0.0054	0.0053	0.0053	0.0053	0.0003	0.0003	0.0003	0.0003	0.0003	0.0003	0.0003	0.0003	0.0003	0.0003	0.0003	0.0002	0.0002	0.0003	0.0002	0.0002	0.0002	0.0002	0.0002	0.0002	0.0001	0.0001	0.0001	0.0001	0.0001	0.0001	0.0001	0.0001	0.0001	0.0001	0.0001	0.0001	0.0001	0.0001	0.0001	0.0001	0.0001	0.0001	0.0001	0.0001	0.0001	0.0001	0.0001	0.0001	0.0001	0.0001	0.0001	0.0001	0.0001	0.0001	0.0001	0.0001
0.0	0.5525	0.0068	0.005	0.005	0.005	0.005	0.0042	0.0041	0.0041	0.0041	0.0041	0.0001	0.0001	0.0001	0.0001	0.0001	0.0001	0.0001	0.0001	0.0001	0.0001	0.0001	0.0001	0.0001	0.0001	0.0001	0.0001	0.0001	0.0001	0.0001	0.0001	0.0	0.0	0.0	0.0	0.0	0.0	0.0	0.0	0.0	0.0	0.0	0.0	0.0	0.0	0.0	0.0	0.0	0.0	0.0	0.0	0.0	0.0	0.0	0.0	0.0	0.0	0.0	0.0	0.0	0.0	0.0	0.0
0.0	0.0566	0.0012	0.001	0.0569	0.001	0.001	0.0015	0.0015	0.0103	0.0015	0.0015	0.0001	0.0015	0.0001	0.0001	0.0015	0.0001	0.0001	0.0015	0.0015	0.0001	0.0001	0.0006	0.0001	0.0001	0.0006	0.0001	0.0001	0.0006	0.0006	0.0001	0.0001	0.0	0.0	0.0001	0.0001	0.0	0.0001	0.0001	0.0	0.0001	0.0001	0.0	0.0	0.0001	0.0001	0.0	0.0001	0.0001	0.0	0.0001	0.0	0.0	0.0	0.0	0.0	0.0	0.0	0.0	0.0	0.0	0.0	0.0
0.0	0.0662	0.1133	0.0026	0.0671	0.0026	0.0026	0.0259	0.0017	0.0076	0.0017	0.0017	0.0024	0.0266	0.0024	0.0024	0.0018	0.0001	0.0001	0.0018	0.0018	0.0001	0.0014	0.006	0.0014	0.0014	0.0006	0.0001	0.0001	0.0006	0.0006	0.0001	0.0014	0.0001	0.0001	0.0014	0.0014	0.0001	0.0001	0.0001	0.0	0.0001	0.0006	0.0001	0.0001	0.0006	0.0006	0.0001	0.0001	0.0001	0.0	0.0001	0.0001	0.0001	0.0	0.0001	0.0	0.0001	0.0001	0.0	0.0001	0.0	0.0	0.0
0.0	0.1026	0.1383	0.0022	0.0022	0.0022	0.0022	0.0181	0.0018	0.0018	0.0018	0.0018	0.0024	0.0024	0.0024	0.0024	0.0001	0.0001	0.0001	0.0001	0.0001	0.0001	0.0007	0.0007	0.0007	0.0007	0.0001	0.0001	0.0001	0.0001	0.0001	0.0001	0.0001	0.0001	0.0001	0.0001	0.0001	0.0001	0.0	0.0	0.0	0.0	0.0	0.0	0.0	0.0	0.0	0.0	0.0	0.0	0.0	0.0	0.0	0.0	0.0	0.0	0.0	0.0	0.0	0.0	0.0	0.0	0.0	0.0
0.0	0.0573	0.0767	0.0024	0.1107	0.0024	0.0024	0.0061	0.0012	0.018	0.0012	0.0012	0.0016	0.0235	0.0016	0.0016	0.0022	0.0001	0.0001	0.0022	0.0022	0.0001	0.0004	0.0042	0.0004	0.0004	0.0008	0.0001	0.0001	0.0008	0.0008	0.0001	0.0011	0.0001	0.0001	0.0011	0.0011	0.0001	0.0001	0.0001	0.0	0.0001	0.0004	0.0001	0.0001	0.0004	0.0004	0.0001	0.0001	0.0001	0.0	0.0001	0.0001	0.0001	0.0	0.0001	0.0	0.0001	0.0001	0.0	0.0001	0.0	0.0	0.0
0.0	0.0297	0.0372	0.0083	0.7337	0.0083	0.0083	0.0026	0.0006	0.0221	0.0006	0.0006	0.0007	0.0285	0.0007	0.0007	0.0035	0.0001	0.0001	0.0035	0.0035	0.0001	0.0002	0.0026	0.0002	0.0002	0.0006	0.0	0.0	0.0006	0.0006	0.0	0.0007	0.0	0.0	0.0007	0.0007	0.0	0.0001	0.0001	0.0	0.0001	0.0002	0.0	0.0	0.0002	0.0002	0.0	0.0	0.0	0.0	0.0	0.0001	0.0001	0.0	0.0	0.0	0.0	0.0	0.0	0.0	0.0	0.0	0.0
0.0	0.0668	0.0886	0.0038	0.0856	0.0037	0.0038	0.0068	0.0013	0.0065	0.0013	0.0013	0.0017	0.0031	0.0017	0.0017	0.0016	0.0002	0.0002	0.0016	0.0016	0.0002	0.0004	0.0006	0.0003	0.0003	0.0003	0.0001	0.0001	0.0003	0.0003	0.0001	0.0002	0.0001	0.0001	0.0002	0.0002	0.0001	0.0001	0.0001	0.0001	0.0001	0.0001	0.0001	0.0001	0.0001	0.0001	0.0001	0.0001	0.0001	0.0	0.0001	0.0001	0.0001	0.0	0.0001	0.0	0.0001	0.0001	0.0	0.0001	0.0	0.0	0.0
0.0	0.1521	0.0055	0.0018	0.0053	0.0018	0.0018	0.0057	0.0035	0.0056	0.0035	0.0035	0.0002	0.0003	0.0002	0.0002	0.0002	0.0001	0.0001	0.0002	0.0002	0.0001	0.0003	0.0004	0.0003	0.0003	0.0003	0.0002	0.0002	0.0003	0.0003	0.0002	0.0	0.0	0.0	0.0	0.0	0.0	0.0	0.0	0.0	0.0	0.0001	0.0	0.0	0.0001	0.0001	0.0	0.0	0.0	0.0	0.0	0.0	0.0	0.0	0.0	0.0	0.0	0.0	0.0	0.0	0.0	0.0	0.0
0.0	0.3525	0.1648	0.0065	0.0152	0.0064	0.0064	0.0097	0.0033	0.0074	0.0033	0.0033	0.0016	0.002	0.0016	0.0016	0.0003	0.0001	0.0001	0.0003	0.0003	0.0001	0.0003	0.0005	0.0003	0.0003	0.0002	0.0001	0.0001	0.0002	0.0002	0.0001	0.0001	0.0001	0.0001	0.0001	0.0001	0.0001	0.0	0.0	0.0	0.0	0.0001	0.0	0.0	0.0001	0.0001	0.0	0.0	0.0	0.0	0.0	0.0	0.0	0.0	0.0	0.0	0.0	0.0	0.0	0.0	0.0	0.0	0.0
0.0	0.2994	0.0048	0.0028	0.0035	0.0028	0.0028	0.0054	0.0044	0.005	0.0044	0.0044	0.0001	0.0001	0.0001	0.0001	0.0001	0.0001	0.0001	0.0001	0.0001	0.0001	0.0002	0.0002	0.0002	0.0002	0.0002	0.0001	0.0001	0.0002	0.0002	0.0001	0.0	0.0	0.0	0.0	0.0	0.0	0.0	0.0	0.0	0.0	0.0	0.0	0.0	0.0	0.0	0.0	0.0	0.0	0.0	0.0	0.0	0.0	0.0	0.0	0.0	0.0	0.0	0.0	0.0	0.0	0.0	0.0
0.0	0.5752	0.0063	0.006	0.0062	0.006	0.006	0.0051	0.0047	0.0049	0.0047	0.0047	0.0001	0.0001	0.0001	0.0001	0.0001	0.0001	0.0001	0.0001	0.0001	0.0001	0.0001	0.0001	0.0001	0.0001	0.0001	0.0001	0.0001	0.0001	0.0001	0.0001	0.0	0.0	0.0	0.0	0.0	0.0	0.0	0.0	0.0	0.0	0.0	0.0	0.0	0.0	0.0	0.0	0.0	0.0	0.0	0.0	0.0	0.0	0.0	0.0	0.0	0.0	0.0	0.0	0.0	0.0	0.0	0.0
0.0	0.4023	0.0065	0.0038	0.0047	0.0038	0.0038	0.0059	0.0046	0.0054	0.0046	0.0046	0.0001	0.0002	0.0001	0.0001	0.0001	0.0001	0.0001	0.0001	0.0001	0.0001	0.0002	0.0002	0.0002	0.0002	0.0001	0.0001	0.0001	0.0001	0.0001	0.0001	0.0	0.0	0.0	0.0	0.0	0.0	0.0	0.0	0.0	0.0	0.0	0.0	0.0	0.0	0.0	0.0	0.0	0.0	0.0	0.0	0.0	0.0	0.0	0.0	0.0	0.0	0.0	0.0	0.0	0.0	0.0	0.0
0.0	0.6361	0.0066	0.0062	0.0064	0.0062	0.0062	0.0045	0.0042	0.0044	0.0042	0.0042	0.0001	0.0001	0.0001	0.0001	0.0001	0.0001	0.0001	0.0001	0.0001	0.0001	0.0001	0.0001	0.0001	0.0001	0.0001	0.0001	0.0001	0.0001	0.0001	0.0001	0.0	0.0	0.0	0.0	0.0	0.0	0.0	0.0	0.0	0.0	0.0	0.0	0.0	0.0	0.0	0.0	0.0	0.0	0.0	0.0	0.0	0.0	0.0	0.0	0.0	0.0	0.0	0.0	0.0	0.0	0.0	0.0
0.0	0.6609	0.006	0.0059	0.0059	0.0059	0.0059	0.0036	0.0036	0.0036	0.0036	0.0036	0.0001	0.0001	0.0001	0.0001	0.0001	0.0001	0.0001	0.0001	0.0001	0.0001	0.0	0.0	0.0	0.0	0.0	0.0	0.0	0.0	0.0	0.0	0.0	0.0	0.0	0.0	0.0	0.0	0.0	0.0	0.0	0.0	0.0	0.0	0.0	0.0	0.0	0.0	0.0	0.0	0.0	0.0	0.0	0.0	0.0	0.0	0.0	0.0	0.0	0.0	0.0	0.0	0.0	0.0
0.0	0.9262	0.0081	0.0081	0.0081	0.0081	0.0081	0.0012	0.0012	0.0012	0.0012	0.0012	0.0	0.0	0.0	0.0	0.0	0.0	0.0	0.0	0.0	0.0	0.0	0.0	0.0	0.0	0.0	0.0	0.0	0.0	0.0	0.0	0.0	0.0	0.0	0.0	0.0	0.0	0.0	0.0	0.0	0.0	0.0	0.0	0.0	0.0	0.0	0.0	0.0	0.0	0.0	0.0	0.0	0.0	0.0	0.0	0.0	0.0	0.0	0.0	0.0	0.0	0.0	0.0
0.0	0.8343	0.0067	0.0066	0.0066	0.0066	0.0066	0.0016	0.0016	0.0016	0.0016	0.0016	0.0	0.0	0.0	0.0	0.0	0.0	0.0	0.0	0.0	0.0	0.0	0.0	0.0	0.0	0.0	0.0	0.0	0.0	0.0	0.0	0.0	0.0	0.0	0.0	0.0	0.0	0.0	0.0	0.0	0.0	0.0	0.0	0.0	0.0	0.0	0.0	0.0	0.0	0.0	0.0	0.0	0.0	0.0	0.0	0.0	0.0	0.0	0.0	0.0	0.0	0.0	0.0
0.0	0.9005	0.0081	0.008	0.0081	0.008	0.008	0.0017	0.0016	0.0017	0.0016	0.0016	0.0	0.0	0.0	0.0	0.0	0.0	0.0	0.0	0.0	0.0	0.0	0.0	0.0	0.0	0.0	0.0	0.0	0.0	0.0	0.0	0.0	0.0	0.0	0.0	0.0	0.0	0.0	0.0	0.0	0.0	0.0	0.0	0.0	0.0	0.0	0.0	0.0	0.0	0.0	0.0	0.0	0.0	0.0	0.0	0.0	0.0	0.0	0.0	0.0	0.0	0.0	0.0
0.0	0.9502	0.0077	0.0077	0.0077	0.0077	0.0077	0.0004	0.0004	0.0004	0.0004	0.0004	0.0	0.0	0.0	0.0	0.0	0.0	0.0	0.0	0.0	0.0	0.0	0.0	0.0	0.0	0.0	0.0	0.0	0.0	0.0	0.0	0.0	0.0	0.0	0.0	0.0	0.0	0.0	0.0	0.0	0.0	0.0	0.0	0.0	0.0	0.0	0.0	0.0	0.0	0.0	0.0	0.0	0.0	0.0	0.0	0.0	0.0	0.0	0.0	0.0	0.0	0.0	0.0
0.0	0.7228	0.0056	0.0056	0.0056	0.0056	0.0056	0.0025	0.0025	0.0025	0.0025	0.0025	0.0	0.0	0.0	0.0	0.0	0.0	0.0	0.0	0.0	0.0	0.0	0.0	0.0	0.0	0.0	0.0	0.0	0.0	0.0	0.0	0.0	0.0	0.0	0.0	0.0	0.0	0.0	0.0	0.0	0.0	0.0	0.0	0.0	0.0	0.0	0.0	0.0	0.0	0.0	0.0	0.0	0.0	0.0	0.0	0.0	0.0	0.0	0.0	0.0	0.0	0.0	0.0
0.0	0.851	0.0071	0.0071	0.0071	0.0071	0.0071	0.0017	0.0017	0.0017	0.0017	0.0017	0.0	0.0	0.0	0.0	0.0	0.0	0.0	0.0	0.0	0.0	0.0	0.0	0.0	0.0	0.0	0.0	0.0	0.0	0.0	0.0	0.0	0.0	0.0	0.0	0.0	0.0	0.0	0.0	0.0	0.0	0.0	0.0	0.0	0.0	0.0	0.0	0.0	0.0	0.0	0.0	0.0	0.0	0.0	0.0	0.0	0.0	0.0	0.0	0.0	0.0	0.0	0.0
0.0	0.8969	0.0073	0.0073	0.0073	0.0073	0.0073	0.001	0.001	0.001	0.001	0.001	0.0	0.0	0.0	0.0	0.0	0.0	0.0	0.0	0.0	0.0	0.0	0.0	0.0	0.0	0.0	0.0	0.0	0.0	0.0	0.0	0.0	0.0	0.0	0.0	0.0	0.0	0.0	0.0	0.0	0.0	0.0	0.0	0.0	0.0	0.0	0.0	0.0	0.0	0.0	0.0	0.0	0.0	0.0	0.0	0.0	0.0	0.0	0.0	0.0	0.0	0.0	0.0
0.0	0.8876	0.007	0.007	0.007	0.007	0.007	0.001	0.001	0.001	0.001	0.001	0.0	0.0	0.0	0.0	0.0	0.0	0.0	0.0	0.0	0.0	0.0	0.0	0.0	0.0	0.0	0.0	0.0	0.0	0.0	0.0	0.0	0.0	0.0	0.0	0.0	0.0	0.0	0.0	0.0	0.0	0.0	0.0	0.0	0.0	0.0	0.0	0.0	0.0	0.0	0.0	0.0	0.0	0.0	0.0	0.0	0.0	0.0	0.0	0.0	0.0	0.0	0.0
0.0	0.9371	0.0073	0.0073	0.0073	0.0073	0.0073	0.0004	0.0004	0.0004	0.0004	0.0004	0.0	0.0	0.0	0.0	0.0	0.0	0.0	0.0	0.0	0.0	0.0	0.0	0.0	0.0	0.0	0.0	0.0	0.0	0.0	0.0	0.0	0.0	0.0	0.0	0.0	0.0	0.0	0.0	0.0	0.0	0.0	0.0	0.0	0.0	0.0	0.0	0.0	0.0	0.0	0.0	0.0	0.0	0.0	0.0	0.0	0.0	0.0	0.0	0.0	0.0	0.0	0.0
0.0	0.7739	0.006	0.006	0.006	0.006	0.006	0.002	0.002	0.002	0.002	0.002	0.0	0.0	0.0	0.0	0.0	0.0	0.0	0.0	0.0	0.0	0.0	0.0	0.0	0.0	0.0	0.0	0.0	0.0	0.0	0.0	0.0	0.0	0.0	0.0	0.0	0.0	0.0	0.0	0.0	0.0	0.0	0.0	0.0	0.0	0.0	0.0	0.0	0.0	0.0	0.0	0.0	0.0	0.0	0.0	0.0	0.0	0.0	0.0	0.0	0.0	0.0	0.0
0.0	0.8799	0.0072	0.0072	0.0072	0.0072	0.0072	0.0013	0.0013	0.0013	0.0013	0.0013	0.0	0.0	0.0	0.0	0.0	0.0	0.0	0.0	0.0	0.0	0.0	0.0	0.0	0.0	0.0	0.0	0.0	0.0	0.0	0.0	0.0	0.0	0.0	0.0	0.0	0.0	0.0	0.0	0.0	0.0	0.0	0.0	0.0	0.0	0.0	0.0	0.0	0.0	0.0	0.0	0.0	0.0	0.0	0.0	0.0	0.0	0.0	0.0	0.0	0.0	0.0	0.0
0.0	0.7982	0.0064	0.0064	0.0064	0.0064	0.0064	0.0019	0.0019	0.0019	0.0019	0.0019	0.0	0.0	0.0	0.0	0.0	0.0	0.0	0.0	0.0	0.0	0.0	0.0	0.0	0.0	0.0	0.0	0.0	0.0	0.0	0.0	0.0	0.0	0.0	0.0	0.0	0.0	0.0	0.0	0.0	0.0	0.0	0.0	0.0	0.0	0.0	0.0	0.0	0.0	0.0	0.0	0.0	0.0	0.0	0.0	0.0	0.0	0.0	0.0	0.0	0.0	0.0	0.0
0.0	0.741	0.0061	0.0061	0.0061	0.0061	0.0061	0.0026	0.0026	0.0026	0.0026	0.0026	0.0	0.0	0.0	0.0	0.0	0.0	0.0	0.0	0.0	0.0	0.0	0.0	0.0	0.0	0.0	0.0	0.0	0.0	0.0	0.0	0.0	0.0	0.0	0.0	0.0	0.0	0.0	0.0	0.0	0.0	0.0	0.0	0.0	0.0	0.0	0.0	0.0	0.0	0.0	0.0	0.0	0.0	0.0	0.0	0.0	0.0	0.0	0.0	0.0	0.0	0.0	0.0
0.0	0.0322	0.0818	0.0031	0.0202	0.0031	0.0031	0.0029	0.0009	0.0013	0.0009	0.0009	0.0022	0.0026	0.0022	0.0022	0.0006	0.0002	0.0002	0.0006	0.0006	0.0002	0.0002	0.0002	0.0002	0.0002	0.0001	0.0001	0.0001	0.0001	0.0001	0.0001	0.0002	0.0001	0.0001	0.0002	0.0002	0.0001	0.0	0.0	0.0	0.0	0.0	0.0	0.0	0.0	0.0	0.0	0.0	0.0	0.0	0.0	0.0	0.0	0.0	0.0	0.0	0.0	0.0	0.0	0.0	0.0	0.0	0.0
0.0	0.608	0.0263	0.0082	0.0121	0.0081	0.0081	0.0123	0.0056	0.007	0.0055	0.0056	0.0005	0.0006	0.0005	0.0005	0.0002	0.0002	0.0002	0.0002	0.0002	0.0002	0.0004	0.0005	0.0004	0.0004	0.0002	0.0002	0.0002	0.0002	0.0002	0.0002	0.0	0.0	0.0	0.0	0.0	0.0	0.0	0.0	0.0	0.0	0.0001	0.0	0.0	0.0	0.0	0.0	0.0	0.0	0.0	0.0	0.0	0.0	0.0	0.0	0.0	0.0	0.0	0.0	0.0	0.0	0.0	0.0
0.0	0.2967	0.0034	0.0028	0.0029	0.0028	0.0028	0.005	0.0044	0.0045	0.0044	0.0044	0.0001	0.0001	0.0001	0.0001	0.0001	0.0001	0.0001	0.0001	0.0001	0.0001	0.0002	0.0002	0.0002	0.0002	0.0001	0.0001	0.0001	0.0001	0.0001	0.0001	0.0	0.0	0.0	0.0	0.0	0.0	0.0	0.0	0.0	0.0	0.0	0.0	0.0	0.0	0.0	0.0	0.0	0.0	0.0	0.0	0.0	0.0	0.0	0.0	0.0	0.0	0.0	0.0	0.0	0.0	0.0	0.0
0.0	0.7115	0.0076	0.0074	0.0074	0.0074	0.0074	0.0044	0.0042	0.0042	0.0042	0.0042	0.0001	0.0001	0.0001	0.0001	0.0001	0.0001	0.0001	0.0001	0.0001	0.0001	0.0001	0.0001	0.0001	0.0001	0.0001	0.0001	0.0001	0.0001	0.0001	0.0001	0.0	0.0	0.0	0.0	0.0	0.0	0.0	0.0	0.0	0.0	0.0	0.0	0.0	0.0	0.0	0.0	0.0	0.0	0.0	0.0	0.0	0.0	0.0	0.0	0.0	0.0	0.0	0.0	0.0	0.0	0.0	0.0
0.0	0.7063	0.0076	0.0073	0.0074	0.0073	0.0073	0.0044	0.0042	0.0042	0.0042	0.0042	0.0001	0.0001	0.0001	0.0001	0.0001	0.0001	0.0001	0.0001	0.0001	0.0001	0.0001	0.0001	0.0001	0.0001	0.0001	0.0001	0.0001	0.0001	0.0001	0.0001	0.0	0.0	0.0	0.0	0.0	0.0	0.0	0.0	0.0	0.0	0.0	0.0	0.0	0.0	0.0	0.0	0.0	0.0	0.0	0.0	0.0	0.0	0.0	0.0	0.0	0.0	0.0	0.0	0.0	0.0	0.0	0.0
0.0	0.9044	0.0105	0.0085	0.0089	0.0085	0.0085	0.0037	0.0019	0.0023	0.0019	0.0019	0.0001	0.0001	0.0001	0.0001	0.0	0.0	0.0	0.0	0.0	0.0	0.0001	0.0001	0.0001	0.0001	0.0	0.0	0.0	0.0	0.0	0.0	0.0	0.0	0.0	0.0	0.0	0.0	0.0	0.0	0.0	0.0	0.0	0.0	0.0	0.0	0.0	0.0	0.0	0.0	0.0	0.0	0.0	0.0	0.0	0.0	0.0	0.0	0.0	0.0	0.0	0.0	0.0	0.0
0.0	0.6236	0.0053	0.0051	0.0051	0.0051	0.0051	0.0036	0.0034	0.0034	0.0034	0.0034	0.0001	0.0001	0.0001	0.0001	0.0001	0.0001	0.0001	0.0001	0.0001	0.0001	0.0	0.0	0.0	0.0	0.0	0.0	0.0	0.0	0.0	0.0	0.0	0.0	0.0	0.0	0.0	0.0	0.0	0.0	0.0	0.0	0.0	0.0	0.0	0.0	0.0	0.0	0.0	0.0	0.0	0.0	0.0	0.0	0.0	0.0	0.0	0.0	0.0	0.0	0.0	0.0	0.0	0.0
0.0	0.6465	0.0057	0.0056	0.0056	0.0056	0.0056	0.0036	0.0035	0.0035	0.0035	0.0035	0.0001	0.0001	0.0001	0.0001	0.0001	0.0001	0.0001	0.0001	0.0001	0.0001	0.0	0.0	0.0	0.0	0.0	0.0	0.0	0.0	0.0	0.0	0.0	0.0	0.0	0.0	0.0	0.0	0.0	0.0	0.0	0.0	0.0	0.0	0.0	0.0	0.0	0.0	0.0	0.0	0.0	0.0	0.0	0.0	0.0	0.0	0.0	0.0	0.0	0.0	0.0	0.0	0.0	0.0
0.0	0.6968	0.0061	0.0061	0.0061	0.0061	0.0061	0.0033	0.0032	0.0032	0.0032	0.0032	0.0	0.0	0.0	0.0	0.0	0.0	0.0	0.0	0.0	0.0	0.0	0.0	0.0	0.0	0.0	0.0	0.0	0.0	0.0	0.0	0.0	0.0	0.0	0.0	0.0	0.0	0.0	0.0	0.0	0.0	0.0	0.0	0.0	0.0	0.0	0.0	0.0	0.0	0.0	0.0	0.0	0.0	0.0	0.0	0.0	0.0	0.0	0.0	0.0	0.0	0.0	0.0
0.0	0.8263	0.0071	0.0071	0.0071	0.0071	0.0071	0.0021	0.0021	0.0021	0.0021	0.0021	0.0	0.0	0.0	0.0	0.0	0.0	0.0	0.0	0.0	0.0	0.0	0.0	0.0	0.0	0.0	0.0	0.0	0.0	0.0	0.0	0.0	0.0	0.0	0.0	0.0	0.0	0.0	0.0	0.0	0.0	0.0	0.0	0.0	0.0	0.0	0.0	0.0	0.0	0.0	0.0	0.0	0.0	0.0	0.0	0.0	0.0	0.0	0.0	0.0	0.0	0.0	0.0
0.0	0.852	0.007	0.007	0.007	0.007	0.007	0.0016	0.0016	0.0016	0.0016	0.0016	0.0	0.0	0.0	0.0	0.0	0.0	0.0	0.0	0.0	0.0	0.0	0.0	0.0	0.0	0.0	0.0	0.0	0.0	0.0	0.0	0.0	0.0	0.0	0.0	0.0	0.0	0.0	0.0	0.0	0.0	0.0	0.0	0.0	0.0	0.0	0.0	0.0	0.0	0.0	0.0	0.0	0.0	0.0	0.0	0.0	0.0	0.0	0.0	0.0	0.0	0.0	0.0
0.0	0.6501	0.0052	0.0052	0.0052	0.0052	0.0052	0.0032	0.0032	0.0032	0.0032	0.0032	0.0	0.0	0.0	0.0	0.0	0.0	0.0	0.0	0.0	0.0	0.0	0.0	0.0	0.0	0.0	0.0	0.0	0.0	0.0	0.0	0.0	0.0	0.0	0.0	0.0	0.0	0.0	0.0	0.0	0.0	0.0	0.0	0.0	0.0	0.0	0.0	0.0	0.0	0.0	0.0	0.0	0.0	0.0	0.0	0.0	0.0	0.0	0.0	0.0	0.0	0.0	0.0
0.0	0.9412	0.0076	0.0076	0.0076	0.0076	0.0076	0.0005	0.0005	0.0005	0.0005	0.0005	0.0	0.0	0.0	0.0	0.0	0.0	0.0	0.0	0.0	0.0	0.0	0.0	0.0	0.0	0.0	0.0	0.0	0.0	0.0	0.0	0.0	0.0	0.0	0.0	0.0	0.0	0.0	0.0	0.0	0.0	0.0	0.0	0.0	0.0	0.0	0.0	0.0	0.0	0.0	0.0	0.0	0.0	0.0	0.0	0.0	0.0	0.0	0.0	0.0	0.0	0.0	0.0
0.0	0.8081	0.0063	0.0063	0.0063	0.0063	0.0063	0.0017	0.0017	0.0017	0.0017	0.0017	0.0	0.0	0.0	0.0	0.0	0.0	0.0	0.0	0.0	0.0	0.0	0.0	0.0	0.0	0.0	0.0	0.0	0.0	0.0	0.0	0.0	0.0	0.0	0.0	0.0	0.0	0.0	0.0	0.0	0.0	0.0	0.0	0.0	0.0	0.0	0.0	0.0	0.0	0.0	0.0	0.0	0.0	0.0	0.0	0.0	0.0	0.0	0.0	0.0	0.0	0.0	0.0
0.0	0.9097	0.0074	0.0074	0.0074	0.0074	0.0074	0.0009	0.0009	0.0009	0.0009	0.0009	0.0	0.0	0.0	0.0	0.0	0.0	0.0	0.0	0.0	0.0	0.0	0.0	0.0	0.0	0.0	0.0	0.0	0.0	0.0	0.0	0.0	0.0	0.0	0.0	0.0	0.0	0.0	0.0	0.0	0.0	0.0	0.0	0.0	0.0	0.0	0.0	0.0	0.0	0.0	0.0	0.0	0.0	0.0	0.0	0.0	0.0	0.0	0.0	0.0	0.0	0.0	0.0
0.0	0.9581	0.0075	0.0075	0.0075	0.0075	0.0075	0.0001	0.0001	0.0001	0.0001	0.0001	0.0	0.0	0.0	0.0	0.0	0.0	0.0	0.0	0.0	0.0	0.0	0.0	0.0	0.0	0.0	0.0	0.0	0.0	0.0	0.0	0.0	0.0	0.0	0.0	0.0	0.0	0.0	0.0	0.0	0.0	0.0	0.0	0.0	0.0	0.0	0.0	0.0	0.0	0.0	0.0	0.0	0.0	0.0	0.0	0.0	0.0	0.0	0.0	0.0	0.0	0.0	0.0
0.0	0.7241	0.0056	0.0056	0.0056	0.0056	0.0056	0.0024	0.0024	0.0024	0.0024	0.0024	0.0	0.0	0.0	0.0	0.0	0.0	0.0	0.0	0.0	0.0	0.0	0.0	0.0	0.0	0.0	0.0	0.0	0.0	0.0	0.0	0.0	0.0	0.0	0.0	0.0	0.0	0.0	0.0	0.0	0.0	0.0	0.0	0.0	0.0	0.0	0.0	0.0	0.0	0.0	0.0	0.0	0.0	0.0	0.0	0.0	0.0	0.0	0.0	0.0	0.0	0.0	0.0
0.0	0.8534	0.0066	0.0066	0.0066	0.0066	0.0066	0.0012	0.0012	0.0012	0.0012	0.0012	0.0	0.0	0.0	0.0	0.0	0.0	0.0	0.0	0.0	0.0	0.0	0.0	0.0	0.0	0.0	0.0	0.0	0.0	0.0	0.0	0.0	0.0	0.0	0.0	0.0	0.0	0.0	0.0	0.0	0.0	0.0	0.0	0.0	0.0	0.0	0.0	0.0	0.0	0.0	0.0	0.0	0.0	0.0	0.0	0.0	0.0	0.0	0.0	0.0	0.0	0.0	0.0
0.0	0.9286	0.0074	0.0074	0.0074	0.0074	0.0074	0.0006	0.0006	0.0006	0.0006	0.0006	0.0	0.0	0.0	0.0	0.0	0.0	0.0	0.0	0.0	0.0	0.0	0.0	0.0	0.0	0.0	0.0	0.0	0.0	0.0	0.0	0.0	0.0	0.0	0.0	0.0	0.0	0.0	0.0	0.0	0.0	0.0	0.0	0.0	0.0	0.0	0.0	0.0	0.0	0.0	0.0	0.0	0.0	0.0	0.0	0.0	0.0	0.0	0.0	0.0	0.0	0.0	0.0
0.0	0.7255	0.0057	0.0057	0.0057	0.0057	0.0057	0.0025	0.0025	0.0025	0.0025	0.0025	0.0	0.0	0.0	0.0	0.0	0.0	0.0	0.0	0.0	0.0	0.0	0.0	0.0	0.0	0.0	0.0	0.0	0.0	0.0	0.0	0.0	0.0	0.0	0.0	0.0	0.0	0.0	0.0	0.0	0.0	0.0	0.0	0.0	0.0	0.0	0.0	0.0	0.0	0.0	0.0	0.0	0.0	0.0	0.0	0.0	0.0	0.0	0.0	0.0	0.0	0.0	0.0
0.0	0.6743	0.0292	0.0091	0.0134	0.009	0.009	0.0128	0.0054	0.0069	0.0053	0.0054	0.0005	0.0006	0.0005	0.0005	0.0002	0.0002	0.0002	0.0002	0.0002	0.0002	0.0004	0.0005	0.0004	0.0004	0.0002	0.0002	0.0002	0.0002	0.0002	0.0002	0.0001	0.0	0.0	0.0001	0.0001	0.0	0.0	0.0	0.0	0.0	0.0001	0.0	0.0	0.0001	0.0001	0.0	0.0	0.0	0.0	0.0	0.0	0.0	0.0	0.0	0.0	0.0	0.0	0.0	0.0	0.0	0.0	0.0
0.0	0.6515	0.0074	0.006	0.0063	0.006	0.006	0.005	0.0037	0.004	0.0037	0.0037	0.0001	0.0001	0.0001	0.0001	0.0001	0.0001	0.0001	0.0001	0.0001	0.0001	0.0001	0.0001	0.0001	0.0001	0.0001	0.0001	0.0001	0.0001	0.0001	0.0001	0.0	0.0	0.0	0.0	0.0	0.0	0.0	0.0	0.0	0.0	0.0	0.0	0.0	0.0	0.0	0.0	0.0	0.0	0.0	0.0	0.0	0.0	0.0	0.0	0.0	0.0	0.0	0.0	0.0	0.0	0.0	0.0
0.0	0.8025	0.0091	0.0074	0.0077	0.0074	0.0074	0.0042	0.0027	0.003	0.0027	0.0027	0.0001	0.0001	0.0001	0.0001	0.0001	0.0	0.0	0.0001	0.0001	0.0	0.0001	0.0001	0.0001	0.0001	0.0	0.0	0.0	0.0	0.0	0.0	0.0	0.0	0.0	0.0	0.0	0.0	0.0	0.0	0.0	0.0	0.0	0.0	0.0	0.0	0.0	0.0	0.0	0.0	0.0	0.0	0.0	0.0	0.0	0.0	0.0	0.0	0.0	0.0	0.0	0.0	0.0	0.0
0.0	0.5989	0.0052	0.005	0.005	0.005	0.005	0.0038	0.0036	0.0037	0.0036	0.0036	0.0001	0.0001	0.0001	0.0001	0.0001	0.0001	0.0001	0.0001	0.0001	0.0001	0.0	0.0001	0.0	0.0	0.0	0.0	0.0	0.0	0.0	0.0	0.0	0.0	0.0	0.0	0.0	0.0	0.0	0.0	0.0	0.0	0.0	0.0	0.0	0.0	0.0	0.0	0.0	0.0	0.0	0.0	0.0	0.0	0.0	0.0	0.0	0.0	0.0	0.0	0.0	0.0	0.0	0.0
0.0	0.6878	0.0061	0.0061	0.0061	0.0061	0.0061	0.0034	0.0033	0.0034	0.0033	0.0033	0.0001	0.0001	0.0001	0.0001	0.0001	0.0001	0.0001	0.0001	0.0001	0.0001	0.0	0.0	0.0	0.0	0.0	0.0	0.0	0.0	0.0	0.0	0.0	0.0	0.0	0.0	0.0	0.0	0.0	0.0	0.0	0.0	0.0	0.0	0.0	0.0	0.0	0.0	0.0	0.0	0.0	0.0	0.0	0.0	0.0	0.0	0.0	0.0	0.0	0.0	0.0	0.0	0.0	0.0
0.0	0.858	0.0074	0.0074	0.0074	0.0074	0.0074	0.0018	0.0018	0.0018	0.0018	0.0018	0.0	0.0	0.0	0.0	0.0	0.0	0.0	0.0	0.0	0.0	0.0	0.0	0.0	0.0	0.0	0.0	0.0	0.0	0.0	0.0	0.0	0.0	0.0	0.0	0.0	0.0	0.0	0.0	0.0	0.0	0.0	0.0	0.0	0.0	0.0	0.0	0.0	0.0	0.0	0.0	0.0	0.0	0.0	0.0	0.0	0.0	0.0	0.0	0.0	0.0	0.0	0.0
0.0	0.858	0.007	0.007	0.007	0.007	0.007	0.0014	0.0014	0.0014	0.0014	0.0014	0.0	0.0	0.0	0.0	0.0	0.0	0.0	0.0	0.0	0.0	0.0	0.0	0.0	0.0	0.0	0.0	0.0	0.0	0.0	0.0	0.0	0.0	0.0	0.0	0.0	0.0	0.0	0.0	0.0	0.0	0.0	0.0	0.0	0.0	0.0	0.0	0.0	0.0	0.0	0.0	0.0	0.0	0.0	0.0	0.0	0.0	0.0	0.0	0.0	0.0	0.0	0.0
0.0	0.7549	0.0067	0.0066	0.0067	0.0066	0.0066	0.0029	0.0029	0.0029	0.0029	0.0029	0.0	0.0	0.0	0.0	0.0	0.0	0.0	0.0	0.0	0.0	0.0	0.0	0.0	0.0	0.0	0.0	0.0	0.0	0.0	0.0	0.0	0.0	0.0	0.0	0.0	0.0	0.0	0.0	0.0	0.0	0.0	0.0	0.0	0.0	0.0	0.0	0.0	0.0	0.0	0.0	0.0	0.0	0.0	0.0	0.0	0.0	0.0	0.0	0.0	0.0	0.0	0.0
0.0	0.8284	0.007	0.007	0.007	0.007	0.007	0.002	0.0019	0.002	0.0019	0.0019	0.0	0.0	0.0	0.0	0.0	0.0	0.0	0.0	0.0	0.0	0.0	0.0	0.0	0.0	0.0	0.0	0.0	0.0	0.0	0.0	0.0	0.0	0.0	0.0	0.0	0.0	0.0	0.0	0.0	0.0	0.0	0.0	0.0	0.0	0.0	0.0	0.0	0.0	0.0	0.0	0.0	0.0	0.0	0.0	0.0	0.0	0.0	0.0	0.0	0.0	0.0	0.0
0.0	0.7822	0.0064	0.0064	0.0064	0.0064	0.0064	0.0022	0.0022	0.0022	0.0022	0.0022	0.0	0.0	0.0	0.0	0.0	0.0	0.0	0.0	0.0	0.0	0.0	0.0	0.0	0.0	0.0	0.0	0.0	0.0	0.0	0.0	0.0	0.0	0.0	0.0	0.0	0.0	0.0	0.0	0.0	0.0	0.0	0.0	0.0	0.0	0.0	0.0	0.0	0.0	0.0	0.0	0.0	0.0	0.0	0.0	0.0	0.0	0.0	0.0	0.0	0.0	0.0	0.0
0.0	0.6688	0.0055	0.0055	0.0055	0.0055	0.0055	0.0031	0.0031	0.0031	0.0031	0.0031	0.0	0.0	0.0	0.0	0.0	0.0	0.0	0.0	0.0	0.0	0.0	0.0	0.0	0.0	0.0	0.0	0.0	0.0	0.0	0.0	0.0	0.0	0.0	0.0	0.0	0.0	0.0	0.0	0.0	0.0	0.0	0.0	0.0	0.0	0.0	0.0	0.0	0.0	0.0	0.0	0.0	0.0	0.0	0.0	0.0	0.0	0.0	0.0	0.0	0.0	0.0	0.0
0.0	0.7325	0.006	0.006	0.006	0.006	0.006	0.0027	0.0027	0.0027	0.0027	0.0027	0.0	0.0	0.0	0.0	0.0	0.0	0.0	0.0	0.0	0.0	0.0	0.0	0.0	0.0	0.0	0.0	0.0	0.0	0.0	0.0	0.0	0.0	0.0	0.0	0.0	0.0	0.0	0.0	0.0	0.0	0.0	0.0	0.0	0.0	0.0	0.0	0.0	0.0	0.0	0.0	0.0	0.0	0.0	0.0	0.0	0.0	0.0	0.0	0.0	0.0	0.0	0.0
0.0	0.9442	0.008	0.0079	0.0079	0.0079	0.0079	0.0008	0.0008	0.0008	0.0008	0.0008	0.0	0.0	0.0	0.0	0.0	0.0	0.0	0.0	0.0	0.0	0.0	0.0	0.0	0.0	0.0	0.0	0.0	0.0	0.0	0.0	0.0	0.0	0.0	0.0	0.0	0.0	0.0	0.0	0.0	0.0	0.0	0.0	0.0	0.0	0.0	0.0	0.0	0.0	0.0	0.0	0.0	0.0	0.0	0.0	0.0	0.0	0.0	0.0	0.0	0.0	0.0	0.0
0.0	0.8119	0.0064	0.0064	0.0064	0.0064	0.0064	0.0017	0.0017	0.0017	0.0017	0.0017	0.0	0.0	0.0	0.0	0.0	0.0	0.0	0.0	0.0	0.0	0.0	0.0	0.0	0.0	0.0	0.0	0.0	0.0	0.0	0.0	0.0	0.0	0.0	0.0	0.0	0.0	0.0	0.0	0.0	0.0	0.0	0.0	0.0	0.0	0.0	0.0	0.0	0.0	0.0	0.0	0.0	0.0	0.0	0.0	0.0	0.0	0.0	0.0	0.0	0.0	0.0	0.0
0.0	0.8819	0.0071	0.0071	0.0071	0.0071	0.0071	0.0012	0.0012	0.0012	0.0012	0.0012	0.0	0.0	0.0	0.0	0.0	0.0	0.0	0.0	0.0	0.0	0.0	0.0	0.0	0.0	0.0	0.0	0.0	0.0	0.0	0.0	0.0	0.0	0.0	0.0	0.0	0.0	0.0	0.0	0.0	0.0	0.0	0.0	0.0	0.0	0.0	0.0	0.0	0.0	0.0	0.0	0.0	0.0	0.0	0.0	0.0	0.0	0.0	0.0	0.0	0.0	0.0	0.0
0.0	0.8164	0.0065	0.0065	0.0065	0.0065	0.0065	0.0018	0.0017	0.0017	0.0017	0.0017	0.0	0.0	0.0	0.0	0.0	0.0	0.0	0.0	0.0	0.0	0.0	0.0	0.0	0.0	0.0	0.0	0.0	0.0	0.0	0.0	0.0	0.0	0.0	0.0	0.0	0.0	0.0	0.0	0.0	0.0	0.0	0.0	0.0	0.0	0.0	0.0	0.0	0.0	0.0	0.0	0.0	0.0	0.0	0.0	0.0	0.0	0.0	0.0	0.0	0.0	0.0	0.0
0.0	0.8897	0.007	0.007	0.007	0.007	0.007	0.0009	0.0009	0.0009	0.0009	0.0009	0.0	0.0	0.0	0.0	0.0	0.0	0.0	0.0	0.0	0.0	0.0	0.0	0.0	0.0	0.0	0.0	0.0	0.0	0.0	0.0	0.0	0.0	0.0	0.0	0.0	0.0	0.0	0.0	0.0	0.0	0.0	0.0	0.0	0.0	0.0	0.0	0.0	0.0	0.0	0.0	0.0	0.0	0.0	0.0	0.0	0.0	0.0	0.0	0.0	0.0	0.0	0.0
0.0	0.7696	0.0061	0.0061	0.0061	0.0061	0.0061	0.0021	0.0021	0.0021	0.0021	0.0021	0.0	0.0	0.0	0.0	0.0	0.0	0.0	0.0	0.0	0.0	0.0	0.0	0.0	0.0	0.0	0.0	0.0	0.0	0.0	0.0	0.0	0.0	0.0	0.0	0.0	0.0	0.0	0.0	0.0	0.0	0.0	0.0	0.0	0.0	0.0	0.0	0.0	0.0	0.0	0.0	0.0	0.0	0.0	0.0	0.0	0.0	0.0	0.0	0.0	0.0	0.0	0.0
0.0	0.7692	0.0063	0.0063	0.0063	0.0063	0.0063	0.0024	0.0024	0.0024	0.0024	0.0024	0.0	0.0	0.0	0.0	0.0	0.0	0.0	0.0	0.0	0.0	0.0	0.0	0.0	0.0	0.0	0.0	0.0	0.0	0.0	0.0	0.0	0.0	0.0	0.0	0.0	0.0	0.0	0.0	0.0	0.0	0.0	0.0	0.0	0.0	0.0	0.0	0.0	0.0	0.0	0.0	0.0	0.0	0.0	0.0	0.0	0.0	0.0	0.0	0.0	0.0	0.0	0.0
0.0	0.7258	0.006	0.006	0.006	0.006	0.006	0.0027	0.0027	0.0027	0.0027	0.0027	0.0	0.0	0.0	0.0	0.0	0.0	0.0	0.0	0.0	0.0	0.0	0.0	0.0	0.0	0.0	0.0	0.0	0.0	0.0	0.0	0.0	0.0	0.0	0.0	0.0	0.0	0.0	0.0	0.0	0.0	0.0	0.0	0.0	0.0	0.0	0.0	0.0	0.0	0.0	0.0	0.0	0.0	0.0	0.0	0.0	0.0	0.0	0.0	0.0	0.0	0.0	0.0
0.0	0.9362	0.0077	0.0077	0.0077	0.0077	0.0077	0.0008	0.0008	0.0008	0.0008	0.0008	0.0	0.0	0.0	0.0	0.0	0.0	0.0	0.0	0.0	0.0	0.0	0.0	0.0	0.0	0.0	0.0	0.0	0.0	0.0	0.0	0.0	0.0	0.0	0.0	0.0	0.0	0.0	0.0	0.0	0.0	0.0	0.0	0.0	0.0	0.0	0.0	0.0	0.0	0.0	0.0	0.0	0.0	0.0	0.0	0.0	0.0	0.0	0.0	0.0	0.0	0.0	0.0
0.0	0.9369	0.0074	0.0074	0.0074	0.0074	0.0074	0.0004	0.0004	0.0004	0.0004	0.0004	0.0	0.0	0.0	0.0	0.0	0.0	0.0	0.0	0.0	0.0	0.0	0.0	0.0	0.0	0.0	0.0	0.0	0.0	0.0	0.0	0.0	0.0	0.0	0.0	0.0	0.0	0.0	0.0	0.0	0.0	0.0	0.0	0.0	0.0	0.0	0.0	0.0	0.0	0.0	0.0	0.0	0.0	0.0	0.0	0.0	0.0	0.0	0.0	0.0	0.0	0.0	0.0
0.0	0.8749	0.0068	0.0068	0.0068	0.0068	0.0068	0.001	0.001	0.001	0.001	0.001	0.0	0.0	0.0	0.0	0.0	0.0	0.0	0.0	0.0	0.0	0.0	0.0	0.0	0.0	0.0	0.0	0.0	0.0	0.0	0.0	0.0	0.0	0.0	0.0	0.0	0.0	0.0	0.0	0.0	0.0	0.0	0.0	0.0	0.0	0.0	0.0	0.0	0.0	0.0	0.0	0.0	0.0	0.0	0.0	0.0	0.0	0.0	0.0	0.0	0.0	0.0	0.0
