x1
1.0
1.0
1.0
1.0
1.0
1.0
1.0
1.0
1.0
1.0
1.0
1.0
1.0
1.0
1.0
1.0
1.0
1.0
1.0
1.0
1.0
1.0
1.0
1.0
1.0
1.0
1.0
1.0
1.0
1.0
1.0
1.0
1.0
1.0
1.0
1.0
1.0
1.0
1.0
1.0
1.0
1.0
1.0
1.0
1.0
1.0
1.0
1.0
1.0
1.0
1.0
1.0
1.0
1.0
1.0
1.0
1.0
1.0
1.0
1.0
1.0
1.0
1.0
1.0
1.0
1.0
1.0
1.0
1.0
1.0
1.0
1.0
1.0
1.0
1.0
1.0
1.0
1.0
1.0
1.0
1.0
1.0
1.0
1.0
1.0
1.0
1.0
1.0
1.0
1.0
1.0
1.0
1.0
1.0
1.0
1.0
0.0002650041344609495
0.00039209988086048246
0.0007264717483220452
0.00895098342678585
0.0019474738934513339
0.03060165647032394
0.027813835576007265
0.16688301345133194
0.0017453276198490836
0.030045025987144564
0.028244601858357466
0.012857235161263842
0.16688301345455966
0.018183523273246013
0.03633858898020218
0.001285909125952047
0.02808123981195076
0.027813835576108288
0.0027756998498157746
0.027884449559461538
0.027813835576094584
0.030107659362039366
0.028201162416312826
0.015011128900600544
0.00863672630493464
0.02781383557496603
0.16688301344700912
0.16688301345469464
0.1668830134435644
0.1668830134517535
0.16688301345040626
0.050345988060694576
0.030948992672874872
0.16688301344723064
0.166883013450671
0.16688301345315568
0.1668830134501118
0.16688301345429227
0.1668830134543662
0.16688301345407577
0.1668830134542775
0.16688301345333675
0.16688301345455525
0.16688301345408232
0.16688301345476816
0.16688301345497322
0.16688301345490622
0.16688301345268647
0.1668830134547187
0.16688301345396417
0.16688301345462703
0.16688301345452414
0.16688301345256207
0.1668830134503112
0.16688301345376344
0.1668830134538707
0.16688301345392684
0.16688301344771547
0.16688301345211531
0.1668830134494894
0.16688301345165807
0.1668830134526346
0.16688301345458534
0.1668830134539146
0.1668830134552862
0.16688301345378465
0.16688301345280993
0.16688301345423145
0.16688301345328338
0.16688301345371742
0.1668830134531014
0.1668830134544584
0.1668830134514214
0.16688301344507214
0.16688301344788412
0.1668830134536489
0.16688301345199227
0.16688301345219703
0.16688301345109985
0.1668830134550992
0.16688301345201495
0.16688301345345943
0.1668830134541481
0.16688301345344186
0.16688301345436643
0.16688301345245135
0.16688301345239823
0.1668830134519971
0.16688301345164164
0.16688301345285433
0.16688301345503118
0.16688301345494969
0.1668830134544057
0.16688301345418785
0.16688301345390688
