x1
1.0
1.0
1.0
1.0
1.0
1.0
1.0
1.0
1.0
1.0
1.0
1.0
1.0
1.0
1.0
1.0
1.0
1.0
1.0
1.0
1.0
1.0
1.0
1.0
1.0
1.0
1.0
1.0
1.0
1.0
1.0
1.0
1.0
1.0
1.0
1.0
1.0
1.0
1.0
1.0
1.0
1.0
1.0
1.0
1.0
1.0
1.0
1.0
1.0
1.0
1.0
1.0
1.0
1.0
1.0
1.0
1.0
1.0
1.0
1.0
1.0
1.0
1.0
1.0
1.0
1.0
1.0
1.0
1.0
1.0
1.0
1.0
1.0
1.0
1.0
1.0
1.0
1.0
1.0
1.0
1.0
1.0
1.0
1.0
1.0
1.0
1.0
1.0
1.0
1.0
1.0
1.0
1.0
1.0
1.0
1.0
0.0007328456852299164
0.0007006503522885753
0.0002478731442284418
0.0022230792282011006
0.002930056986171717
0.010606564690795966
0.020644583471803382
0.03343401838755842
0.0009582650591716688
0.009452614467316893
0.021406561037867772
0.0033365049333447714
0.08333377021246
0.009595520117577774
0.015464285505129592
0.01086985562863353
0.02518423820360149
0.024089130751955182
0.006346683226575337
0.02573956322248405
0.023762460728958903
0.022122346552349084
0.02157988766141886
0.0019100576782277792
0.0018905151907738023
0.00297558646382133
0.012377714014466929
0.08639366446757442
0.007394389032893641
0.03360156496549689
0.026521804582920604
0.0060796926292896744
0.008193052669698128
0.009374202603661346
0.02407671710939076
0.05569592022809729
0.019272425441820486
0.051458006717097445
0.0705389861898544
0.06465144092480533
0.07709443263935352
0.05153274959639328
0.05782875256965764
0.06255812213143391
0.0788417865476535
0.08575439458844841
0.09124724489666715
0.038702368612308746
0.06652431368404842
0.06255519486841535
0.08485550037223259
0.0825343571522571
0.021858036348226303
0.020270030183630036
0.048622202557044095
0.068635576771798
0.06976018600227839
0.012739957546917523
0.025021691418722947
0.0215347663253164
0.030735041139620736
0.038798342369738684
0.0605236394061237
0.06951399551251414
0.07309915985971221
0.060259008690544055
0.05035996927032351
0.05301629611292613
0.05781573700816406
0.05820401035482419
0.047741367765020706
0.08106595885073742
0.021978652603224923
0.01017517661938182
0.01267925084318831
0.03292797044311096
0.03465873198829589
0.03751361003650251
0.03148509953771893
0.06481595011885248
0.032469159494224055
0.04405080020822552
0.07432519479263194
0.06056505238067547
0.050898313933254065
0.03949626242413215
0.03875209238305383
0.03998886879911119
0.029748094229083782
0.04059900005683764
0.07551230111408566
0.09224722615702552
0.07141732451319646
0.06723036474462915
0.06935956473188593
