x1
1.0
1.0
1.0
1.0
1.0
1.0
1.0
1.0
1.0
1.0
1.0
1.0
1.0
1.0
1.0
1.0
1.0
1.0
1.0
1.0
1.0
1.0
1.0
1.0
1.0
1.0
1.0
1.0
1.0
1.0
1.0
1.0
1.0
1.0
1.0
1.0
1.0
1.0
1.0
1.0
1.0
1.0
1.0
1.0
1.0
1.0
1.0
1.0
1.0
1.0
1.0
1.0
1.0
1.0
1.0
1.0
1.0
1.0
1.0
1.0
1.0
1.0
1.0
1.0
1.0
1.0
1.0
1.0
1.0
1.0
1.0
1.0
1.0
1.0
1.0
1.0
1.0
1.0
1.0
1.0
1.0
1.0
1.0
1.0
1.0
1.0
1.0
1.0
1.0
1.0
1.0
1.0
1.0
1.0
1.0
1.0
0.00045195760632188756
0.000742148945901696
0.00023702115559974345
0.00829235676721672
0.004883815933587813
0.03252894144928995
0.02920883545645757
0.1485015325116377
0.0010152095454722349
0.027307344132099474
0.026966356203233937
0.014145326153234326
0.15024880087519188
0.02515820617898419
0.06964282326000511
0.011733172872806188
0.03210084852432057
0.02924090061434684
0.006716706625209739
0.03204589030938411
0.0292383332938935
0.027516738345887068
0.026953925200335398
0.016652108931656476
0.005503878415550788
0.02702895943857089
0.14415111294662372
0.1502952043397362
0.13923864918948772
0.1482549890854101
0.1478099032392498
0.03310428961290004
0.02748233852427393
0.1417227143928933
0.14742000590287885
0.14962995983917962
0.14629583901646048
0.1493202553983544
0.1499556661612976
0.149860013235148
0.15014400375217055
0.14915919976846118
0.14957767812809064
0.14978908359808862
0.15015259379454737
0.15027607487416192
0.15036343077233982
0.14877208468189293
0.14988702933876374
0.14981291166403102
0.15027225674382386
0.15023617238005138
0.14679444947536957
0.14534509605817264
0.1493403105895266
0.1499750903255138
0.14999964066846705
0.14356973406800486
0.14743908568099434
0.1470569125651425
0.14791949070222396
0.14861513890550151
0.14958024068010384
0.14999432706823526
0.14998542511400678
0.14969336123952268
0.14944223791067435
0.14946493741215308
0.1496959099296937
0.14959629022203927
0.14931643024109847
0.150212404937818
0.1466930739373418
0.1426945135044234
0.14360566602449867
0.14829278280231745
0.14827908815122687
0.14860685128456513
0.1483350296710843
0.1497444154635628
0.14824153167481727
0.14912862072977423
0.15009244946287637
0.14977517566633528
0.1493570048805115
0.1486659959307441
0.1487585032507706
0.14895137044238468
0.14797068376802971
0.14889779220507698
0.15005882269847068
0.1503765284817477
0.14997195605111396
0.14991301322705358
0.14999097673613296
