x1
1.0
1.0
1.0
1.0
1.0
1.0
1.0
1.0
1.0
1.0
1.0
1.0
1.0
1.0
1.0
1.0
1.0
1.0
1.0
1.0
1.0
1.0
1.0
1.0
1.0
1.0
1.0
1.0
1.0
1.0
1.0
1.0
1.0
1.0
1.0
1.0
1.0
1.0
1.0
1.0
1.0
1.0
1.0
1.0
1.0
1.0
1.0
1.0
1.0
1.0
1.0
1.0
1.0
1.0
1.0
1.0
1.0
1.0
1.0
1.0
1.0
1.0
1.0
1.0
1.0
1.0
1.0
1.0
1.0
1.0
1.0
1.0
1.0
1.0
1.0
1.0
1.0
1.0
1.0
1.0
1.0
1.0
1.0
1.0
1.0
1.0
1.0
1.0
1.0
1.0
1.0
1.0
1.0
1.0
1.0
1.0
0.0018323389687205577
0.0018806773697899102
0.0005990728091544307
0.000906767809923645
0.0015120001682817383
0.002951260507092993
0.011577837958488898
0.006183598023189597
0.0009756197861830113
0.0021748516677297623
0.014489090281672019
0.001394265686000717
0.023109441383826937
0.004984553713045355
0.0038048575898972864
0.006192506367562711
0.01254098016235336
0.02417191685471516
0.005287512063543713
0.015518527831946533
0.021642425381330096
0.01903697665146776
0.01569568720997304
0.0015007724057461466
0.0016129726057243588
0.0019146815048299238
0.0032018759697898056
0.025182588781257047
0.002720458455748007
0.0090641705083203
0.005018727349946929
0.003283934883216747
0.0018626368386139144
0.0033425077112526754
0.0055127162777382464
0.01125081404529894
0.005581981246401403
0.02099168917189868
0.024878219739688935
0.018426328472109305
0.019515637781415202
0.021552845275842294
0.023840964864111944
0.019470401748488974
0.029005863854403142
0.03169153415245408
0.029019239774264606
0.010772346136710893
0.025420439538288996
0.016984045117605498
0.024111246682937106
0.022604834914744174
0.009221426979176927
0.00827459103910419
0.014328907446049685
0.015654529531621192
0.01611400922381852
0.004312726051528085
0.008197184716982837
0.004266012350731225
0.009317180910516684
0.012937200033530485
0.030747907639721732
0.01601216144889171
0.03979641446208688
0.017711486393991217
0.009805903278027273
0.019226538039631313
0.011877161967148534
0.018434023214559433
0.011294174945831752
0.02171427824532849
0.008492695016064528
0.0028116571834753534
0.004274035374051275
0.013146281046574405
0.010465487830674476
0.009979241205235332
0.00583976956986847
0.03703072730156177
0.009058769297235637
0.012501995362852264
0.018141719005774843
0.012739343465170305
0.021054557580225793
0.011907731218887638
0.009908029309515894
0.007439688579419599
0.008118756464701333
0.011370861157738672
0.033884716231624985
0.029909973007388315
0.02576296886829815
0.020204235048098228
0.015948634638437143
