x1	x2	x3	x4	x5	x6	x7	x8	x9	x10	x11	x12	x13	x14	x15	x16	x17	x18	x19	x20	x21	x22	x23	x24	x25	x26	x27	x28	x29	x30	x31	x32	x33	x34	x35	x36	x37	x38	x39	x40	x41	x42	x43	x44	x45	x46	x47	x48	x49	x50	x51	x52	x53	x54	x55	x56	x57	x58	x59	x60	x61	x62	x63
0.1046	0.1381	0.1405	0.1432	0.1462	0.2223	0.0029	0.0029	0.003	0.003	0.0049	0.0037	0.0037	0.0038	0.0057	0.0037	0.0038	0.0058	0.0038	0.0058	0.0059	0.0012	0.0012	0.0012	0.0015	0.0012	0.0012	0.0015	0.0012	0.0015	0.0015	0.0013	0.0013	0.0017	0.0013	0.0017	0.0017	0.0013	0.0017	0.0017	0.0017	0.0006	0.0006	0.0008	0.0006	0.0008	0.0008	0.0006	0.0008	0.0008	0.0008	0.0007	0.0008	0.0008	0.0008	0.0008	0.0004	0.0004	0.0004	0.0004	0.0004	0.0005	0.0003
0.1214	0.1758	0.1809	0.1788	0.1802	0.1252	0.0012	0.0013	0.0013	0.0013	0.0008	0.0018	0.0017	0.0018	0.0013	0.0018	0.0018	0.0014	0.0018	0.0014	0.0014	0.0005	0.0005	0.0005	0.0004	0.0005	0.0005	0.0004	0.0005	0.0004	0.0004	0.0006	0.0006	0.0005	0.0006	0.0005	0.0005	0.0006	0.0005	0.0005	0.0005	0.0003	0.0003	0.0003	0.0003	0.0003	0.0003	0.0003	0.0003	0.0003	0.0003	0.0003	0.0003	0.0003	0.0003	0.0003	0.0002	0.0002	0.0002	0.0002	0.0002	0.0002	0.0001
0.0647	0.0654	0.0691	0.0673	0.0681	0.4427	0.0046	0.0047	0.0046	0.0046	0.0166	0.0047	0.0046	0.0047	0.0167	0.0048	0.0048	0.0176	0.0047	0.017	0.0172	0.002	0.002	0.002	0.004	0.002	0.002	0.0041	0.002	0.004	0.004	0.002	0.002	0.0041	0.002	0.004	0.004	0.002	0.0041	0.0041	0.0041	0.0011	0.0011	0.0018	0.0011	0.0018	0.0018	0.0011	0.0019	0.0019	0.0018	0.0011	0.0019	0.0019	0.0018	0.0019	0.0006	0.001	0.001	0.001	0.001	0.001	0.0006
0.0429	0.0455	0.0442	0.0447	0.4618	0.0459	0.006	0.0059	0.006	0.0242	0.006	0.0061	0.0061	0.0257	0.0062	0.006	0.0249	0.0061	0.0251	0.0061	0.0257	0.0027	0.0027	0.0059	0.0027	0.0027	0.0058	0.0027	0.0058	0.0027	0.0059	0.0027	0.0059	0.0027	0.006	0.0027	0.006	0.0059	0.0027	0.006	0.006	0.0014	0.0026	0.0014	0.0026	0.0014	0.0027	0.0026	0.0014	0.0026	0.0027	0.0027	0.0014	0.0027	0.0027	0.0027	0.0014	0.0009	0.0014	0.0014	0.0014	0.0014	0.0008
0.0459	0.4255	0.0473	0.0478	0.0484	0.049	0.0261	0.0063	0.0064	0.0064	0.0064	0.0268	0.027	0.0273	0.0276	0.0064	0.0065	0.0065	0.0065	0.0065	0.0065	0.0062	0.0062	0.0062	0.0063	0.0028	0.0028	0.0028	0.0028	0.0029	0.0029	0.0063	0.0063	0.0063	0.0063	0.0064	0.0064	0.0029	0.0029	0.0029	0.0029	0.0028	0.0028	0.0028	0.0028	0.0028	0.0028	0.0015	0.0015	0.0015	0.0015	0.0028	0.0028	0.0029	0.0029	0.0015	0.0015	0.0015	0.0015	0.0015	0.0009	0.0015	0.0009
0.0608	0.4199	0.0623	0.0627	0.0686	0.0642	0.019	0.0052	0.0052	0.0054	0.0052	0.0193	0.0194	0.0212	0.0197	0.0052	0.0054	0.0052	0.0054	0.0053	0.0055	0.0048	0.0048	0.005	0.0048	0.0023	0.0024	0.0024	0.0024	0.0024	0.0024	0.0048	0.005	0.0048	0.005	0.0049	0.005	0.0024	0.0024	0.0024	0.0024	0.0022	0.0023	0.0023	0.0023	0.0023	0.0023	0.0013	0.0013	0.0013	0.0013	0.0023	0.0023	0.0023	0.0023	0.0013	0.0012	0.0012	0.0013	0.0013	0.0008	0.0013	0.0008
0.0608	0.4199	0.0623	0.0627	0.0686	0.0642	0.019	0.0052	0.0052	0.0054	0.0052	0.0193	0.0194	0.0212	0.0197	0.0052	0.0054	0.0052	0.0054	0.0053	0.0055	0.0048	0.0048	0.005	0.0048	0.0023	0.0024	0.0024	0.0024	0.0024	0.0024	0.0048	0.005	0.0048	0.005	0.0049	0.005	0.0024	0.0024	0.0024	0.0024	0.0022	0.0023	0.0023	0.0023	0.0023	0.0023	0.0013	0.0013	0.0013	0.0013	0.0023	0.0023	0.0023	0.0023	0.0013	0.0012	0.0012	0.0013	0.0013	0.0008	0.0013	0.0008
0.0889	0.2822	0.1954	0.0919	0.0919	0.0926	0.0097	0.0052	0.0031	0.0031	0.0032	0.0121	0.0101	0.0101	0.0102	0.0054	0.0054	0.0054	0.0032	0.0032	0.0032	0.0029	0.0025	0.0025	0.0025	0.0017	0.0017	0.0017	0.0014	0.0014	0.0014	0.0029	0.0029	0.0029	0.0026	0.0026	0.0026	0.0018	0.0018	0.0018	0.0014	0.0013	0.0013	0.0013	0.0012	0.0012	0.0012	0.0009	0.0009	0.0009	0.0007	0.0013	0.0013	0.0013	0.0012	0.0009	0.0007	0.0007	0.0007	0.0006	0.0005	0.0007	0.0004
0.0856	0.3068	0.3156	0.0868	0.0871	0.0875	0.0014	0.0015	0.0006	0.0006	0.0006	0.0025	0.0015	0.0015	0.0015	0.0016	0.0016	0.0016	0.0006	0.0006	0.0006	0.0006	0.0004	0.0004	0.0004	0.0004	0.0004	0.0004	0.0003	0.0003	0.0003	0.0006	0.0006	0.0006	0.0004	0.0004	0.0004	0.0004	0.0004	0.0004	0.0003	0.0003	0.0003	0.0003	0.0002	0.0002	0.0002	0.0002	0.0002	0.0002	0.0001	0.0003	0.0003	0.0003	0.0002	0.0002	0.0001	0.0001	0.0001	0.0001	0.0001	0.0001	0.0001
0.0424	0.3739	0.047	0.0443	0.0449	0.0455	0.0301	0.0078	0.0076	0.0076	0.0076	0.0332	0.0312	0.0315	0.0318	0.0079	0.0079	0.0079	0.0077	0.0078	0.0078	0.0076	0.0075	0.0075	0.0075	0.0035	0.0035	0.0035	0.0034	0.0034	0.0035	0.0078	0.0078	0.0078	0.0076	0.0076	0.0077	0.0035	0.0035	0.0035	0.0035	0.0034	0.0035	0.0035	0.0034	0.0034	0.0034	0.0019	0.0019	0.0019	0.0018	0.0035	0.0035	0.0035	0.0035	0.0019	0.0018	0.0018	0.0018	0.0018	0.0011	0.0019	0.0011
0.0521	0.3748	0.0539	0.055	0.0551	0.056	0.0268	0.0067	0.0068	0.0068	0.0068	0.0277	0.0282	0.0282	0.0285	0.0069	0.0069	0.0069	0.0069	0.007	0.007	0.0065	0.0066	0.0066	0.0066	0.003	0.003	0.003	0.003	0.003	0.0031	0.0067	0.0067	0.0067	0.0067	0.0068	0.0068	0.0031	0.0031	0.0031	0.0031	0.003	0.003	0.003	0.003	0.003	0.003	0.0016	0.0016	0.0016	0.0016	0.003	0.003	0.003	0.003	0.0016	0.0016	0.0016	0.0016	0.0016	0.001	0.0016	0.001
0.0521	0.3748	0.0539	0.055	0.0551	0.056	0.0268	0.0067	0.0068	0.0068	0.0068	0.0277	0.0282	0.0282	0.0285	0.0069	0.0069	0.0069	0.0069	0.007	0.007	0.0065	0.0066	0.0066	0.0066	0.003	0.003	0.003	0.003	0.003	0.0031	0.0067	0.0067	0.0067	0.0067	0.0068	0.0068	0.0031	0.0031	0.0031	0.0031	0.003	0.003	0.003	0.003	0.003	0.003	0.0016	0.0016	0.0016	0.0016	0.003	0.003	0.003	0.003	0.0016	0.0016	0.0016	0.0016	0.0016	0.001	0.0016	0.001
0.044	0.0587	0.0456	0.4335	0.0467	0.0457	0.0068	0.0061	0.0216	0.0061	0.0061	0.0069	0.0296	0.0068	0.0068	0.0224	0.0061	0.0061	0.0222	0.0223	0.0061	0.0032	0.0066	0.0032	0.0032	0.006	0.003	0.003	0.0059	0.006	0.003	0.0067	0.0032	0.0032	0.0067	0.0067	0.0032	0.006	0.006	0.003	0.006	0.0031	0.0018	0.0018	0.0031	0.0031	0.0018	0.0029	0.0029	0.0017	0.0029	0.0032	0.0032	0.0018	0.0032	0.003	0.0017	0.0017	0.0011	0.0017	0.0017	0.0018	0.0011
0.0534	0.0599	0.0996	0.47	0.0659	0.055	0.0036	0.0048	0.0109	0.0036	0.0035	0.0052	0.0118	0.0038	0.0036	0.0215	0.0051	0.0048	0.0112	0.011	0.0036	0.0022	0.0032	0.0018	0.0018	0.0042	0.0021	0.0021	0.0032	0.0032	0.0018	0.0044	0.0022	0.0022	0.0033	0.0033	0.0018	0.0042	0.0042	0.0022	0.0032	0.002	0.0012	0.0012	0.0017	0.0017	0.0011	0.002	0.002	0.0012	0.0017	0.002	0.002	0.0012	0.0017	0.002	0.0012	0.0011	0.0008	0.001	0.0011	0.0012	0.0007
0.0637	0.0643	0.064	0.4069	0.2634	0.0645	0.0013	0.0013	0.0041	0.0028	0.0013	0.0013	0.0042	0.0028	0.0013	0.0042	0.0028	0.0013	0.007	0.0042	0.0028	0.0006	0.001	0.0009	0.0006	0.001	0.0009	0.0006	0.0014	0.001	0.0009	0.001	0.0009	0.0006	0.0014	0.001	0.0009	0.0014	0.001	0.0009	0.0014	0.0005	0.0005	0.0004	0.0007	0.0005	0.0005	0.0007	0.0005	0.0005	0.0007	0.0007	0.0005	0.0005	0.0007	0.0007	0.0004	0.0003	0.0003	0.0004	0.0004	0.0004	0.0002
0.011	0.0111	0.011	0.8633	0.0112	0.0112	0.0014	0.0014	0.0071	0.0014	0.0014	0.0014	0.0071	0.0014	0.0014	0.0071	0.0014	0.0014	0.0072	0.0072	0.0014	0.0007	0.0014	0.0007	0.0007	0.0014	0.0007	0.0007	0.0014	0.0014	0.0007	0.0014	0.0007	0.0007	0.0014	0.0014	0.0007	0.0014	0.0014	0.0007	0.0014	0.0007	0.0004	0.0004	0.0007	0.0007	0.0004	0.0007	0.0007	0.0004	0.0007	0.0007	0.0007	0.0004	0.0007	0.0007	0.0004	0.0004	0.0003	0.0004	0.0004	0.0004	0.0003
0.0293	0.0294	0.0294	0.0748	0.4066	0.0302	0.0068	0.0068	0.0092	0.0217	0.0069	0.0068	0.0092	0.0218	0.0069	0.0092	0.0217	0.0069	0.0474	0.0092	0.022	0.0036	0.0045	0.0068	0.0037	0.0045	0.0068	0.0037	0.009	0.0045	0.0068	0.0045	0.0068	0.0037	0.009	0.0045	0.0068	0.009	0.0045	0.0068	0.009	0.0026	0.0036	0.0022	0.0044	0.0026	0.0036	0.0044	0.0026	0.0036	0.0044	0.0044	0.0026	0.0036	0.0044	0.0044	0.0026	0.0017	0.0022	0.0026	0.0026	0.0026	0.0017
0.0465	0.1975	0.0465	0.5668	0.0478	0.0467	0.0015	0.0008	0.0029	0.0008	0.0008	0.0016	0.0048	0.0016	0.0016	0.0029	0.0008	0.0008	0.003	0.0029	0.0008	0.0006	0.0009	0.0006	0.0006	0.0007	0.0004	0.0004	0.0007	0.0007	0.0004	0.0009	0.0006	0.0006	0.0009	0.0009	0.0006	0.0007	0.0007	0.0004	0.0007	0.0005	0.0003	0.0003	0.0005	0.0005	0.0003	0.0004	0.0004	0.0003	0.0004	0.0005	0.0005	0.0003	0.0005	0.0004	0.0003	0.0003	0.0002	0.0003	0.0002	0.0003	0.0002
0.0306	0.2962	0.0307	0.1441	0.0315	0.0313	0.0212	0.0072	0.0102	0.0072	0.0072	0.0212	0.057	0.0214	0.0213	0.0102	0.0072	0.0072	0.0102	0.0102	0.0072	0.0071	0.01	0.0071	0.0071	0.0051	0.004	0.004	0.0051	0.0051	0.004	0.01	0.0071	0.0071	0.01	0.01	0.0071	0.0051	0.0051	0.004	0.0051	0.0051	0.004	0.004	0.0051	0.0051	0.004	0.0031	0.0031	0.0025	0.0031	0.0051	0.0051	0.004	0.0051	0.0031	0.0031	0.0031	0.0025	0.0031	0.002	0.0031	0.002
0.0055	0.0055	0.0055	0.9471	0.0056	0.0056	0.0004	0.0004	0.0023	0.0004	0.0004	0.0004	0.0023	0.0004	0.0004	0.0023	0.0004	0.0004	0.0024	0.0023	0.0004	0.0002	0.0004	0.0002	0.0002	0.0004	0.0002	0.0002	0.0004	0.0004	0.0002	0.0004	0.0002	0.0002	0.0004	0.0004	0.0002	0.0004	0.0004	0.0002	0.0004	0.0002	0.0001	0.0001	0.0002	0.0002	0.0001	0.0002	0.0002	0.0001	0.0002	0.0002	0.0002	0.0001	0.0002	0.0002	0.0001	0.0001	0.0001	0.0001	0.0001	0.0001	0.0001
0.0398	0.0408	0.0399	0.6405	0.1563	0.04	0.0007	0.0007	0.0035	0.0007	0.0007	0.0007	0.0037	0.0008	0.0007	0.0035	0.0007	0.0007	0.0036	0.0036	0.0007	0.0004	0.0007	0.0004	0.0004	0.0007	0.0004	0.0004	0.0007	0.0007	0.0004	0.0007	0.0004	0.0004	0.0007	0.0007	0.0004	0.0007	0.0007	0.0004	0.0007	0.0004	0.0002	0.0002	0.0004	0.0004	0.0002	0.0004	0.0004	0.0002	0.0004	0.0004	0.0004	0.0002	0.0004	0.0004	0.0002	0.0002	0.0001	0.0002	0.0002	0.0002	0.0001
0.0042	0.0043	0.0042	0.9686	0.0043	0.0042	0.0001	0.0001	0.0012	0.0001	0.0001	0.0001	0.0013	0.0001	0.0001	0.0012	0.0001	0.0001	0.0013	0.0012	0.0001	0.0001	0.0001	0.0001	0.0001	0.0001	0.0001	0.0001	0.0001	0.0001	0.0001	0.0001	0.0001	0.0001	0.0001	0.0001	0.0001	0.0001	0.0001	0.0001	0.0001	0.0001	0.0	0.0	0.0001	0.0001	0.0	0.0001	0.0001	0.0	0.0001	0.0001	0.0001	0.0	0.0001	0.0001	0.0	0.0	0.0	0.0	0.0	0.0	0.0
0.0253	0.0257	0.0253	0.7108	0.179	0.0254	0.0001	0.0001	0.0008	0.0002	0.0001	0.0001	0.0008	0.0002	0.0001	0.0008	0.0002	0.0001	0.0014	0.0008	0.0002	0.0	0.0001	0.0001	0.0	0.0001	0.0001	0.0	0.0001	0.0001	0.0001	0.0001	0.0001	0.0	0.0001	0.0001	0.0001	0.0001	0.0001	0.0001	0.0001	0.0	0.0	0.0	0.0001	0.0	0.0	0.0001	0.0	0.0	0.0001	0.0001	0.0	0.0	0.0001	0.0001	0.0	0.0	0.0	0.0	0.0	0.0	0.0
0.0783	0.327	0.0808	0.0824	0.084	0.0859	0.0189	0.0056	0.0056	0.0056	0.0057	0.0193	0.0196	0.0198	0.0201	0.0057	0.0057	0.0057	0.0057	0.0058	0.0058	0.0047	0.0047	0.0047	0.0048	0.0024	0.0024	0.0024	0.0024	0.0024	0.0024	0.0047	0.0048	0.0048	0.0048	0.0048	0.0048	0.0024	0.0024	0.0024	0.0024	0.0021	0.0021	0.0022	0.0022	0.0022	0.0022	0.0013	0.0013	0.0013	0.0013	0.0022	0.0022	0.0022	0.0022	0.0013	0.0012	0.0012	0.0012	0.0012	0.0008	0.0012	0.0007
0.05	0.3944	0.0514	0.0521	0.0529	0.0537	0.0265	0.0066	0.0066	0.0066	0.0067	0.0272	0.0275	0.0278	0.0282	0.0067	0.0067	0.0067	0.0067	0.0068	0.0068	0.0064	0.0064	0.0064	0.0065	0.0029	0.0029	0.003	0.0029	0.003	0.003	0.0065	0.0065	0.0065	0.0065	0.0066	0.0066	0.003	0.003	0.003	0.003	0.0029	0.0029	0.0029	0.0029	0.0029	0.0029	0.0016	0.0016	0.0016	0.0016	0.0029	0.0029	0.003	0.003	0.0016	0.0015	0.0016	0.0016	0.0016	0.0009	0.0016	0.0009
0.05	0.3944	0.0514	0.0521	0.0529	0.0537	0.0265	0.0066	0.0066	0.0066	0.0067	0.0272	0.0275	0.0278	0.0282	0.0067	0.0067	0.0067	0.0067	0.0068	0.0068	0.0064	0.0064	0.0064	0.0065	0.0029	0.0029	0.003	0.0029	0.003	0.003	0.0065	0.0065	0.0065	0.0065	0.0066	0.0066	0.003	0.003	0.003	0.003	0.0029	0.0029	0.0029	0.0029	0.0029	0.0029	0.0016	0.0016	0.0016	0.0016	0.0029	0.0029	0.003	0.003	0.0016	0.0015	0.0016	0.0016	0.0016	0.0009	0.0016	0.0009
0.0758	0.0776	0.0784	0.3634	0.0814	0.0832	0.0052	0.0052	0.0175	0.0053	0.0053	0.0053	0.0178	0.0053	0.0054	0.0178	0.0053	0.0054	0.0182	0.0185	0.0054	0.0022	0.0043	0.0022	0.0022	0.0043	0.0022	0.0022	0.0043	0.0043	0.0022	0.0043	0.0022	0.0022	0.0043	0.0044	0.0022	0.0043	0.0044	0.0022	0.0044	0.0019	0.0012	0.0012	0.0019	0.002	0.0012	0.0019	0.002	0.0012	0.002	0.002	0.002	0.0012	0.002	0.002	0.001	0.001	0.0007	0.0011	0.0011	0.0011	0.0006
0.0484	0.0489	0.0494	0.4436	0.0509	0.0516	0.0058	0.0058	0.024	0.0059	0.0059	0.0058	0.0243	0.0059	0.0059	0.0245	0.0059	0.006	0.0252	0.0255	0.006	0.0026	0.0056	0.0026	0.0026	0.0057	0.0026	0.0026	0.0057	0.0058	0.0026	0.0057	0.0026	0.0026	0.0058	0.0058	0.0026	0.0058	0.0058	0.0026	0.0059	0.0025	0.0014	0.0014	0.0026	0.0026	0.0014	0.0026	0.0026	0.0014	0.0026	0.0026	0.0026	0.0014	0.0026	0.0026	0.0014	0.0014	0.0008	0.0014	0.0014	0.0014	0.0008
0.0367	0.0369	0.0371	0.6789	0.0379	0.0382	0.0025	0.0025	0.0111	0.0025	0.0025	0.0025	0.0112	0.0025	0.0025	0.0112	0.0025	0.0025	0.0114	0.0115	0.0025	0.0012	0.0023	0.0012	0.0012	0.0023	0.0012	0.0012	0.0023	0.0023	0.0012	0.0023	0.0012	0.0012	0.0023	0.0023	0.0012	0.0023	0.0023	0.0012	0.0023	0.0011	0.0007	0.0007	0.0011	0.0011	0.0007	0.0011	0.0011	0.0007	0.0011	0.0011	0.0011	0.0007	0.0011	0.0011	0.0006	0.0006	0.0004	0.0006	0.0006	0.0006	0.0004
0.0367	0.0369	0.0371	0.6789	0.0379	0.0382	0.0025	0.0025	0.0111	0.0025	0.0025	0.0025	0.0112	0.0025	0.0025	0.0112	0.0025	0.0025	0.0114	0.0115	0.0025	0.0012	0.0023	0.0012	0.0012	0.0023	0.0012	0.0012	0.0023	0.0023	0.0012	0.0023	0.0012	0.0012	0.0023	0.0023	0.0012	0.0023	0.0023	0.0012	0.0023	0.0011	0.0007	0.0007	0.0011	0.0011	0.0007	0.0011	0.0011	0.0007	0.0011	0.0011	0.0011	0.0007	0.0011	0.0011	0.0006	0.0006	0.0004	0.0006	0.0006	0.0006	0.0004
0.2222	0.2304	0.0995	0.1004	0.1014	0.1024	0.0106	0.0069	0.0069	0.007	0.0071	0.0069	0.007	0.0071	0.0072	0.003	0.003	0.003	0.003	0.003	0.0031	0.0026	0.0026	0.0026	0.0027	0.002	0.002	0.002	0.002	0.002	0.002	0.002	0.002	0.002	0.002	0.002	0.002	0.0013	0.0013	0.0013	0.0013	0.0012	0.0012	0.0012	0.0012	0.0012	0.0012	0.0009	0.0009	0.0009	0.001	0.0009	0.0009	0.001	0.001	0.0007	0.0006	0.0006	0.0006	0.0006	0.0005	0.0005	0.0004
0.32	0.0767	0.0779	0.0792	0.0807	0.0823	0.021	0.0212	0.0215	0.0218	0.0221	0.0058	0.0059	0.0059	0.0059	0.0059	0.0059	0.006	0.006	0.006	0.006	0.0051	0.0052	0.0052	0.0052	0.0052	0.0052	0.0053	0.0053	0.0053	0.0053	0.0025	0.0025	0.0025	0.0025	0.0026	0.0026	0.0025	0.0026	0.0026	0.0026	0.0023	0.0024	0.0024	0.0024	0.0024	0.0024	0.0024	0.0024	0.0024	0.0024	0.0013	0.0013	0.0014	0.0014	0.0014	0.0013	0.0013	0.0013	0.0013	0.0013	0.0008	0.0008
0.3491	0.0678	0.0686	0.0696	0.0706	0.0718	0.0231	0.0233	0.0236	0.0238	0.0242	0.006	0.006	0.006	0.0061	0.006	0.0061	0.0061	0.0061	0.0061	0.0062	0.0056	0.0056	0.0056	0.0056	0.0056	0.0056	0.0057	0.0057	0.0057	0.0057	0.0026	0.0026	0.0026	0.0026	0.0027	0.0027	0.0027	0.0027	0.0027	0.0027	0.0025	0.0025	0.0025	0.0025	0.0025	0.0026	0.0025	0.0026	0.0026	0.0026	0.0014	0.0014	0.0014	0.0014	0.0014	0.0014	0.0014	0.0014	0.0014	0.0014	0.0008	0.0008
0.4444	0.0542	0.0546	0.0551	0.0557	0.0562	0.0219	0.0221	0.0222	0.0224	0.0226	0.0054	0.0054	0.0054	0.0054	0.0054	0.0054	0.0055	0.0055	0.0055	0.0055	0.0052	0.0052	0.0052	0.0052	0.0052	0.0052	0.0052	0.0052	0.0052	0.0052	0.0024	0.0024	0.0024	0.0024	0.0024	0.0024	0.0024	0.0024	0.0024	0.0024	0.0023	0.0023	0.0024	0.0024	0.0024	0.0024	0.0024	0.0024	0.0024	0.0024	0.0013	0.0013	0.0013	0.0013	0.0013	0.0013	0.0013	0.0013	0.0013	0.0013	0.0008	0.0008
0.4444	0.0542	0.0546	0.0551	0.0557	0.0562	0.0219	0.0221	0.0222	0.0224	0.0226	0.0054	0.0054	0.0054	0.0054	0.0054	0.0054	0.0055	0.0055	0.0055	0.0055	0.0052	0.0052	0.0052	0.0052	0.0052	0.0052	0.0052	0.0052	0.0052	0.0052	0.0024	0.0024	0.0024	0.0024	0.0024	0.0024	0.0024	0.0024	0.0024	0.0024	0.0023	0.0023	0.0024	0.0024	0.0024	0.0024	0.0024	0.0024	0.0024	0.0024	0.0013	0.0013	0.0013	0.0013	0.0013	0.0013	0.0013	0.0013	0.0013	0.0013	0.0008	0.0008
0.3789	0.0619	0.0626	0.0633	0.0642	0.065	0.0236	0.0238	0.024	0.0243	0.0245	0.0059	0.006	0.006	0.006	0.006	0.006	0.006	0.006	0.0061	0.0061	0.0056	0.0056	0.0057	0.0057	0.0056	0.0057	0.0057	0.0057	0.0057	0.0057	0.0026	0.0026	0.0026	0.0026	0.0026	0.0026	0.0026	0.0026	0.0027	0.0027	0.0025	0.0025	0.0025	0.0025	0.0026	0.0026	0.0025	0.0026	0.0026	0.0026	0.0014	0.0014	0.0014	0.0014	0.0014	0.0014	0.0014	0.0014	0.0014	0.0014	0.0008	0.0008
0.5951	0.0305	0.0306	0.0308	0.0309	0.0311	0.0206	0.0207	0.0208	0.0209	0.021	0.0046	0.0046	0.0046	0.0046	0.0046	0.0046	0.0047	0.0047	0.0047	0.0047	0.0046	0.0046	0.0046	0.0046	0.0046	0.0046	0.0046	0.0046	0.0046	0.0046	0.0021	0.0021	0.0021	0.0021	0.0021	0.0021	0.0021	0.0021	0.0021	0.0021	0.0021	0.0021	0.0021	0.0021	0.0021	0.0021	0.0021	0.0021	0.0021	0.0021	0.0011	0.0011	0.0011	0.0011	0.0011	0.0011	0.0011	0.0011	0.0011	0.0011	0.0007	0.0007
0.8691	0.013	0.013	0.013	0.013	0.0131	0.0066	0.0066	0.0067	0.0067	0.0067	0.001	0.001	0.001	0.001	0.001	0.001	0.001	0.001	0.001	0.001	0.001	0.001	0.001	0.001	0.001	0.001	0.001	0.001	0.001	0.001	0.0005	0.0005	0.0005	0.0005	0.0005	0.0005	0.0005	0.0005	0.0005	0.0005	0.0005	0.0005	0.0005	0.0005	0.0005	0.0005	0.0005	0.0005	0.0005	0.0005	0.0003	0.0003	0.0003	0.0003	0.0003	0.0003	0.0003	0.0003	0.0003	0.0003	0.0002	0.0002
0.7954	0.0192	0.0192	0.0193	0.0193	0.0193	0.0088	0.0088	0.0088	0.0088	0.0088	0.002	0.002	0.002	0.002	0.002	0.002	0.002	0.002	0.002	0.002	0.0019	0.0019	0.0019	0.0019	0.0019	0.0019	0.0019	0.0019	0.0019	0.0019	0.001	0.001	0.001	0.001	0.001	0.001	0.001	0.001	0.001	0.001	0.001	0.001	0.001	0.001	0.001	0.001	0.001	0.001	0.001	0.001	0.0006	0.0006	0.0006	0.0006	0.0006	0.0006	0.0006	0.0006	0.0006	0.0006	0.0004	0.0003
0.7954	0.0192	0.0192	0.0193	0.0193	0.0193	0.0088	0.0088	0.0088	0.0088	0.0088	0.002	0.002	0.002	0.002	0.002	0.002	0.002	0.002	0.002	0.002	0.0019	0.0019	0.0019	0.0019	0.0019	0.0019	0.0019	0.0019	0.0019	0.0019	0.001	0.001	0.001	0.001	0.001	0.001	0.001	0.001	0.001	0.001	0.001	0.001	0.001	0.001	0.001	0.001	0.001	0.001	0.001	0.001	0.0006	0.0006	0.0006	0.0006	0.0006	0.0006	0.0006	0.0006	0.0006	0.0006	0.0004	0.0003
0.8295	0.0141	0.0142	0.0142	0.0143	0.0143	0.0094	0.0094	0.0094	0.0095	0.0095	0.0016	0.0016	0.0016	0.0016	0.0016	0.0016	0.0016	0.0016	0.0016	0.0016	0.0016	0.0016	0.0016	0.0016	0.0016	0.0016	0.0016	0.0016	0.0016	0.0016	0.0007	0.0007	0.0007	0.0007	0.0007	0.0007	0.0007	0.0007	0.0007	0.0007	0.0007	0.0007	0.0007	0.0007	0.0007	0.0007	0.0007	0.0007	0.0007	0.0007	0.0004	0.0004	0.0004	0.0004	0.0004	0.0004	0.0004	0.0004	0.0004	0.0004	0.0003	0.0003
0.6975	0.0249	0.0249	0.025	0.025	0.0251	0.0144	0.0145	0.0145	0.0145	0.0145	0.0033	0.0033	0.0033	0.0033	0.0033	0.0033	0.0033	0.0033	0.0033	0.0033	0.0032	0.0032	0.0032	0.0032	0.0032	0.0032	0.0032	0.0032	0.0032	0.0032	0.0015	0.0015	0.0015	0.0015	0.0015	0.0015	0.0015	0.0015	0.0015	0.0015	0.0015	0.0015	0.0015	0.0015	0.0015	0.0015	0.0015	0.0015	0.0015	0.0015	0.0008	0.0008	0.0008	0.0008	0.0008	0.0008	0.0008	0.0008	0.0008	0.0008	0.0005	0.0005
0.8059	0.0158	0.0158	0.0158	0.0159	0.0159	0.0096	0.0096	0.0096	0.0097	0.0097	0.002	0.002	0.002	0.002	0.002	0.002	0.002	0.002	0.002	0.002	0.002	0.002	0.002	0.002	0.002	0.002	0.002	0.002	0.002	0.002	0.001	0.001	0.001	0.001	0.001	0.001	0.001	0.001	0.001	0.001	0.001	0.001	0.001	0.001	0.001	0.001	0.001	0.001	0.001	0.001	0.0006	0.0006	0.0006	0.0006	0.0006	0.0006	0.0006	0.0006	0.0006	0.0006	0.0004	0.0004
0.8773	0.0108	0.0108	0.0108	0.0108	0.0108	0.0058	0.0058	0.0058	0.0058	0.0058	0.0012	0.0012	0.0012	0.0012	0.0012	0.0012	0.0012	0.0012	0.0012	0.0012	0.0012	0.0012	0.0012	0.0012	0.0012	0.0012	0.0012	0.0012	0.0012	0.0012	0.0006	0.0006	0.0006	0.0006	0.0006	0.0006	0.0006	0.0006	0.0006	0.0006	0.0006	0.0006	0.0006	0.0006	0.0006	0.0006	0.0006	0.0006	0.0006	0.0006	0.0004	0.0004	0.0004	0.0004	0.0004	0.0004	0.0004	0.0004	0.0004	0.0004	0.0002	0.0002
0.8699	0.0121	0.0121	0.0121	0.0121	0.0121	0.0057	0.0057	0.0057	0.0057	0.0057	0.0012	0.0012	0.0012	0.0012	0.0012	0.0012	0.0012	0.0012	0.0012	0.0012	0.0012	0.0012	0.0012	0.0012	0.0012	0.0012	0.0012	0.0012	0.0012	0.0012	0.0006	0.0006	0.0006	0.0006	0.0006	0.0006	0.0006	0.0006	0.0006	0.0006	0.0006	0.0006	0.0006	0.0006	0.0006	0.0006	0.0006	0.0006	0.0006	0.0006	0.0004	0.0004	0.0004	0.0004	0.0004	0.0004	0.0004	0.0004	0.0004	0.0004	0.0002	0.0002
0.8699	0.0121	0.0121	0.0121	0.0121	0.0121	0.0057	0.0057	0.0057	0.0057	0.0057	0.0012	0.0012	0.0012	0.0012	0.0012	0.0012	0.0012	0.0012	0.0012	0.0012	0.0012	0.0012	0.0012	0.0012	0.0012	0.0012	0.0012	0.0012	0.0012	0.0012	0.0006	0.0006	0.0006	0.0006	0.0006	0.0006	0.0006	0.0006	0.0006	0.0006	0.0006	0.0006	0.0006	0.0006	0.0006	0.0006	0.0006	0.0006	0.0006	0.0006	0.0004	0.0004	0.0004	0.0004	0.0004	0.0004	0.0004	0.0004	0.0004	0.0004	0.0002	0.0002
0.9434	0.0064	0.0065	0.0065	0.0065	0.0065	0.002	0.002	0.002	0.002	0.002	0.0004	0.0004	0.0004	0.0004	0.0004	0.0004	0.0004	0.0004	0.0004	0.0004	0.0004	0.0004	0.0004	0.0004	0.0004	0.0004	0.0004	0.0004	0.0004	0.0004	0.0002	0.0002	0.0002	0.0002	0.0002	0.0002	0.0002	0.0002	0.0002	0.0002	0.0002	0.0002	0.0002	0.0002	0.0002	0.0002	0.0002	0.0002	0.0002	0.0002	0.0001	0.0001	0.0001	0.0001	0.0001	0.0001	0.0001	0.0001	0.0001	0.0001	0.0001	0.0001
0.8404	0.0149	0.015	0.015	0.015	0.015	0.0072	0.0072	0.0072	0.0072	0.0072	0.0015	0.0015	0.0015	0.0015	0.0015	0.0015	0.0015	0.0015	0.0015	0.0015	0.0015	0.0015	0.0015	0.0015	0.0015	0.0015	0.0015	0.0015	0.0015	0.0015	0.0007	0.0007	0.0007	0.0007	0.0007	0.0007	0.0007	0.0007	0.0007	0.0007	0.0007	0.0007	0.0007	0.0007	0.0007	0.0007	0.0007	0.0007	0.0007	0.0007	0.0004	0.0004	0.0004	0.0004	0.0004	0.0004	0.0004	0.0004	0.0004	0.0004	0.0003	0.0003
0.7539	0.0221	0.0221	0.0221	0.0222	0.0222	0.011	0.011	0.011	0.011	0.011	0.0025	0.0025	0.0025	0.0025	0.0025	0.0025	0.0025	0.0025	0.0025	0.0025	0.0024	0.0024	0.0024	0.0024	0.0024	0.0024	0.0024	0.0024	0.0024	0.0024	0.0012	0.0012	0.0012	0.0012	0.0012	0.0012	0.0012	0.0012	0.0012	0.0012	0.0012	0.0012	0.0012	0.0012	0.0012	0.0012	0.0012	0.0012	0.0012	0.0012	0.0007	0.0007	0.0007	0.0007	0.0007	0.0007	0.0007	0.0007	0.0007	0.0007	0.0004	0.0004
0.7539	0.0221	0.0221	0.0221	0.0222	0.0222	0.011	0.011	0.011	0.011	0.011	0.0025	0.0025	0.0025	0.0025	0.0025	0.0025	0.0025	0.0025	0.0025	0.0025	0.0024	0.0024	0.0024	0.0024	0.0024	0.0024	0.0024	0.0024	0.0024	0.0024	0.0012	0.0012	0.0012	0.0012	0.0012	0.0012	0.0012	0.0012	0.0012	0.0012	0.0012	0.0012	0.0012	0.0012	0.0012	0.0012	0.0012	0.0012	0.0012	0.0012	0.0007	0.0007	0.0007	0.0007	0.0007	0.0007	0.0007	0.0007	0.0007	0.0007	0.0004	0.0004
0.6826	0.0284	0.0285	0.0285	0.0286	0.0287	0.0143	0.0143	0.0143	0.0144	0.0144	0.0032	0.0032	0.0032	0.0032	0.0032	0.0032	0.0032	0.0032	0.0032	0.0032	0.0032	0.0032	0.0032	0.0032	0.0032	0.0032	0.0032	0.0032	0.0032	0.0032	0.0015	0.0015	0.0015	0.0015	0.0015	0.0015	0.0015	0.0015	0.0015	0.0015	0.0015	0.0015	0.0015	0.0015	0.0015	0.0015	0.0015	0.0015	0.0015	0.0015	0.0008	0.0008	0.0008	0.0008	0.0008	0.0008	0.0008	0.0008	0.0008	0.0008	0.0005	0.0005
0.6826	0.0284	0.0285	0.0285	0.0286	0.0287	0.0143	0.0143	0.0143	0.0144	0.0144	0.0032	0.0032	0.0032	0.0032	0.0032	0.0032	0.0032	0.0032	0.0032	0.0032	0.0032	0.0032	0.0032	0.0032	0.0032	0.0032	0.0032	0.0032	0.0032	0.0032	0.0015	0.0015	0.0015	0.0015	0.0015	0.0015	0.0015	0.0015	0.0015	0.0015	0.0015	0.0015	0.0015	0.0015	0.0015	0.0015	0.0015	0.0015	0.0015	0.0015	0.0008	0.0008	0.0008	0.0008	0.0008	0.0008	0.0008	0.0008	0.0008	0.0008	0.0005	0.0005
0.571	0.0402	0.0404	0.0407	0.0409	0.0412	0.0184	0.0185	0.0186	0.0187	0.0188	0.0042	0.0042	0.0042	0.0042	0.0042	0.0042	0.0042	0.0042	0.0042	0.0042	0.0041	0.0041	0.0041	0.0041	0.0041	0.0041	0.0041	0.0041	0.0041	0.0041	0.0019	0.0019	0.0019	0.0019	0.0019	0.0019	0.0019	0.0019	0.0019	0.0019	0.0019	0.0019	0.0019	0.0019	0.0019	0.0019	0.0019	0.0019	0.0019	0.0019	0.001	0.001	0.001	0.001	0.001	0.001	0.001	0.001	0.001	0.001	0.0006	0.0006
0.571	0.0402	0.0404	0.0407	0.0409	0.0412	0.0184	0.0185	0.0186	0.0187	0.0188	0.0042	0.0042	0.0042	0.0042	0.0042	0.0042	0.0042	0.0042	0.0042	0.0042	0.0041	0.0041	0.0041	0.0041	0.0041	0.0041	0.0041	0.0041	0.0041	0.0041	0.0019	0.0019	0.0019	0.0019	0.0019	0.0019	0.0019	0.0019	0.0019	0.0019	0.0019	0.0019	0.0019	0.0019	0.0019	0.0019	0.0019	0.0019	0.0019	0.0019	0.001	0.001	0.001	0.001	0.001	0.001	0.001	0.001	0.001	0.001	0.0006	0.0006
0.5677	0.0403	0.0405	0.0408	0.041	0.0413	0.0186	0.0187	0.0188	0.0189	0.019	0.0042	0.0042	0.0043	0.0043	0.0043	0.0043	0.0043	0.0043	0.0043	0.0043	0.0041	0.0041	0.0041	0.0041	0.0041	0.0041	0.0041	0.0041	0.0042	0.0042	0.0019	0.0019	0.0019	0.0019	0.0019	0.0019	0.0019	0.0019	0.0019	0.002	0.0019	0.0019	0.0019	0.0019	0.0019	0.0019	0.0019	0.0019	0.0019	0.0019	0.0011	0.0011	0.0011	0.0011	0.0011	0.001	0.001	0.001	0.001	0.001	0.0006	0.0006
0.5677	0.0403	0.0405	0.0408	0.041	0.0413	0.0186	0.0187	0.0188	0.0189	0.019	0.0042	0.0042	0.0043	0.0043	0.0043	0.0043	0.0043	0.0043	0.0043	0.0043	0.0041	0.0041	0.0041	0.0041	0.0041	0.0041	0.0041	0.0041	0.0042	0.0042	0.0019	0.0019	0.0019	0.0019	0.0019	0.0019	0.0019	0.0019	0.0019	0.002	0.0019	0.0019	0.0019	0.0019	0.0019	0.0019	0.0019	0.0019	0.0019	0.0019	0.0011	0.0011	0.0011	0.0011	0.0011	0.001	0.001	0.001	0.001	0.001	0.0006	0.0006
0.8123	0.0214	0.0215	0.0216	0.0217	0.0217	0.0074	0.0074	0.0075	0.0075	0.0075	0.0013	0.0013	0.0013	0.0013	0.0013	0.0013	0.0013	0.0013	0.0013	0.0013	0.0013	0.0013	0.0013	0.0013	0.0013	0.0013	0.0013	0.0013	0.0013	0.0013	0.0006	0.0006	0.0006	0.0006	0.0006	0.0006	0.0006	0.0006	0.0006	0.0006	0.0006	0.0006	0.0006	0.0006	0.0006	0.0006	0.0006	0.0006	0.0006	0.0006	0.0003	0.0004	0.0004	0.0004	0.0004	0.0003	0.0003	0.0003	0.0003	0.0003	0.0002	0.0002
0.4999	0.0578	0.0582	0.0587	0.0591	0.0596	0.0162	0.0162	0.0163	0.0164	0.0164	0.0041	0.0041	0.0042	0.0042	0.0041	0.0042	0.0042	0.0042	0.0042	0.0042	0.0037	0.0037	0.0037	0.0037	0.0037	0.0037	0.0037	0.0037	0.0038	0.0038	0.0018	0.0018	0.0018	0.0018	0.0018	0.0018	0.0018	0.0018	0.0018	0.0018	0.0017	0.0017	0.0017	0.0017	0.0017	0.0017	0.0017	0.0017	0.0017	0.0017	0.001	0.001	0.001	0.001	0.001	0.0009	0.0009	0.0009	0.0009	0.0009	0.0006	0.0006
0.4999	0.0578	0.0582	0.0587	0.0591	0.0596	0.0162	0.0162	0.0163	0.0164	0.0164	0.0041	0.0041	0.0042	0.0042	0.0041	0.0042	0.0042	0.0042	0.0042	0.0042	0.0037	0.0037	0.0037	0.0037	0.0037	0.0037	0.0037	0.0037	0.0038	0.0038	0.0018	0.0018	0.0018	0.0018	0.0018	0.0018	0.0018	0.0018	0.0018	0.0018	0.0017	0.0017	0.0017	0.0017	0.0017	0.0017	0.0017	0.0017	0.0017	0.0017	0.001	0.001	0.001	0.001	0.001	0.0009	0.0009	0.0009	0.0009	0.0009	0.0006	0.0006
0.6056	0.0349	0.035	0.0352	0.0353	0.0355	0.0177	0.0178	0.0179	0.0179	0.018	0.0041	0.0041	0.0041	0.0041	0.0041	0.0041	0.0041	0.0041	0.0041	0.0041	0.004	0.004	0.004	0.004	0.004	0.004	0.004	0.004	0.004	0.004	0.0019	0.0019	0.0019	0.0019	0.0019	0.0019	0.0019	0.0019	0.0019	0.0019	0.0018	0.0018	0.0018	0.0018	0.0018	0.0019	0.0018	0.0019	0.0019	0.0019	0.001	0.001	0.001	0.001	0.001	0.001	0.001	0.001	0.001	0.001	0.0006	0.0006
0.7451	0.0216	0.0217	0.0218	0.0218	0.0219	0.012	0.012	0.0121	0.0121	0.0121	0.0026	0.0026	0.0026	0.0026	0.0026	0.0026	0.0026	0.0026	0.0026	0.0026	0.0026	0.0026	0.0026	0.0026	0.0026	0.0026	0.0026	0.0026	0.0026	0.0026	0.0013	0.0013	0.0013	0.0013	0.0013	0.0013	0.0013	0.0013	0.0013	0.0013	0.0013	0.0013	0.0013	0.0013	0.0013	0.0013	0.0013	0.0013	0.0013	0.0013	0.0007	0.0007	0.0007	0.0007	0.0007	0.0007	0.0007	0.0007	0.0007	0.0007	0.0005	0.0005
0.5934	0.038	0.0382	0.0384	0.0385	0.0387	0.0175	0.0175	0.0176	0.0176	0.0177	0.004	0.004	0.004	0.0041	0.004	0.004	0.0041	0.0041	0.0041	0.0041	0.0039	0.0039	0.0039	0.0039	0.0039	0.0039	0.0039	0.0039	0.0039	0.0039	0.0018	0.0018	0.0018	0.0018	0.0018	0.0018	0.0018	0.0018	0.0018	0.0018	0.0018	0.0018	0.0018	0.0018	0.0018	0.0018	0.0018	0.0018	0.0018	0.0018	0.001	0.001	0.001	0.001	0.001	0.001	0.001	0.001	0.001	0.001	0.0006	0.0006
0.5934	0.038	0.0382	0.0384	0.0385	0.0387	0.0175	0.0175	0.0176	0.0176	0.0177	0.004	0.004	0.004	0.0041	0.004	0.004	0.0041	0.0041	0.0041	0.0041	0.0039	0.0039	0.0039	0.0039	0.0039	0.0039	0.0039	0.0039	0.0039	0.0039	0.0018	0.0018	0.0018	0.0018	0.0018	0.0018	0.0018	0.0018	0.0018	0.0018	0.0018	0.0018	0.0018	0.0018	0.0018	0.0018	0.0018	0.0018	0.0018	0.0018	0.001	0.001	0.001	0.001	0.001	0.001	0.001	0.001	0.001	0.001	0.0006	0.0006
0.7885	0.0178	0.0178	0.0178	0.0178	0.0179	0.0099	0.0099	0.0099	0.0099	0.0099	0.0022	0.0022	0.0022	0.0022	0.0022	0.0022	0.0022	0.0022	0.0022	0.0022	0.0022	0.0022	0.0022	0.0022	0.0022	0.0022	0.0022	0.0022	0.0022	0.0022	0.0011	0.0011	0.0011	0.0011	0.0011	0.0011	0.0011	0.0011	0.0011	0.0011	0.0011	0.0011	0.0011	0.0011	0.0011	0.0011	0.0011	0.0011	0.0011	0.0011	0.0006	0.0006	0.0006	0.0006	0.0006	0.0006	0.0006	0.0006	0.0006	0.0006	0.0004	0.0004
0.8692	0.0144	0.0144	0.0144	0.0144	0.0144	0.005	0.005	0.005	0.005	0.005	0.001	0.001	0.001	0.001	0.001	0.001	0.001	0.001	0.001	0.001	0.001	0.001	0.001	0.001	0.001	0.001	0.001	0.001	0.001	0.001	0.0005	0.0005	0.0005	0.0005	0.0005	0.0005	0.0005	0.0005	0.0005	0.0005	0.0005	0.0005	0.0005	0.0005	0.0005	0.0005	0.0005	0.0005	0.0005	0.0005	0.0003	0.0003	0.0003	0.0003	0.0003	0.0003	0.0003	0.0003	0.0003	0.0003	0.0002	0.0002
0.8692	0.0144	0.0144	0.0144	0.0144	0.0144	0.005	0.005	0.005	0.005	0.005	0.001	0.001	0.001	0.001	0.001	0.001	0.001	0.001	0.001	0.001	0.001	0.001	0.001	0.001	0.001	0.001	0.001	0.001	0.001	0.001	0.0005	0.0005	0.0005	0.0005	0.0005	0.0005	0.0005	0.0005	0.0005	0.0005	0.0005	0.0005	0.0005	0.0005	0.0005	0.0005	0.0005	0.0005	0.0005	0.0005	0.0003	0.0003	0.0003	0.0003	0.0003	0.0003	0.0003	0.0003	0.0003	0.0003	0.0002	0.0002
0.6701	0.0327	0.0327	0.0328	0.0329	0.033	0.0134	0.0134	0.0134	0.0134	0.0134	0.0031	0.0031	0.0031	0.0031	0.0031	0.0031	0.0031	0.0031	0.0031	0.0031	0.003	0.003	0.003	0.003	0.003	0.003	0.003	0.003	0.003	0.003	0.0014	0.0014	0.0014	0.0014	0.0014	0.0015	0.0014	0.0015	0.0015	0.0015	0.0014	0.0014	0.0014	0.0014	0.0014	0.0014	0.0014	0.0014	0.0014	0.0014	0.0008	0.0008	0.0008	0.0008	0.0008	0.0008	0.0008	0.0008	0.0008	0.0008	0.0005	0.0005
0.6701	0.0327	0.0327	0.0328	0.0329	0.033	0.0134	0.0134	0.0134	0.0134	0.0134	0.0031	0.0031	0.0031	0.0031	0.0031	0.0031	0.0031	0.0031	0.0031	0.0031	0.003	0.003	0.003	0.003	0.003	0.003	0.003	0.003	0.003	0.003	0.0014	0.0014	0.0014	0.0014	0.0014	0.0015	0.0014	0.0015	0.0015	0.0015	0.0014	0.0014	0.0014	0.0014	0.0014	0.0014	0.0014	0.0014	0.0014	0.0014	0.0008	0.0008	0.0008	0.0008	0.0008	0.0008	0.0008	0.0008	0.0008	0.0008	0.0005	0.0005
0.8468	0.0129	0.0129	0.0129	0.0129	0.0129	0.007	0.007	0.007	0.007	0.007	0.0016	0.0016	0.0016	0.0016	0.0016	0.0016	0.0016	0.0016	0.0016	0.0016	0.0016	0.0016	0.0016	0.0016	0.0016	0.0016	0.0016	0.0016	0.0016	0.0016	0.0008	0.0008	0.0008	0.0008	0.0008	0.0008	0.0008	0.0008	0.0008	0.0008	0.0008	0.0008	0.0008	0.0008	0.0008	0.0008	0.0008	0.0008	0.0008	0.0008	0.0005	0.0005	0.0005	0.0005	0.0005	0.0005	0.0005	0.0005	0.0005	0.0005	0.0003	0.0003
0.6815	0.0286	0.0287	0.0287	0.0288	0.0289	0.0142	0.0142	0.0142	0.0142	0.0142	0.0032	0.0032	0.0033	0.0033	0.0033	0.0033	0.0033	0.0033	0.0033	0.0033	0.0032	0.0032	0.0032	0.0032	0.0032	0.0032	0.0032	0.0032	0.0032	0.0032	0.0015	0.0015	0.0015	0.0015	0.0015	0.0015	0.0015	0.0015	0.0015	0.0015	0.0015	0.0015	0.0015	0.0015	0.0015	0.0015	0.0015	0.0015	0.0015	0.0015	0.0008	0.0008	0.0008	0.0008	0.0008	0.0008	0.0008	0.0008	0.0008	0.0008	0.0005	0.0005
0.6815	0.0286	0.0287	0.0287	0.0288	0.0289	0.0142	0.0142	0.0142	0.0142	0.0142	0.0032	0.0032	0.0033	0.0033	0.0033	0.0033	0.0033	0.0033	0.0033	0.0033	0.0032	0.0032	0.0032	0.0032	0.0032	0.0032	0.0032	0.0032	0.0032	0.0032	0.0015	0.0015	0.0015	0.0015	0.0015	0.0015	0.0015	0.0015	0.0015	0.0015	0.0015	0.0015	0.0015	0.0015	0.0015	0.0015	0.0015	0.0015	0.0015	0.0015	0.0008	0.0008	0.0008	0.0008	0.0008	0.0008	0.0008	0.0008	0.0008	0.0008	0.0005	0.0005
0.914	0.0094	0.0094	0.0094	0.0094	0.0094	0.0034	0.0034	0.0034	0.0034	0.0034	0.0007	0.0007	0.0007	0.0007	0.0007	0.0007	0.0007	0.0007	0.0007	0.0007	0.0007	0.0007	0.0007	0.0007	0.0007	0.0007	0.0007	0.0007	0.0007	0.0007	0.0003	0.0003	0.0003	0.0003	0.0003	0.0003	0.0003	0.0003	0.0003	0.0003	0.0003	0.0003	0.0003	0.0003	0.0003	0.0003	0.0003	0.0003	0.0003	0.0003	0.0002	0.0002	0.0002	0.0002	0.0002	0.0002	0.0002	0.0002	0.0002	0.0002	0.0001	0.0001
0.4846	0.0637	0.0642	0.0648	0.0654	0.066	0.0145	0.0145	0.0146	0.0146	0.0147	0.0041	0.0041	0.0041	0.0041	0.0041	0.0041	0.0041	0.0041	0.0041	0.0041	0.0034	0.0034	0.0034	0.0034	0.0034	0.0034	0.0034	0.0034	0.0034	0.0034	0.0018	0.0018	0.0018	0.0018	0.0018	0.0018	0.0018	0.0018	0.0018	0.0018	0.0016	0.0016	0.0016	0.0016	0.0016	0.0016	0.0016	0.0016	0.0016	0.0016	0.0009	0.0009	0.0009	0.001	0.001	0.0009	0.0009	0.0009	0.0009	0.0009	0.0006	0.0005
0.4846	0.0637	0.0642	0.0648	0.0654	0.066	0.0145	0.0145	0.0146	0.0146	0.0147	0.0041	0.0041	0.0041	0.0041	0.0041	0.0041	0.0041	0.0041	0.0041	0.0041	0.0034	0.0034	0.0034	0.0034	0.0034	0.0034	0.0034	0.0034	0.0034	0.0034	0.0018	0.0018	0.0018	0.0018	0.0018	0.0018	0.0018	0.0018	0.0018	0.0018	0.0016	0.0016	0.0016	0.0016	0.0016	0.0016	0.0016	0.0016	0.0016	0.0016	0.0009	0.0009	0.0009	0.001	0.001	0.0009	0.0009	0.0009	0.0009	0.0009	0.0006	0.0005
0.6917	0.0335	0.0336	0.0337	0.0339	0.034	0.0114	0.0114	0.0115	0.0115	0.0115	0.0026	0.0026	0.0026	0.0026	0.0026	0.0026	0.0026	0.0026	0.0026	0.0026	0.0025	0.0025	0.0025	0.0025	0.0025	0.0025	0.0025	0.0025	0.0025	0.0025	0.0012	0.0012	0.0012	0.0012	0.0012	0.0012	0.0012	0.0012	0.0012	0.0012	0.0012	0.0012	0.0012	0.0012	0.0012	0.0012	0.0012	0.0012	0.0012	0.0012	0.0007	0.0007	0.0007	0.0007	0.0007	0.0007	0.0007	0.0007	0.0007	0.0007	0.0004	0.0004
0.6043	0.0341	0.0342	0.0344	0.0345	0.0347	0.0183	0.0184	0.0185	0.0185	0.0186	0.0041	0.0041	0.0041	0.0042	0.0041	0.0042	0.0042	0.0042	0.0042	0.0042	0.0041	0.0041	0.0041	0.0041	0.0041	0.0041	0.0041	0.0041	0.0041	0.0041	0.0019	0.0019	0.0019	0.0019	0.0019	0.0019	0.0019	0.0019	0.0019	0.0019	0.0019	0.0019	0.0019	0.0019	0.0019	0.0019	0.0019	0.0019	0.0019	0.0019	0.001	0.001	0.001	0.001	0.001	0.001	0.001	0.001	0.001	0.001	0.0006	0.0006
0.7745	0.021	0.021	0.0211	0.0211	0.0212	0.0101	0.0101	0.0101	0.0102	0.0102	0.0021	0.0021	0.0021	0.0021	0.0021	0.0021	0.0021	0.0021	0.0021	0.0021	0.0021	0.0021	0.0021	0.0021	0.0021	0.0021	0.0021	0.0021	0.0021	0.0021	0.001	0.001	0.001	0.001	0.001	0.001	0.001	0.001	0.001	0.001	0.001	0.001	0.001	0.001	0.001	0.001	0.001	0.001	0.001	0.001	0.0006	0.0006	0.0006	0.0006	0.0006	0.0006	0.0006	0.0006	0.0006	0.0006	0.0004	0.0004
0.7743	0.0256	0.0256	0.0257	0.0257	0.0258	0.0078	0.0078	0.0078	0.0078	0.0079	0.0018	0.0018	0.0018	0.0018	0.0018	0.0018	0.0018	0.0018	0.0018	0.0018	0.0017	0.0017	0.0017	0.0017	0.0017	0.0017	0.0017	0.0017	0.0017	0.0017	0.0009	0.0009	0.0009	0.0009	0.0009	0.0009	0.0009	0.0009	0.0009	0.0009	0.0009	0.0009	0.0009	0.0009	0.0009	0.0009	0.0009	0.0009	0.0009	0.0009	0.0005	0.0005	0.0005	0.0005	0.0005	0.0005	0.0005	0.0005	0.0005	0.0005	0.0003	0.0003
0.7743	0.0256	0.0256	0.0257	0.0257	0.0258	0.0078	0.0078	0.0078	0.0078	0.0079	0.0018	0.0018	0.0018	0.0018	0.0018	0.0018	0.0018	0.0018	0.0018	0.0018	0.0017	0.0017	0.0017	0.0017	0.0017	0.0017	0.0017	0.0017	0.0017	0.0017	0.0009	0.0009	0.0009	0.0009	0.0009	0.0009	0.0009	0.0009	0.0009	0.0009	0.0009	0.0009	0.0009	0.0009	0.0009	0.0009	0.0009	0.0009	0.0009	0.0009	0.0005	0.0005	0.0005	0.0005	0.0005	0.0005	0.0005	0.0005	0.0005	0.0005	0.0003	0.0003
0.7647	0.0224	0.0224	0.0225	0.0225	0.0226	0.0104	0.0104	0.0104	0.0105	0.0105	0.0022	0.0022	0.0022	0.0022	0.0022	0.0022	0.0022	0.0022	0.0022	0.0022	0.0021	0.0021	0.0021	0.0021	0.0021	0.0021	0.0021	0.0021	0.0021	0.0021	0.001	0.001	0.001	0.001	0.001	0.001	0.001	0.001	0.001	0.001	0.001	0.001	0.001	0.001	0.001	0.001	0.001	0.001	0.001	0.001	0.0006	0.0006	0.0006	0.0006	0.0006	0.0006	0.0006	0.0006	0.0006	0.0006	0.0004	0.0004
0.5991	0.0367	0.0369	0.037	0.0372	0.0374	0.0175	0.0175	0.0176	0.0176	0.0177	0.004	0.004	0.0041	0.0041	0.0041	0.0041	0.0041	0.0041	0.0041	0.0041	0.0039	0.0039	0.0039	0.004	0.0039	0.004	0.004	0.004	0.004	0.004	0.0018	0.0018	0.0018	0.0018	0.0018	0.0018	0.0018	0.0018	0.0018	0.0019	0.0018	0.0018	0.0018	0.0018	0.0018	0.0018	0.0018	0.0018	0.0018	0.0018	0.001	0.001	0.001	0.001	0.001	0.001	0.001	0.001	0.001	0.001	0.0006	0.0006
0.5991	0.0367	0.0369	0.037	0.0372	0.0374	0.0175	0.0175	0.0176	0.0176	0.0177	0.004	0.004	0.0041	0.0041	0.0041	0.0041	0.0041	0.0041	0.0041	0.0041	0.0039	0.0039	0.0039	0.004	0.0039	0.004	0.004	0.004	0.004	0.004	0.0018	0.0018	0.0018	0.0018	0.0018	0.0018	0.0018	0.0018	0.0018	0.0019	0.0018	0.0018	0.0018	0.0018	0.0018	0.0018	0.0018	0.0018	0.0018	0.0018	0.001	0.001	0.001	0.001	0.001	0.001	0.001	0.001	0.001	0.001	0.0006	0.0006
0.6488	0.0343	0.0344	0.0345	0.0346	0.0348	0.0144	0.0145	0.0145	0.0145	0.0146	0.0033	0.0033	0.0033	0.0033	0.0033	0.0033	0.0033	0.0033	0.0034	0.0034	0.0032	0.0032	0.0032	0.0032	0.0032	0.0032	0.0032	0.0032	0.0032	0.0032	0.0015	0.0016	0.0016	0.0016	0.0016	0.0016	0.0016	0.0016	0.0016	0.0016	0.0015	0.0015	0.0015	0.0015	0.0015	0.0015	0.0015	0.0015	0.0015	0.0015	0.0008	0.0008	0.0009	0.0009	0.0009	0.0008	0.0008	0.0008	0.0008	0.0008	0.0005	0.0005
0.6488	0.0343	0.0344	0.0345	0.0346	0.0348	0.0144	0.0145	0.0145	0.0145	0.0146	0.0033	0.0033	0.0033	0.0033	0.0033	0.0033	0.0033	0.0033	0.0034	0.0034	0.0032	0.0032	0.0032	0.0032	0.0032	0.0032	0.0032	0.0032	0.0032	0.0032	0.0015	0.0016	0.0016	0.0016	0.0016	0.0016	0.0016	0.0016	0.0016	0.0016	0.0015	0.0015	0.0015	0.0015	0.0015	0.0015	0.0015	0.0015	0.0015	0.0015	0.0008	0.0008	0.0009	0.0009	0.0009	0.0008	0.0008	0.0008	0.0008	0.0008	0.0005	0.0005
0.7874	0.0186	0.0186	0.0186	0.0186	0.0186	0.0097	0.0097	0.0097	0.0097	0.0097	0.0022	0.0022	0.0022	0.0022	0.0022	0.0022	0.0022	0.0022	0.0022	0.0022	0.0021	0.0021	0.0021	0.0021	0.0021	0.0021	0.0021	0.0021	0.0021	0.0021	0.0011	0.0011	0.0011	0.0011	0.0011	0.0011	0.0011	0.0011	0.0011	0.0011	0.0011	0.0011	0.0011	0.0011	0.0011	0.0011	0.0011	0.0011	0.0011	0.0011	0.0006	0.0006	0.0006	0.0006	0.0006	0.0006	0.0006	0.0006	0.0006	0.0006	0.0004	0.0004
0.8409	0.0155	0.0155	0.0155	0.0155	0.0156	0.0067	0.0067	0.0067	0.0067	0.0067	0.0014	0.0014	0.0014	0.0014	0.0014	0.0014	0.0014	0.0014	0.0014	0.0014	0.0014	0.0014	0.0014	0.0014	0.0014	0.0014	0.0014	0.0014	0.0014	0.0014	0.0007	0.0007	0.0007	0.0007	0.0007	0.0007	0.0007	0.0007	0.0007	0.0007	0.0007	0.0007	0.0007	0.0007	0.0007	0.0007	0.0007	0.0007	0.0007	0.0007	0.0004	0.0004	0.0004	0.0004	0.0004	0.0004	0.0004	0.0004	0.0004	0.0004	0.0003	0.0003
0.7406	0.028	0.028	0.0281	0.0282	0.0282	0.0095	0.0095	0.0095	0.0095	0.0095	0.0022	0.0022	0.0022	0.0022	0.0022	0.0022	0.0022	0.0022	0.0022	0.0022	0.0021	0.0021	0.0021	0.0021	0.0021	0.0021	0.0021	0.0021	0.0021	0.0021	0.0011	0.0011	0.0011	0.0011	0.0011	0.0011	0.0011	0.0011	0.0011	0.0011	0.0011	0.0011	0.0011	0.0011	0.0011	0.0011	0.0011	0.0011	0.0011	0.0011	0.0006	0.0006	0.0006	0.0006	0.0006	0.0006	0.0006	0.0006	0.0006	0.0006	0.0004	0.0004
0.7406	0.028	0.028	0.0281	0.0282	0.0282	0.0095	0.0095	0.0095	0.0095	0.0095	0.0022	0.0022	0.0022	0.0022	0.0022	0.0022	0.0022	0.0022	0.0022	0.0022	0.0021	0.0021	0.0021	0.0021	0.0021	0.0021	0.0021	0.0021	0.0021	0.0021	0.0011	0.0011	0.0011	0.0011	0.0011	0.0011	0.0011	0.0011	0.0011	0.0011	0.0011	0.0011	0.0011	0.0011	0.0011	0.0011	0.0011	0.0011	0.0011	0.0011	0.0006	0.0006	0.0006	0.0006	0.0006	0.0006	0.0006	0.0006	0.0006	0.0006	0.0004	0.0004
0.8709	0.0131	0.0131	0.0131	0.0131	0.0131	0.0052	0.0052	0.0052	0.0052	0.0052	0.0011	0.0011	0.0011	0.0011	0.0011	0.0011	0.0011	0.0011	0.0011	0.0011	0.0011	0.0011	0.0011	0.0011	0.0011	0.0011	0.0011	0.0011	0.0011	0.0011	0.0006	0.0006	0.0006	0.0006	0.0006	0.0006	0.0006	0.0006	0.0006	0.0006	0.0006	0.0006	0.0006	0.0006	0.0006	0.0006	0.0006	0.0006	0.0006	0.0006	0.0003	0.0003	0.0003	0.0003	0.0003	0.0003	0.0003	0.0003	0.0003	0.0003	0.0002	0.0002
0.7231	0.025	0.0251	0.0251	0.0252	0.0252	0.0122	0.0122	0.0122	0.0122	0.0122	0.0028	0.0028	0.0028	0.0028	0.0028	0.0028	0.0028	0.0028	0.0028	0.0028	0.0027	0.0027	0.0027	0.0027	0.0027	0.0027	0.0027	0.0027	0.0027	0.0027	0.0013	0.0013	0.0013	0.0013	0.0013	0.0013	0.0013	0.0013	0.0013	0.0013	0.0013	0.0013	0.0013	0.0013	0.0013	0.0013	0.0013	0.0013	0.0013	0.0013	0.0007	0.0007	0.0007	0.0007	0.0007	0.0007	0.0007	0.0007	0.0007	0.0007	0.0005	0.0005
0.6709	0.0281	0.0282	0.0283	0.0284	0.0284	0.0154	0.0155	0.0155	0.0155	0.0155	0.0035	0.0035	0.0035	0.0035	0.0035	0.0035	0.0035	0.0035	0.0035	0.0035	0.0034	0.0034	0.0034	0.0034	0.0034	0.0034	0.0034	0.0034	0.0034	0.0034	0.0016	0.0016	0.0016	0.0016	0.0016	0.0016	0.0016	0.0016	0.0016	0.0016	0.0016	0.0016	0.0016	0.0016	0.0016	0.0016	0.0016	0.0016	0.0016	0.0016	0.0009	0.0009	0.0009	0.0009	0.0009	0.0009	0.0009	0.0009	0.0009	0.0009	0.0005	0.0005
0.6709	0.0281	0.0282	0.0283	0.0284	0.0284	0.0154	0.0155	0.0155	0.0155	0.0155	0.0035	0.0035	0.0035	0.0035	0.0035	0.0035	0.0035	0.0035	0.0035	0.0035	0.0034	0.0034	0.0034	0.0034	0.0034	0.0034	0.0034	0.0034	0.0034	0.0034	0.0016	0.0016	0.0016	0.0016	0.0016	0.0016	0.0016	0.0016	0.0016	0.0016	0.0016	0.0016	0.0016	0.0016	0.0016	0.0016	0.0016	0.0016	0.0016	0.0016	0.0009	0.0009	0.0009	0.0009	0.0009	0.0009	0.0009	0.0009	0.0009	0.0009	0.0005	0.0005
0.9143	0.0083	0.0083	0.0083	0.0083	0.0084	0.0044	0.0044	0.0044	0.0044	0.0044	0.0007	0.0007	0.0007	0.0007	0.0007	0.0007	0.0007	0.0007	0.0007	0.0007	0.0007	0.0007	0.0007	0.0007	0.0007	0.0007	0.0007	0.0007	0.0007	0.0007	0.0003	0.0003	0.0003	0.0003	0.0003	0.0003	0.0003	0.0003	0.0003	0.0003	0.0003	0.0003	0.0003	0.0003	0.0003	0.0003	0.0003	0.0003	0.0003	0.0003	0.0002	0.0002	0.0002	0.0002	0.0002	0.0002	0.0002	0.0002	0.0002	0.0002	0.0001	0.0001
0.9412	0.0063	0.0063	0.0063	0.0063	0.0063	0.0024	0.0024	0.0024	0.0024	0.0024	0.0004	0.0004	0.0004	0.0004	0.0004	0.0004	0.0004	0.0004	0.0004	0.0004	0.0004	0.0004	0.0004	0.0004	0.0004	0.0004	0.0004	0.0004	0.0004	0.0004	0.0002	0.0002	0.0002	0.0002	0.0002	0.0002	0.0002	0.0002	0.0002	0.0002	0.0002	0.0002	0.0002	0.0002	0.0002	0.0002	0.0002	0.0002	0.0002	0.0002	0.0001	0.0001	0.0001	0.0001	0.0001	0.0001	0.0001	0.0001	0.0001	0.0001	0.0001	0.0001
0.8527	0.0146	0.0146	0.0146	0.0147	0.0147	0.0059	0.0059	0.0059	0.0059	0.0059	0.0013	0.0013	0.0013	0.0013	0.0013	0.0013	0.0013	0.0013	0.0013	0.0013	0.0013	0.0013	0.0013	0.0013	0.0013	0.0013	0.0013	0.0013	0.0013	0.0013	0.0007	0.0007	0.0007	0.0007	0.0007	0.0007	0.0007	0.0007	0.0007	0.0007	0.0007	0.0007	0.0007	0.0007	0.0007	0.0007	0.0007	0.0007	0.0007	0.0007	0.0004	0.0004	0.0004	0.0004	0.0004	0.0004	0.0004	0.0004	0.0004	0.0004	0.0003	0.0003
0.8527	0.0146	0.0146	0.0146	0.0147	0.0147	0.0059	0.0059	0.0059	0.0059	0.0059	0.0013	0.0013	0.0013	0.0013	0.0013	0.0013	0.0013	0.0013	0.0013	0.0013	0.0013	0.0013	0.0013	0.0013	0.0013	0.0013	0.0013	0.0013	0.0013	0.0013	0.0007	0.0007	0.0007	0.0007	0.0007	0.0007	0.0007	0.0007	0.0007	0.0007	0.0007	0.0007	0.0007	0.0007	0.0007	0.0007	0.0007	0.0007	0.0007	0.0007	0.0004	0.0004	0.0004	0.0004	0.0004	0.0004	0.0004	0.0004	0.0004	0.0004	0.0003	0.0003
NaN	NaN	NaN	NaN	NaN	NaN	NaN	NaN	NaN	NaN	NaN	NaN	NaN	NaN	NaN	NaN	NaN	NaN	NaN	NaN	NaN	NaN	NaN	NaN	NaN	NaN	NaN	NaN	NaN	NaN	NaN	NaN	NaN	NaN	NaN	NaN	NaN	NaN	NaN	NaN	NaN	NaN	NaN	NaN	NaN	NaN	NaN	NaN	NaN	NaN	NaN	NaN	NaN	NaN	NaN	NaN	NaN	NaN	NaN	NaN	NaN	NaN	NaN
0.1659	0.1026	0.1005	0.1037	0.1005	0.1005	0.0115	0.0114	0.0116	0.0114	0.0114	0.0068	0.007	0.0068	0.0068	0.0069	0.0067	0.0067	0.0069	0.0069	0.0067	0.0061	0.0061	0.0061	0.0061	0.0061	0.006	0.006	0.0061	0.0061	0.006	0.0049	0.0049	0.0049	0.0049	0.0049	0.0049	0.0049	0.0049	0.0049	0.0049	0.0046	0.0046	0.0046	0.0046	0.0046	0.0046	0.0046	0.0046	0.0046	0.0046	0.0039	0.0039	0.0039	0.0039	0.0039	0.0037	0.0037	0.0037	0.0037	0.0037	0.0033	0.0031
0.0936	0.2808	0.1115	0.0973	0.096	0.0974	0.0144	0.0068	0.0062	0.0061	0.0061	0.0148	0.0142	0.0142	0.0142	0.0068	0.0068	0.0068	0.0061	0.0061	0.006	0.0037	0.0036	0.0036	0.0036	0.0024	0.0024	0.0024	0.0023	0.0023	0.0022	0.0037	0.0037	0.0037	0.0036	0.0036	0.0036	0.0024	0.0024	0.0024	0.0023	0.0017	0.0017	0.0017	0.0016	0.0016	0.0016	0.0012	0.0012	0.0012	0.0011	0.0017	0.0017	0.0017	0.0016	0.0012	0.0009	0.0009	0.0009	0.0009	0.0007	0.0009	0.0005
0.0859	0.0872	0.2026	0.09	0.0916	0.2478	0.0043	0.009	0.0044	0.0044	0.0093	0.0091	0.0044	0.0044	0.0094	0.0093	0.0094	0.0145	0.0045	0.0096	0.0097	0.0026	0.0018	0.0018	0.0026	0.0026	0.0026	0.0035	0.0018	0.0027	0.0027	0.0026	0.0026	0.0035	0.0018	0.0027	0.0027	0.0027	0.0035	0.0035	0.0027	0.0013	0.0013	0.0016	0.001	0.0013	0.0013	0.0013	0.0016	0.0016	0.0013	0.0013	0.0016	0.0016	0.0013	0.0016	0.0007	0.0008	0.0009	0.0007	0.0009	0.0009	0.0005
0.0911	0.0919	0.1381	0.096	0.0979	0.2715	0.006	0.0079	0.0061	0.0061	0.012	0.0079	0.0061	0.0061	0.0119	0.0079	0.0079	0.0137	0.0062	0.012	0.012	0.0025	0.0022	0.0022	0.0032	0.0025	0.0025	0.0035	0.0022	0.0032	0.0032	0.0025	0.0025	0.0035	0.0022	0.0032	0.0032	0.0025	0.0035	0.0035	0.0032	0.0012	0.0012	0.0016	0.0011	0.0015	0.0015	0.0012	0.0016	0.0016	0.0015	0.0012	0.0016	0.0016	0.0015	0.0016	0.0007	0.0009	0.0009	0.0008	0.0009	0.0009	0.0005
0.0816	0.1554	0.2779	0.1396	0.0839	0.0846	0.0054	0.0109	0.0042	0.0034	0.0034	0.0131	0.0063	0.0056	0.0056	0.012	0.0114	0.0116	0.0043	0.0043	0.0035	0.0031	0.002	0.0019	0.0019	0.0029	0.0028	0.0028	0.0016	0.0016	0.0015	0.0033	0.0032	0.0032	0.002	0.002	0.0019	0.003	0.003	0.0029	0.0017	0.0015	0.0014	0.0014	0.001	0.001	0.0009	0.0013	0.0014	0.0013	0.0009	0.0015	0.0015	0.0014	0.001	0.0014	0.0008	0.0008	0.0008	0.0006	0.0007	0.0008	0.0005
0.0621	0.37	0.0665	0.0653	0.0653	0.0661	0.0227	0.006	0.006	0.006	0.006	0.0244	0.0238	0.0237	0.0239	0.0061	0.0061	0.0062	0.0061	0.0061	0.0061	0.0057	0.0056	0.0056	0.0057	0.0027	0.0027	0.0027	0.0026	0.0027	0.0027	0.0058	0.0058	0.0058	0.0057	0.0058	0.0057	0.0027	0.0027	0.0027	0.0027	0.0026	0.0026	0.0026	0.0026	0.0026	0.0026	0.0014	0.0014	0.0014	0.0014	0.0026	0.0026	0.0026	0.0026	0.0014	0.0014	0.0014	0.0014	0.0014	0.0008	0.0014	0.0008
0.0893	0.217	0.0938	0.0926	0.2451	0.0935	0.0078	0.0035	0.0035	0.0079	0.0035	0.0083	0.0081	0.0127	0.0082	0.0036	0.0084	0.0036	0.0082	0.0036	0.0083	0.0023	0.0023	0.0031	0.0023	0.0015	0.0023	0.0015	0.0023	0.0015	0.0023	0.0023	0.0031	0.0024	0.0031	0.0023	0.0031	0.0024	0.0016	0.0024	0.0023	0.0011	0.0014	0.0011	0.0014	0.0011	0.0014	0.0011	0.0008	0.0011	0.0011	0.0014	0.0011	0.0014	0.0014	0.0011	0.0008	0.0006	0.0008	0.0008	0.0006	0.0008	0.0005
0.0751	0.3336	0.0771	0.0782	0.095	0.0809	0.019	0.0053	0.0053	0.0057	0.0054	0.0194	0.0197	0.0203	0.0202	0.0054	0.0057	0.0054	0.0058	0.0055	0.0059	0.0047	0.0047	0.0048	0.0047	0.0023	0.0023	0.0023	0.0024	0.0023	0.0024	0.0047	0.0048	0.0048	0.0048	0.0048	0.0049	0.0024	0.0023	0.0024	0.0024	0.0021	0.0021	0.0021	0.0022	0.0021	0.0022	0.0012	0.0012	0.0012	0.0012	0.0022	0.0022	0.0022	0.0022	0.0013	0.0011	0.0011	0.0012	0.0012	0.0007	0.0012	0.0007
0.0719	0.356	0.1167	0.2206	0.0742	0.0732	0.0044	0.0019	0.0032	0.0015	0.0015	0.0055	0.0087	0.0046	0.0045	0.0037	0.002	0.002	0.0034	0.0033	0.0016	0.0012	0.0016	0.0011	0.0011	0.0011	0.0008	0.0008	0.001	0.001	0.0007	0.0017	0.0012	0.0012	0.0016	0.0016	0.0011	0.0011	0.0011	0.0008	0.0011	0.0008	0.0006	0.0006	0.0007	0.0007	0.0006	0.0006	0.0006	0.0005	0.0006	0.0008	0.0008	0.0006	0.0007	0.0006	0.0004	0.0004	0.0004	0.0004	0.0004	0.0004	0.0003
0.0678	0.0708	0.3695	0.072	0.0721	0.0732	0.0055	0.0203	0.0056	0.0056	0.0056	0.0212	0.0057	0.0057	0.0057	0.0214	0.0213	0.0215	0.0057	0.0057	0.0057	0.005	0.0024	0.0024	0.0024	0.005	0.005	0.0051	0.0024	0.0024	0.0024	0.0051	0.0051	0.0051	0.0025	0.0025	0.0025	0.0051	0.0052	0.0051	0.0025	0.0023	0.0023	0.0023	0.0013	0.0013	0.0013	0.0023	0.0023	0.0023	0.0013	0.0023	0.0023	0.0023	0.0013	0.0023	0.0012	0.0012	0.0012	0.0008	0.0012	0.0012	0.0007
0.0573	0.2256	0.3779	0.0587	0.0612	0.0595	0.0053	0.0082	0.0029	0.0029	0.0029	0.0187	0.0054	0.0055	0.0055	0.0083	0.0086	0.0084	0.0029	0.0029	0.0029	0.0033	0.0018	0.0018	0.0018	0.0024	0.0024	0.0024	0.0014	0.0014	0.0014	0.0033	0.0034	0.0034	0.0018	0.0018	0.0018	0.0024	0.0024	0.0024	0.0014	0.0015	0.0015	0.0015	0.001	0.001	0.001	0.0012	0.0012	0.0012	0.0008	0.0015	0.0015	0.0015	0.001	0.0012	0.0009	0.0009	0.0009	0.0006	0.0007	0.0009	0.0005
0.0862	0.0909	0.2212	0.2858	0.0884	0.0882	0.0028	0.0044	0.0081	0.0027	0.0027	0.0047	0.009	0.0028	0.0028	0.0113	0.0044	0.0045	0.0084	0.0084	0.0027	0.0016	0.0023	0.0013	0.0013	0.0027	0.0016	0.0016	0.0023	0.0023	0.0013	0.0028	0.0016	0.0016	0.0024	0.0024	0.0013	0.0027	0.0027	0.0016	0.0023	0.0013	0.0008	0.0008	0.0011	0.0011	0.0007	0.0013	0.0013	0.0008	0.0011	0.0013	0.0013	0.0008	0.0011	0.0013	0.0007	0.0007	0.0005	0.0006	0.0007	0.0007	0.0004
0.0672	0.3986	0.0838	0.0704	0.0711	0.0716	0.0162	0.0053	0.0048	0.0049	0.0049	0.0199	0.0166	0.0167	0.0167	0.0053	0.0053	0.0053	0.0049	0.0049	0.0049	0.0045	0.0042	0.0042	0.0042	0.0023	0.0023	0.0023	0.0022	0.0022	0.0022	0.0046	0.0046	0.0046	0.0043	0.0043	0.0043	0.0023	0.0023	0.0023	0.0022	0.0021	0.0021	0.0021	0.002	0.002	0.002	0.0012	0.0012	0.0012	0.0012	0.0021	0.0021	0.0021	0.002	0.0013	0.0012	0.0012	0.0012	0.0011	0.0007	0.0012	0.0007
0.0694	0.0958	0.3663	0.0724	0.0729	0.0735	0.0058	0.0158	0.005	0.005	0.0051	0.0219	0.0058	0.0058	0.0058	0.0161	0.0162	0.0163	0.0051	0.0051	0.0051	0.0049	0.0026	0.0026	0.0026	0.0044	0.0044	0.0044	0.0024	0.0024	0.0024	0.005	0.005	0.005	0.0026	0.0026	0.0026	0.0045	0.0045	0.0045	0.0024	0.0024	0.0024	0.0024	0.0014	0.0014	0.0014	0.0022	0.0022	0.0022	0.0013	0.0024	0.0024	0.0024	0.0014	0.0022	0.0013	0.0013	0.0013	0.0009	0.0012	0.0013	0.0008
0.0555	0.0606	0.1094	0.4643	0.0572	0.0575	0.0037	0.0049	0.0108	0.0036	0.0036	0.0054	0.0117	0.0037	0.0037	0.0213	0.005	0.005	0.011	0.011	0.0036	0.0022	0.0032	0.0018	0.0018	0.0041	0.0021	0.0021	0.0031	0.0031	0.0018	0.0044	0.0022	0.0022	0.0032	0.0032	0.0018	0.0042	0.0042	0.0021	0.0032	0.002	0.0012	0.0012	0.0017	0.0017	0.0011	0.002	0.002	0.0012	0.0016	0.002	0.002	0.0012	0.0017	0.002	0.0011	0.0011	0.0008	0.001	0.0011	0.0011	0.0007
0.0472	0.0727	0.0483	0.4615	0.0649	0.0496	0.0049	0.0048	0.0201	0.0049	0.0049	0.0049	0.0204	0.005	0.005	0.0207	0.0049	0.0049	0.0211	0.0212	0.005	0.0021	0.0047	0.0022	0.0022	0.0047	0.0021	0.0021	0.0047	0.0047	0.0022	0.0047	0.0022	0.0022	0.0048	0.0048	0.0022	0.0048	0.0048	0.0022	0.0048	0.0021	0.0011	0.0011	0.0021	0.0021	0.0011	0.0021	0.0021	0.0011	0.0021	0.0021	0.0021	0.0012	0.0021	0.0021	0.0011	0.0011	0.0007	0.0011	0.0011	0.0011	0.0007
0.0208	0.0212	0.021	0.7387	0.0216	0.0214	0.0027	0.0027	0.0131	0.0027	0.0027	0.0027	0.0133	0.0028	0.0028	0.0132	0.0028	0.0027	0.0135	0.0134	0.0028	0.0013	0.0027	0.0013	0.0013	0.0027	0.0013	0.0013	0.0027	0.0027	0.0013	0.0027	0.0013	0.0013	0.0027	0.0027	0.0013	0.0027	0.0027	0.0013	0.0027	0.0013	0.0007	0.0007	0.0013	0.0013	0.0007	0.0013	0.0013	0.0007	0.0013	0.0013	0.0013	0.0007	0.0013	0.0013	0.0007	0.0007	0.0005	0.0007	0.0007	0.0007	0.0005
0.0617	0.0621	0.0628	0.4091	0.1583	0.064	0.0034	0.0034	0.014	0.0039	0.0035	0.0034	0.0141	0.0039	0.0035	0.0144	0.0039	0.0035	0.0151	0.0148	0.004	0.0015	0.0033	0.0016	0.0015	0.0033	0.0016	0.0015	0.0034	0.0033	0.0016	0.0033	0.0016	0.0015	0.0034	0.0033	0.0016	0.0034	0.0034	0.0016	0.0035	0.0015	0.0008	0.0008	0.0015	0.0015	0.0008	0.0015	0.0015	0.0008	0.0015	0.0015	0.0015	0.0008	0.0015	0.0015	0.0008	0.0008	0.0005	0.0008	0.0008	0.0008	0.0005
0.0326	0.0326	0.0327	0.6489	0.0913	0.0332	0.0023	0.0023	0.0102	0.0024	0.0023	0.0023	0.0102	0.0024	0.0023	0.0103	0.0024	0.0023	0.0111	0.0104	0.0024	0.0011	0.0023	0.0012	0.0011	0.0023	0.0012	0.0011	0.0023	0.0023	0.0012	0.0023	0.0012	0.0011	0.0023	0.0023	0.0012	0.0023	0.0023	0.0012	0.0024	0.0011	0.0007	0.0006	0.0011	0.0011	0.0007	0.0011	0.0011	0.0007	0.0011	0.0011	0.0011	0.0007	0.0011	0.0011	0.0006	0.0006	0.0004	0.0007	0.0007	0.0007	0.0004
0.0097	0.0097	0.0097	0.8879	0.0104	0.0099	0.001	0.001	0.0054	0.0011	0.001	0.001	0.0055	0.0011	0.001	0.0055	0.0011	0.001	0.0058	0.0055	0.0011	0.0005	0.001	0.0005	0.0005	0.001	0.0005	0.0005	0.0011	0.001	0.0005	0.001	0.0005	0.0005	0.0011	0.001	0.0005	0.0011	0.001	0.0005	0.0011	0.0005	0.0003	0.0003	0.0005	0.0005	0.0003	0.0005	0.0005	0.0003	0.0005	0.0005	0.0005	0.0003	0.0005	0.0005	0.0003	0.0003	0.0002	0.0003	0.0003	0.0003	0.0002
0.0398	0.116	0.0399	0.6083	0.0418	0.0404	0.0021	0.002	0.009	0.0021	0.002	0.0021	0.0091	0.0022	0.0021	0.0091	0.0021	0.002	0.0097	0.0092	0.0021	0.001	0.002	0.001	0.001	0.002	0.001	0.001	0.0021	0.002	0.001	0.002	0.001	0.001	0.0021	0.002	0.001	0.0021	0.002	0.001	0.0021	0.001	0.0006	0.0006	0.001	0.001	0.0006	0.001	0.001	0.0006	0.001	0.001	0.001	0.0006	0.001	0.001	0.0006	0.0006	0.0004	0.0006	0.0006	0.0006	0.0004
0.0106	0.0113	0.0107	0.8702	0.0109	0.0108	0.0013	0.0013	0.0063	0.0013	0.0013	0.0013	0.0065	0.0013	0.0013	0.0063	0.0013	0.0013	0.0064	0.0063	0.0013	0.0007	0.0013	0.0007	0.0007	0.0013	0.0007	0.0007	0.0013	0.0013	0.0007	0.0013	0.0007	0.0007	0.0013	0.0013	0.0007	0.0013	0.0013	0.0007	0.0013	0.0007	0.0004	0.0004	0.0007	0.0007	0.0004	0.0007	0.0007	0.0004	0.0007	0.0007	0.0007	0.0004	0.0007	0.0007	0.0004	0.0004	0.0003	0.0004	0.0004	0.0004	0.0003
0.1045	0.1328	0.1167	0.1055	0.1051	0.1216	0.0086	0.0075	0.0067	0.0067	0.0078	0.0095	0.0087	0.0087	0.0098	0.0076	0.0076	0.0087	0.0068	0.0079	0.0079	0.0055	0.0053	0.0053	0.0056	0.005	0.005	0.0053	0.0048	0.0051	0.0051	0.0055	0.0055	0.0058	0.0053	0.0056	0.0056	0.005	0.0053	0.0053	0.0051	0.0042	0.0042	0.0044	0.0041	0.0043	0.0043	0.004	0.0041	0.0041	0.004	0.0043	0.0044	0.0044	0.0043	0.0041	0.0035	0.0036	0.0036	0.0035	0.0034	0.0036	0.003
0.3017	0.0888	0.09	0.0915	0.0933	0.0958	0.0169	0.0169	0.017	0.0171	0.0174	0.0058	0.0058	0.0059	0.0059	0.0059	0.0059	0.0059	0.0059	0.0059	0.006	0.0041	0.0041	0.0041	0.0041	0.0041	0.0041	0.0041	0.0041	0.0042	0.0042	0.0023	0.0023	0.0023	0.0023	0.0023	0.0023	0.0023	0.0023	0.0023	0.0023	0.0018	0.0018	0.0018	0.0018	0.0019	0.0019	0.0018	0.0019	0.0019	0.0019	0.0012	0.0012	0.0012	0.0012	0.0012	0.001	0.001	0.001	0.001	0.001	0.0007	0.0006
0.6141	0.0498	0.05	0.0504	0.0508	0.0514	0.0107	0.0108	0.0108	0.0108	0.0109	0.0027	0.0027	0.0027	0.0027	0.0027	0.0027	0.0027	0.0027	0.0027	0.0027	0.0022	0.0022	0.0022	0.0023	0.0022	0.0023	0.0023	0.0023	0.0023	0.0023	0.0012	0.0012	0.0012	0.0012	0.0012	0.0012	0.0012	0.0012	0.0012	0.0012	0.0011	0.0011	0.0011	0.0011	0.0011	0.0011	0.0011	0.0011	0.0011	0.0011	0.0007	0.0007	0.0007	0.0007	0.0007	0.0006	0.0006	0.0006	0.0006	0.0006	0.0004	0.0004
0.0974	0.08	0.0809	0.3357	0.0828	0.0839	0.0058	0.0058	0.0192	0.0059	0.0059	0.0053	0.0162	0.0054	0.0054	0.0163	0.0054	0.0054	0.0165	0.0165	0.0054	0.0023	0.0045	0.0023	0.0024	0.0045	0.0024	0.0024	0.0045	0.0045	0.0024	0.0042	0.0022	0.0022	0.0042	0.0042	0.0023	0.0042	0.0042	0.0023	0.0042	0.002	0.0012	0.0012	0.002	0.002	0.0012	0.002	0.002	0.0012	0.002	0.0019	0.0019	0.0012	0.0019	0.0019	0.0011	0.0011	0.0007	0.0011	0.0011	0.001	0.0006
0.0806	0.3187	0.0834	0.0852	0.0869	0.089	0.0183	0.0056	0.0056	0.0057	0.0057	0.0187	0.0189	0.0191	0.0194	0.0057	0.0057	0.0058	0.0058	0.0058	0.0058	0.0045	0.0046	0.0046	0.0046	0.0024	0.0024	0.0024	0.0024	0.0024	0.0024	0.0046	0.0046	0.0047	0.0047	0.0047	0.0047	0.0024	0.0024	0.0024	0.0024	0.0021	0.0021	0.0021	0.0021	0.0021	0.0021	0.0013	0.0013	0.0013	0.0013	0.0021	0.0021	0.0021	0.0021	0.0013	0.0011	0.0011	0.0011	0.0011	0.0007	0.0011	0.0007
0.1097	0.2853	0.0886	0.0899	0.0913	0.0928	0.0183	0.0064	0.0064	0.0065	0.0065	0.0155	0.0156	0.0157	0.0158	0.0059	0.0059	0.0059	0.0059	0.0059	0.0059	0.0044	0.0044	0.0044	0.0044	0.0025	0.0025	0.0025	0.0025	0.0025	0.0025	0.0041	0.0041	0.0041	0.0041	0.0041	0.0042	0.0024	0.0024	0.0024	0.0024	0.002	0.002	0.002	0.002	0.002	0.002	0.0013	0.0013	0.0013	0.0013	0.0019	0.0019	0.0019	0.0019	0.0013	0.0011	0.0011	0.0011	0.0011	0.0008	0.0011	0.0007
0.0821	0.0846	0.0858	0.3314	0.0901	0.0925	0.0055	0.0056	0.016	0.0056	0.0057	0.0056	0.0163	0.0057	0.0057	0.0163	0.0057	0.0057	0.0167	0.0169	0.0058	0.0022	0.004	0.0023	0.0023	0.004	0.0023	0.0023	0.0041	0.0041	0.0023	0.004	0.0023	0.0023	0.0041	0.0041	0.0023	0.0041	0.0041	0.0023	0.0042	0.0018	0.0012	0.0012	0.0019	0.0019	0.0012	0.0019	0.0019	0.0012	0.0019	0.0019	0.0019	0.0012	0.0019	0.0019	0.001	0.001	0.0007	0.001	0.001	0.001	0.0006
0.0686	0.0695	0.0705	0.3919	0.0731	0.0745	0.0051	0.0052	0.0189	0.0052	0.0053	0.0052	0.0191	0.0052	0.0053	0.0193	0.0053	0.0053	0.0198	0.0201	0.0054	0.0022	0.0045	0.0022	0.0022	0.0046	0.0022	0.0022	0.0046	0.0046	0.0023	0.0046	0.0022	0.0022	0.0046	0.0046	0.0023	0.0046	0.0047	0.0023	0.0047	0.0021	0.0012	0.0012	0.0021	0.0021	0.0012	0.0021	0.0021	0.0012	0.0021	0.0021	0.0021	0.0012	0.0021	0.0021	0.0011	0.0011	0.0007	0.0011	0.0011	0.0011	0.0007
0.1158	0.198	0.0763	0.2777	0.0776	0.0784	0.0092	0.0047	0.0119	0.0047	0.0047	0.0063	0.0104	0.0063	0.0064	0.0078	0.0037	0.0037	0.0079	0.0079	0.0037	0.0025	0.0034	0.0025	0.0025	0.0028	0.0019	0.0019	0.0029	0.0029	0.0019	0.0029	0.0022	0.0022	0.0029	0.0029	0.0022	0.0024	0.0025	0.0017	0.0025	0.0017	0.0013	0.0013	0.0017	0.0017	0.0013	0.0014	0.0014	0.0011	0.0014	0.0015	0.0015	0.0012	0.0015	0.0013	0.001	0.001	0.0008	0.001	0.0008	0.0009	0.0006
0.3316	0.0749	0.0756	0.0774	0.0781	0.0794	0.0215	0.0216	0.022	0.0221	0.0224	0.0057	0.0058	0.0058	0.0058	0.0058	0.0058	0.0059	0.0059	0.0059	0.0059	0.0052	0.0052	0.0052	0.0052	0.0052	0.0052	0.0052	0.0053	0.0053	0.0053	0.0025	0.0025	0.0025	0.0025	0.0025	0.0025	0.0025	0.0025	0.0025	0.0025	0.0023	0.0023	0.0023	0.0023	0.0023	0.0024	0.0023	0.0024	0.0024	0.0024	0.0013	0.0013	0.0013	0.0013	0.0013	0.0012	0.0012	0.0012	0.0013	0.0013	0.0008	0.0007
0.2728	0.1005	0.0908	0.0939	0.0953	0.0977	0.0172	0.0167	0.0171	0.0171	0.0173	0.0064	0.0065	0.0065	0.0066	0.006	0.006	0.006	0.0061	0.0061	0.0061	0.0043	0.0043	0.0044	0.0044	0.0043	0.0043	0.0043	0.0043	0.0043	0.0043	0.0025	0.0025	0.0025	0.0025	0.0025	0.0025	0.0024	0.0024	0.0024	0.0024	0.002	0.002	0.002	0.002	0.002	0.002	0.002	0.002	0.002	0.002	0.0013	0.0013	0.0013	0.0013	0.0013	0.0011	0.0011	0.0011	0.0011	0.0011	0.0008	0.0007
0.3745	0.0735	0.0741	0.0751	0.0761	0.0772	0.0188	0.0189	0.019	0.0192	0.0193	0.0052	0.0052	0.0052	0.0053	0.0052	0.0053	0.0053	0.0053	0.0053	0.0053	0.0045	0.0045	0.0045	0.0046	0.0045	0.0046	0.0046	0.0046	0.0046	0.0046	0.0022	0.0022	0.0022	0.0022	0.0023	0.0023	0.0022	0.0023	0.0023	0.0023	0.0021	0.0021	0.0021	0.0021	0.0021	0.0021	0.0021	0.0021	0.0021	0.0021	0.0012	0.0012	0.0012	0.0012	0.0012	0.0011	0.0011	0.0011	0.0011	0.0011	0.0007	0.0007
0.3299	0.0764	0.0775	0.0787	0.0801	0.0815	0.0205	0.0207	0.021	0.0212	0.0215	0.0057	0.0057	0.0058	0.0058	0.0058	0.0058	0.0058	0.0058	0.0059	0.0059	0.005	0.005	0.0051	0.0051	0.0051	0.0051	0.0051	0.0051	0.0051	0.0052	0.0025	0.0025	0.0025	0.0025	0.0025	0.0025	0.0025	0.0025	0.0025	0.0025	0.0023	0.0023	0.0023	0.0023	0.0023	0.0023	0.0023	0.0023	0.0023	0.0023	0.0013	0.0013	0.0013	0.0013	0.0013	0.0012	0.0012	0.0012	0.0012	0.0012	0.0008	0.0007
0.3596	0.0776	0.0784	0.0795	0.0807	0.082	0.0179	0.0179	0.0181	0.0182	0.0184	0.0052	0.0053	0.0053	0.0053	0.0053	0.0053	0.0053	0.0053	0.0053	0.0054	0.0043	0.0044	0.0044	0.0044	0.0044	0.0044	0.0044	0.0044	0.0044	0.0044	0.0022	0.0022	0.0022	0.0022	0.0022	0.0022	0.0022	0.0022	0.0022	0.0023	0.002	0.002	0.002	0.002	0.002	0.002	0.002	0.002	0.002	0.002	0.0012	0.0012	0.0012	0.0012	0.0012	0.0011	0.0011	0.0011	0.0011	0.0011	0.0007	0.0006
0.3351	0.0793	0.0805	0.0818	0.0832	0.0847	0.0188	0.019	0.0191	0.0193	0.0195	0.0055	0.0055	0.0055	0.0056	0.0055	0.0056	0.0056	0.0056	0.0056	0.0057	0.0046	0.0046	0.0046	0.0046	0.0046	0.0046	0.0047	0.0047	0.0047	0.0047	0.0023	0.0023	0.0023	0.0023	0.0023	0.0024	0.0023	0.0024	0.0024	0.0024	0.0021	0.0021	0.0021	0.0021	0.0021	0.0021	0.0021	0.0021	0.0021	0.0021	0.0012	0.0012	0.0012	0.0012	0.0012	0.0011	0.0011	0.0011	0.0011	0.0011	0.0007	0.0007
0.5135	0.0375	0.0377	0.038	0.0383	0.0386	0.0235	0.0237	0.0238	0.024	0.0241	0.0056	0.0056	0.0056	0.0056	0.0056	0.0056	0.0056	0.0056	0.0056	0.0056	0.0055	0.0055	0.0055	0.0055	0.0055	0.0055	0.0055	0.0055	0.0055	0.0056	0.0025	0.0025	0.0025	0.0025	0.0025	0.0026	0.0025	0.0025	0.0026	0.0026	0.0025	0.0025	0.0025	0.0025	0.0025	0.0025	0.0025	0.0025	0.0025	0.0025	0.0014	0.0014	0.0014	0.0014	0.0014	0.0014	0.0014	0.0014	0.0014	0.0014	0.0008	0.0008
0.5508	0.045	0.0453	0.0455	0.0458	0.0461	0.018	0.018	0.0181	0.0182	0.0183	0.0042	0.0042	0.0042	0.0042	0.0042	0.0042	0.0042	0.0042	0.0042	0.0042	0.004	0.004	0.004	0.004	0.004	0.004	0.004	0.004	0.004	0.0041	0.0019	0.0019	0.0019	0.0019	0.0019	0.0019	0.0019	0.0019	0.0019	0.0019	0.0018	0.0018	0.0018	0.0018	0.0018	0.0018	0.0018	0.0018	0.0018	0.0018	0.001	0.001	0.001	0.001	0.001	0.001	0.001	0.001	0.001	0.001	0.0006	0.0006
0.8546	0.016	0.0161	0.0161	0.0161	0.0162	0.0065	0.0065	0.0065	0.0065	0.0066	0.001	0.001	0.001	0.001	0.001	0.001	0.001	0.001	0.001	0.001	0.001	0.001	0.001	0.001	0.001	0.001	0.001	0.001	0.001	0.001	0.0005	0.0005	0.0005	0.0005	0.0005	0.0005	0.0005	0.0005	0.0005	0.0005	0.0004	0.0004	0.0004	0.0004	0.0004	0.0005	0.0004	0.0005	0.0005	0.0005	0.0003	0.0003	0.0003	0.0003	0.0003	0.0002	0.0002	0.0002	0.0002	0.0002	0.0002	0.0002
0.4801	0.0508	0.0512	0.0516	0.0521	0.0525	0.0205	0.0206	0.0208	0.0209	0.021	0.005	0.005	0.005	0.0051	0.005	0.0051	0.0051	0.0051	0.0051	0.0051	0.0048	0.0048	0.0048	0.0048	0.0048	0.0048	0.0049	0.0049	0.0049	0.0049	0.0023	0.0023	0.0023	0.0023	0.0023	0.0023	0.0023	0.0023	0.0023	0.0023	0.0022	0.0022	0.0022	0.0022	0.0022	0.0022	0.0022	0.0022	0.0022	0.0022	0.0012	0.0012	0.0012	0.0012	0.0012	0.0012	0.0012	0.0012	0.0012	0.0012	0.0007	0.0007
0.7725	0.0267	0.0268	0.0269	0.027	0.0271	0.0086	0.0086	0.0086	0.0087	0.0087	0.0016	0.0016	0.0016	0.0016	0.0016	0.0016	0.0016	0.0016	0.0016	0.0016	0.0015	0.0015	0.0015	0.0015	0.0015	0.0015	0.0015	0.0015	0.0015	0.0015	0.0007	0.0007	0.0007	0.0007	0.0007	0.0007	0.0007	0.0007	0.0007	0.0007	0.0007	0.0007	0.0007	0.0007	0.0007	0.0007	0.0007	0.0007	0.0007	0.0007	0.0004	0.0004	0.0004	0.0004	0.0004	0.0004	0.0004	0.0004	0.0004	0.0004	0.0003	0.0003
0.9474	0.0061	0.0061	0.0061	0.0061	0.0061	0.0024	0.0024	0.0024	0.0024	0.0025	0.0003	0.0003	0.0003	0.0003	0.0003	0.0003	0.0003	0.0003	0.0003	0.0003	0.0003	0.0003	0.0003	0.0003	0.0003	0.0003	0.0003	0.0003	0.0003	0.0003	0.0001	0.0001	0.0001	0.0001	0.0001	0.0001	0.0001	0.0001	0.0001	0.0001	0.0001	0.0001	0.0001	0.0001	0.0001	0.0001	0.0001	0.0001	0.0001	0.0001	0.0001	0.0001	0.0001	0.0001	0.0001	0.0001	0.0001	0.0001	0.0001	0.0001	0.0001	0.0001
0.6607	0.0345	0.0346	0.0347	0.0348	0.0349	0.0133	0.0133	0.0134	0.0134	0.0134	0.0031	0.0031	0.0031	0.0031	0.0031	0.0031	0.0031	0.0031	0.0031	0.0031	0.003	0.003	0.003	0.003	0.003	0.003	0.003	0.003	0.003	0.003	0.0014	0.0014	0.0014	0.0014	0.0014	0.0015	0.0014	0.0015	0.0015	0.0015	0.0014	0.0014	0.0014	0.0014	0.0014	0.0014	0.0014	0.0014	0.0014	0.0014	0.0008	0.0008	0.0008	0.0008	0.0008	0.0008	0.0008	0.0008	0.0008	0.0008	0.0005	0.0005
0.7811	0.0216	0.0216	0.0216	0.0217	0.0217	0.0092	0.0092	0.0092	0.0092	0.0093	0.002	0.002	0.002	0.002	0.002	0.002	0.002	0.002	0.002	0.002	0.0019	0.0019	0.0019	0.0019	0.0019	0.0019	0.0019	0.0019	0.0019	0.0019	0.001	0.001	0.001	0.001	0.001	0.001	0.001	0.001	0.001	0.001	0.001	0.001	0.001	0.001	0.001	0.001	0.001	0.001	0.001	0.001	0.0006	0.0006	0.0006	0.0006	0.0006	0.0005	0.0005	0.0005	0.0005	0.0005	0.0004	0.0003
0.8657	0.0133	0.0133	0.0133	0.0133	0.0133	0.0057	0.0057	0.0057	0.0057	0.0058	0.0012	0.0012	0.0012	0.0012	0.0012	0.0012	0.0012	0.0012	0.0012	0.0012	0.0012	0.0012	0.0012	0.0012	0.0012	0.0012	0.0012	0.0012	0.0012	0.0012	0.0006	0.0006	0.0006	0.0006	0.0006	0.0006	0.0006	0.0006	0.0006	0.0006	0.0006	0.0006	0.0006	0.0006	0.0006	0.0006	0.0006	0.0006	0.0006	0.0006	0.0003	0.0003	0.0003	0.0003	0.0003	0.0003	0.0003	0.0003	0.0003	0.0003	0.0002	0.0002
0.9415	0.0072	0.0072	0.0072	0.0072	0.0073	0.0024	0.0024	0.0024	0.0024	0.0024	0.0003	0.0003	0.0003	0.0003	0.0003	0.0003	0.0003	0.0003	0.0003	0.0003	0.0003	0.0003	0.0003	0.0003	0.0003	0.0003	0.0003	0.0003	0.0003	0.0003	0.0001	0.0001	0.0001	0.0001	0.0001	0.0001	0.0001	0.0001	0.0001	0.0001	0.0001	0.0001	0.0001	0.0001	0.0001	0.0001	0.0001	0.0001	0.0001	0.0001	0.0001	0.0001	0.0001	0.0001	0.0001	0.0001	0.0001	0.0001	0.0001	0.0001	0.0001	0.0001
0.9318	0.0087	0.0087	0.0087	0.0087	0.0087	0.002	0.002	0.002	0.002	0.002	0.0004	0.0004	0.0004	0.0004	0.0004	0.0004	0.0004	0.0004	0.0004	0.0004	0.0004	0.0004	0.0004	0.0004	0.0004	0.0004	0.0004	0.0004	0.0004	0.0004	0.0002	0.0002	0.0002	0.0002	0.0002	0.0002	0.0002	0.0002	0.0002	0.0002	0.0002	0.0002	0.0002	0.0002	0.0002	0.0002	0.0002	0.0002	0.0002	0.0002	0.0001	0.0001	0.0001	0.0001	0.0001	0.0001	0.0001	0.0001	0.0001	0.0001	0.0001	0.0001
0.7325	0.025	0.0251	0.0251	0.0251	0.0252	0.0114	0.0114	0.0114	0.0114	0.0114	0.0026	0.0026	0.0026	0.0026	0.0026	0.0026	0.0026	0.0026	0.0026	0.0026	0.0026	0.0026	0.0026	0.0026	0.0026	0.0026	0.0026	0.0026	0.0026	0.0026	0.0013	0.0013	0.0013	0.0013	0.0013	0.0013	0.0013	0.0013	0.0013	0.0013	0.0012	0.0012	0.0012	0.0012	0.0012	0.0012	0.0012	0.0012	0.0012	0.0012	0.0007	0.0007	0.0007	0.0007	0.0007	0.0007	0.0007	0.0007	0.0007	0.0007	0.0004	0.0004
0.8251	0.0183	0.0183	0.0183	0.0183	0.0183	0.007	0.007	0.007	0.007	0.007	0.0015	0.0015	0.0015	0.0015	0.0015	0.0015	0.0015	0.0015	0.0015	0.0015	0.0014	0.0014	0.0014	0.0014	0.0014	0.0014	0.0014	0.0014	0.0014	0.0014	0.0007	0.0007	0.0007	0.0007	0.0007	0.0007	0.0007	0.0007	0.0007	0.0007	0.0007	0.0007	0.0007	0.0007	0.0007	0.0007	0.0007	0.0007	0.0007	0.0007	0.0004	0.0004	0.0004	0.0004	0.0004	0.0004	0.0004	0.0004	0.0004	0.0004	0.0003	0.0003
0.7501	0.0207	0.0207	0.0207	0.0208	0.0208	0.0118	0.0118	0.0118	0.0118	0.0118	0.0027	0.0027	0.0027	0.0027	0.0027	0.0027	0.0027	0.0027	0.0027	0.0027	0.0026	0.0027	0.0027	0.0027	0.0027	0.0027	0.0027	0.0027	0.0027	0.0027	0.0013	0.0013	0.0013	0.0013	0.0013	0.0013	0.0013	0.0013	0.0013	0.0013	0.0013	0.0013	0.0013	0.0013	0.0013	0.0013	0.0013	0.0013	0.0013	0.0013	0.0007	0.0007	0.0007	0.0007	0.0007	0.0007	0.0007	0.0007	0.0007	0.0007	0.0004	0.0004
0.2246	0.1468	0.0896	0.1867	0.0911	0.0924	0.0102	0.0084	0.0112	0.0085	0.0086	0.0054	0.0082	0.0055	0.0055	0.0064	0.0037	0.0037	0.0065	0.0065	0.0037	0.0026	0.003	0.0026	0.0026	0.0027	0.0023	0.0023	0.0027	0.0028	0.0023	0.0022	0.0018	0.0018	0.0022	0.0022	0.0018	0.0019	0.0019	0.0015	0.002	0.0013	0.0012	0.0012	0.0013	0.0013	0.0012	0.0012	0.0012	0.0011	0.0012	0.001	0.001	0.0009	0.001	0.0009	0.0007	0.0007	0.0006	0.0007	0.0007	0.0006	0.0004
0.3529	0.0617	0.0624	0.0633	0.0642	0.0653	0.0255	0.0258	0.0261	0.0264	0.0268	0.0064	0.0064	0.0064	0.0065	0.0064	0.0065	0.0065	0.0065	0.0066	0.0066	0.0061	0.0061	0.0062	0.0062	0.0062	0.0062	0.0062	0.0062	0.0063	0.0063	0.0028	0.0028	0.0028	0.0028	0.0028	0.0029	0.0028	0.0029	0.0029	0.0029	0.0027	0.0028	0.0028	0.0028	0.0028	0.0028	0.0028	0.0028	0.0028	0.0028	0.0015	0.0015	0.0015	0.0015	0.0015	0.0015	0.0015	0.0015	0.0015	0.0015	0.0009	0.0009
0.544	0.0394	0.0397	0.0399	0.0401	0.0404	0.0209	0.021	0.0211	0.0213	0.0214	0.0048	0.0048	0.0048	0.0048	0.0048	0.0048	0.0048	0.0048	0.0048	0.0048	0.0047	0.0047	0.0047	0.0047	0.0047	0.0047	0.0047	0.0047	0.0047	0.0047	0.0021	0.0021	0.0022	0.0022	0.0022	0.0022	0.0022	0.0022	0.0022	0.0022	0.0021	0.0021	0.0021	0.0021	0.0021	0.0021	0.0021	0.0021	0.0021	0.0021	0.0012	0.0012	0.0012	0.0012	0.0012	0.0011	0.0011	0.0011	0.0011	0.0011	0.0007	0.0007
0.3694	0.0581	0.0588	0.0596	0.0604	0.0613	0.0257	0.026	0.0262	0.0266	0.0269	0.0064	0.0064	0.0065	0.0065	0.0065	0.0065	0.0065	0.0065	0.0066	0.0066	0.0061	0.0062	0.0062	0.0062	0.0062	0.0062	0.0063	0.0063	0.0063	0.0063	0.0028	0.0028	0.0029	0.0029	0.0029	0.0029	0.0029	0.0029	0.0029	0.0029	0.0028	0.0028	0.0028	0.0028	0.0028	0.0028	0.0028	0.0028	0.0028	0.0028	0.0015	0.0015	0.0015	0.0015	0.0015	0.0015	0.0015	0.0015	0.0015	0.0015	0.0009	0.0009
0.3698	0.0579	0.0586	0.0593	0.0602	0.0611	0.0258	0.026	0.0263	0.0266	0.027	0.0064	0.0064	0.0065	0.0065	0.0065	0.0065	0.0065	0.0065	0.0066	0.0066	0.0062	0.0062	0.0062	0.0063	0.0062	0.0063	0.0063	0.0063	0.0063	0.0063	0.0028	0.0029	0.0029	0.0029	0.0029	0.0029	0.0029	0.0029	0.0029	0.0029	0.0028	0.0028	0.0028	0.0028	0.0028	0.0028	0.0028	0.0028	0.0028	0.0028	0.0015	0.0015	0.0015	0.0015	0.0015	0.0015	0.0015	0.0015	0.0015	0.0015	0.0009	0.0009
0.4547	0.066	0.0666	0.0673	0.068	0.0687	0.016	0.0161	0.0161	0.0162	0.0163	0.0043	0.0043	0.0044	0.0044	0.0044	0.0044	0.0044	0.0044	0.0044	0.0044	0.0037	0.0037	0.0037	0.0037	0.0037	0.0037	0.0037	0.0037	0.0037	0.0037	0.0019	0.0019	0.0019	0.0019	0.0019	0.0019	0.0019	0.0019	0.0019	0.0019	0.0017	0.0017	0.0017	0.0017	0.0017	0.0017	0.0017	0.0017	0.0017	0.0017	0.001	0.001	0.001	0.001	0.001	0.0009	0.0009	0.0009	0.0009	0.0009	0.0006	0.0006
0.7549	0.0324	0.0326	0.0327	0.0329	0.0331	0.0071	0.0072	0.0072	0.0072	0.0072	0.0015	0.0015	0.0015	0.0015	0.0015	0.0015	0.0015	0.0015	0.0015	0.0015	0.0013	0.0013	0.0013	0.0013	0.0013	0.0013	0.0013	0.0013	0.0013	0.0013	0.0007	0.0007	0.0007	0.0007	0.0007	0.0007	0.0007	0.0007	0.0007	0.0007	0.0006	0.0006	0.0006	0.0006	0.0006	0.0006	0.0006	0.0006	0.0006	0.0006	0.0004	0.0004	0.0004	0.0004	0.0004	0.0004	0.0004	0.0004	0.0004	0.0004	0.0002	0.0002
0.5511	0.0451	0.0453	0.0455	0.0458	0.046	0.0178	0.0179	0.0179	0.018	0.0181	0.0042	0.0042	0.0042	0.0042	0.0042	0.0042	0.0042	0.0042	0.0043	0.0043	0.004	0.0041	0.0041	0.0041	0.0041	0.0041	0.0041	0.0041	0.0041	0.0041	0.0019	0.0019	0.0019	0.0019	0.0019	0.0019	0.0019	0.0019	0.0019	0.0019	0.0018	0.0018	0.0018	0.0018	0.0018	0.0019	0.0018	0.0019	0.0019	0.0019	0.001	0.001	0.001	0.001	0.001	0.001	0.001	0.001	0.001	0.001	0.0006	0.0006
0.5378	0.0491	0.0493	0.0496	0.0499	0.0502	0.0171	0.0172	0.0172	0.0173	0.0174	0.0041	0.0041	0.0041	0.0041	0.0041	0.0041	0.0042	0.0042	0.0042	0.0042	0.0039	0.0039	0.0039	0.0039	0.0039	0.0039	0.0039	0.0039	0.0039	0.0039	0.0018	0.0018	0.0018	0.0018	0.0018	0.0019	0.0018	0.0019	0.0019	0.0019	0.0018	0.0018	0.0018	0.0018	0.0018	0.0018	0.0018	0.0018	0.0018	0.0018	0.001	0.001	0.001	0.001	0.001	0.001	0.001	0.001	0.001	0.001	0.0006	0.0006
0.5326	0.0549	0.0552	0.0556	0.056	0.0563	0.0148	0.0148	0.0149	0.0149	0.015	0.0038	0.0038	0.0038	0.0038	0.0038	0.0038	0.0038	0.0038	0.0038	0.0038	0.0034	0.0034	0.0034	0.0034	0.0034	0.0034	0.0034	0.0034	0.0034	0.0034	0.0017	0.0017	0.0017	0.0017	0.0017	0.0017	0.0017	0.0017	0.0017	0.0017	0.0016	0.0016	0.0016	0.0016	0.0016	0.0016	0.0016	0.0016	0.0016	0.0016	0.0009	0.0009	0.0009	0.0009	0.0009	0.0009	0.0009	0.0009	0.0009	0.0009	0.0006	0.0005
0.6783	0.0373	0.0375	0.0376	0.0377	0.0379	0.0107	0.0107	0.0107	0.0107	0.0107	0.0025	0.0025	0.0025	0.0025	0.0025	0.0025	0.0025	0.0025	0.0025	0.0025	0.0024	0.0024	0.0024	0.0024	0.0024	0.0024	0.0024	0.0024	0.0024	0.0024	0.0012	0.0012	0.0012	0.0012	0.0012	0.0012	0.0012	0.0012	0.0012	0.0012	0.0012	0.0012	0.0012	0.0012	0.0012	0.0012	0.0012	0.0012	0.0012	0.0012	0.0007	0.0007	0.0007	0.0007	0.0007	0.0007	0.0007	0.0007	0.0007	0.0007	0.0004	0.0004
0.8174	0.0139	0.0139	0.0139	0.014	0.014	0.0093	0.0093	0.0093	0.0093	0.0093	0.002	0.002	0.002	0.002	0.002	0.002	0.002	0.002	0.002	0.002	0.002	0.002	0.002	0.002	0.002	0.002	0.002	0.002	0.002	0.002	0.001	0.001	0.001	0.001	0.001	0.001	0.001	0.001	0.001	0.001	0.001	0.001	0.001	0.001	0.001	0.001	0.001	0.001	0.001	0.001	0.0006	0.0006	0.0006	0.0006	0.0006	0.0006	0.0006	0.0006	0.0006	0.0006	0.0004	0.0004
0.7766	0.0233	0.0233	0.0234	0.0234	0.0234	0.0087	0.0087	0.0087	0.0087	0.0087	0.0019	0.0019	0.0019	0.0019	0.0019	0.0019	0.0019	0.0019	0.0019	0.0019	0.0019	0.0019	0.0019	0.0019	0.0019	0.0019	0.0019	0.0019	0.0019	0.0019	0.001	0.001	0.001	0.001	0.001	0.001	0.001	0.001	0.001	0.001	0.0009	0.0009	0.0009	0.0009	0.0009	0.0009	0.0009	0.0009	0.0009	0.0009	0.0006	0.0006	0.0006	0.0006	0.0006	0.0005	0.0005	0.0005	0.0005	0.0005	0.0004	0.0003
0.9364	0.0065	0.0065	0.0065	0.0065	0.0065	0.003	0.003	0.003	0.003	0.003	0.0005	0.0005	0.0005	0.0005	0.0005	0.0005	0.0005	0.0005	0.0005	0.0005	0.0005	0.0005	0.0005	0.0005	0.0005	0.0005	0.0005	0.0005	0.0005	0.0005	0.0002	0.0002	0.0002	0.0002	0.0002	0.0002	0.0002	0.0002	0.0002	0.0002	0.0002	0.0002	0.0002	0.0002	0.0002	0.0002	0.0002	0.0002	0.0002	0.0002	0.0001	0.0001	0.0001	0.0001	0.0001	0.0001	0.0001	0.0001	0.0001	0.0001	0.0001	0.0001
0.7515	0.0263	0.0263	0.0264	0.0264	0.0264	0.0093	0.0093	0.0093	0.0093	0.0093	0.0022	0.0022	0.0022	0.0022	0.0022	0.0022	0.0022	0.0022	0.0022	0.0022	0.0021	0.0021	0.0021	0.0021	0.0021	0.0021	0.0021	0.0021	0.0021	0.0021	0.0011	0.0011	0.0011	0.0011	0.0011	0.0011	0.0011	0.0011	0.0011	0.0011	0.001	0.001	0.001	0.001	0.001	0.001	0.001	0.001	0.001	0.001	0.0006	0.0006	0.0006	0.0006	0.0006	0.0006	0.0006	0.0006	0.0006	0.0006	0.0004	0.0004
0.9298	0.0078	0.0078	0.0078	0.0078	0.0078	0.003	0.003	0.003	0.003	0.003	0.0005	0.0005	0.0005	0.0005	0.0005	0.0005	0.0005	0.0005	0.0005	0.0005	0.0005	0.0005	0.0005	0.0005	0.0005	0.0005	0.0005	0.0005	0.0005	0.0005	0.0002	0.0002	0.0002	0.0002	0.0002	0.0002	0.0002	0.0002	0.0002	0.0002	0.0002	0.0002	0.0002	0.0002	0.0002	0.0002	0.0002	0.0002	0.0002	0.0002	0.0001	0.0001	0.0001	0.0001	0.0001	0.0001	0.0001	0.0001	0.0001	0.0001	0.0001	0.0001
0.9731	0.0039	0.0039	0.0039	0.0039	0.0039	0.0008	0.0008	0.0008	0.0008	0.0008	0.0001	0.0001	0.0001	0.0001	0.0001	0.0001	0.0001	0.0001	0.0001	0.0001	0.0001	0.0001	0.0001	0.0001	0.0001	0.0001	0.0001	0.0001	0.0001	0.0001	0.0	0.0	0.0	0.0	0.0	0.0	0.0	0.0	0.0	0.0	0.0	0.0	0.0	0.0	0.0	0.0	0.0	0.0	0.0	0.0	0.0	0.0	0.0	0.0	0.0	0.0	0.0	0.0	0.0	0.0	0.0	0.0
0.9715	0.0042	0.0042	0.0042	0.0042	0.0042	0.0008	0.0008	0.0008	0.0008	0.0008	0.0001	0.0001	0.0001	0.0001	0.0001	0.0001	0.0001	0.0001	0.0001	0.0001	0.0001	0.0001	0.0001	0.0001	0.0001	0.0001	0.0001	0.0001	0.0001	0.0001	0.0	0.0	0.0	0.0	0.0	0.0	0.0	0.0	0.0	0.0	0.0	0.0	0.0	0.0	0.0	0.0	0.0	0.0	0.0	0.0	0.0	0.0	0.0	0.0	0.0	0.0	0.0	0.0	0.0	0.0	0.0	0.0
0.8107	0.0207	0.0207	0.0207	0.0207	0.0208	0.0067	0.0067	0.0067	0.0067	0.0067	0.0016	0.0016	0.0016	0.0016	0.0016	0.0016	0.0016	0.0016	0.0016	0.0016	0.0015	0.0015	0.0015	0.0015	0.0015	0.0015	0.0015	0.0015	0.0015	0.0015	0.0008	0.0008	0.0008	0.0008	0.0008	0.0008	0.0008	0.0008	0.0008	0.0008	0.0008	0.0008	0.0008	0.0008	0.0008	0.0008	0.0008	0.0008	0.0008	0.0008	0.0005	0.0005	0.0005	0.0005	0.0005	0.0005	0.0005	0.0005	0.0005	0.0005	0.0003	0.0003
0.9055	0.0111	0.0111	0.0111	0.0111	0.0111	0.0034	0.0034	0.0034	0.0034	0.0034	0.0007	0.0007	0.0007	0.0007	0.0007	0.0007	0.0007	0.0007	0.0007	0.0007	0.0007	0.0007	0.0007	0.0007	0.0007	0.0007	0.0007	0.0007	0.0007	0.0007	0.0003	0.0003	0.0003	0.0003	0.0003	0.0003	0.0003	0.0003	0.0003	0.0003	0.0003	0.0003	0.0003	0.0003	0.0003	0.0003	0.0003	0.0003	0.0003	0.0003	0.0002	0.0002	0.0002	0.0002	0.0002	0.0002	0.0002	0.0002	0.0002	0.0002	0.0001	0.0001
0.345	0.0666	0.0675	0.0685	0.0695	0.0706	0.0239	0.0242	0.0245	0.0248	0.0252	0.0061	0.0061	0.0062	0.0062	0.0062	0.0062	0.0063	0.0062	0.0063	0.0063	0.0057	0.0058	0.0058	0.0058	0.0058	0.0058	0.0059	0.0059	0.0059	0.0059	0.0027	0.0027	0.0027	0.0027	0.0027	0.0027	0.0027	0.0027	0.0027	0.0027	0.0026	0.0026	0.0026	0.0026	0.0026	0.0026	0.0026	0.0026	0.0026	0.0026	0.0014	0.0014	0.0014	0.0014	0.0014	0.0014	0.0014	0.0014	0.0014	0.0014	0.0008	0.0008
0.5792	0.0405	0.0407	0.041	0.0412	0.0415	0.0177	0.0178	0.0179	0.0179	0.018	0.004	0.004	0.004	0.004	0.004	0.004	0.004	0.004	0.004	0.004	0.0039	0.0039	0.0039	0.0039	0.0039	0.0039	0.0039	0.0039	0.0039	0.0039	0.0018	0.0018	0.0018	0.0018	0.0018	0.0018	0.0018	0.0018	0.0018	0.0018	0.0018	0.0018	0.0018	0.0018	0.0018	0.0018	0.0018	0.0018	0.0018	0.0018	0.001	0.001	0.001	0.001	0.001	0.001	0.001	0.001	0.001	0.001	0.0006	0.0006
0.5503	0.0488	0.0491	0.0494	0.0498	0.0501	0.0164	0.0164	0.0165	0.0166	0.0167	0.0038	0.0038	0.0039	0.0039	0.0039	0.0039	0.0039	0.0039	0.0039	0.0039	0.0036	0.0036	0.0036	0.0036	0.0036	0.0036	0.0036	0.0036	0.0037	0.0037	0.0017	0.0017	0.0017	0.0017	0.0017	0.0018	0.0017	0.0018	0.0018	0.0018	0.0017	0.0017	0.0017	0.0017	0.0017	0.0017	0.0017	0.0017	0.0017	0.0017	0.001	0.001	0.001	0.001	0.001	0.0009	0.0009	0.0009	0.0009	0.0009	0.0006	0.0006
0.6218	0.0478	0.0481	0.0484	0.0486	0.0489	0.0105	0.0105	0.0105	0.0105	0.0105	0.0028	0.0028	0.0028	0.0028	0.0028	0.0028	0.0028	0.0028	0.0028	0.0028	0.0024	0.0024	0.0024	0.0024	0.0024	0.0024	0.0024	0.0024	0.0024	0.0024	0.0013	0.0013	0.0013	0.0013	0.0013	0.0013	0.0013	0.0013	0.0013	0.0013	0.0012	0.0012	0.0012	0.0012	0.0012	0.0012	0.0012	0.0012	0.0012	0.0012	0.0007	0.0007	0.0007	0.0007	0.0007	0.0007	0.0007	0.0007	0.0007	0.0007	0.0005	0.0004
0.5304	0.0423	0.0426	0.0428	0.0431	0.0434	0.0205	0.0206	0.0207	0.0208	0.0209	0.0048	0.0048	0.0049	0.0049	0.0049	0.0049	0.0049	0.0049	0.0049	0.0049	0.0047	0.0047	0.0047	0.0047	0.0047	0.0047	0.0047	0.0047	0.0047	0.0048	0.0022	0.0022	0.0022	0.0022	0.0022	0.0022	0.0022	0.0022	0.0022	0.0022	0.0021	0.0021	0.0021	0.0021	0.0021	0.0021	0.0021	0.0021	0.0021	0.0021	0.0012	0.0012	0.0012	0.0012	0.0012	0.0011	0.0011	0.0011	0.0011	0.0011	0.0007	0.0007
0.5329	0.0542	0.0545	0.0549	0.0552	0.0556	0.0152	0.0153	0.0153	0.0154	0.0154	0.0038	0.0038	0.0038	0.0038	0.0038	0.0038	0.0038	0.0038	0.0038	0.0038	0.0034	0.0035	0.0035	0.0035	0.0035	0.0035	0.0035	0.0035	0.0035	0.0035	0.0017	0.0017	0.0017	0.0017	0.0017	0.0017	0.0017	0.0017	0.0017	0.0017	0.0016	0.0016	0.0016	0.0016	0.0016	0.0016	0.0016	0.0016	0.0016	0.0016	0.0009	0.0009	0.0009	0.0009	0.0009	0.0009	0.0009	0.0009	0.0009	0.0009	0.0006	0.0005
0.7248	0.032	0.0321	0.0322	0.0323	0.0324	0.0094	0.0094	0.0094	0.0094	0.0094	0.0021	0.0021	0.0021	0.0021	0.0021	0.0021	0.0021	0.0021	0.0021	0.0021	0.002	0.002	0.002	0.002	0.002	0.002	0.002	0.002	0.002	0.002	0.001	0.001	0.001	0.001	0.001	0.001	0.001	0.001	0.001	0.001	0.001	0.001	0.001	0.001	0.001	0.001	0.001	0.001	0.001	0.001	0.0006	0.0006	0.0006	0.0006	0.0006	0.0006	0.0006	0.0006	0.0006	0.0006	0.0004	0.0004
0.5119	0.0488	0.0491	0.0495	0.0498	0.0502	0.0192	0.0193	0.0194	0.0195	0.0196	0.0046	0.0046	0.0046	0.0046	0.0046	0.0046	0.0047	0.0047	0.0047	0.0047	0.0044	0.0044	0.0044	0.0044	0.0044	0.0044	0.0044	0.0044	0.0045	0.0045	0.0021	0.0021	0.0021	0.0021	0.0021	0.0021	0.0021	0.0021	0.0021	0.0021	0.002	0.002	0.002	0.002	0.002	0.002	0.002	0.002	0.002	0.002	0.0011	0.0011	0.0011	0.0011	0.0011	0.0011	0.0011	0.0011	0.0011	0.0011	0.0007	0.0006
0.6816	0.0234	0.0235	0.0236	0.0237	0.0238	0.0165	0.0166	0.0166	0.0167	0.0167	0.0036	0.0036	0.0036	0.0037	0.0036	0.0037	0.0037	0.0037	0.0037	0.0037	0.0036	0.0036	0.0036	0.0036	0.0036	0.0036	0.0036	0.0036	0.0036	0.0036	0.0017	0.0017	0.0017	0.0017	0.0017	0.0017	0.0017	0.0017	0.0017	0.0017	0.0017	0.0017	0.0017	0.0017	0.0017	0.0017	0.0017	0.0017	0.0017	0.0017	0.0009	0.0009	0.0009	0.0009	0.0009	0.0009	0.0009	0.0009	0.0009	0.0009	0.0006	0.0006
0.7165	0.0331	0.0332	0.0333	0.0334	0.0335	0.0097	0.0097	0.0097	0.0097	0.0097	0.0022	0.0022	0.0022	0.0022	0.0022	0.0022	0.0022	0.0022	0.0022	0.0022	0.002	0.002	0.002	0.002	0.002	0.002	0.002	0.002	0.002	0.002	0.001	0.001	0.001	0.001	0.001	0.001	0.001	0.001	0.001	0.001	0.001	0.001	0.001	0.001	0.001	0.001	0.001	0.001	0.001	0.001	0.0006	0.0006	0.0006	0.0006	0.0006	0.0006	0.0006	0.0006	0.0006	0.0006	0.0004	0.0004
0.7085	0.0281	0.0282	0.0283	0.0283	0.0284	0.0121	0.0121	0.0121	0.0122	0.0122	0.0028	0.0028	0.0028	0.0028	0.0028	0.0028	0.0028	0.0028	0.0028	0.0028	0.0027	0.0027	0.0027	0.0027	0.0027	0.0027	0.0027	0.0027	0.0027	0.0027	0.0013	0.0013	0.0013	0.0013	0.0013	0.0013	0.0013	0.0013	0.0013	0.0013	0.0013	0.0013	0.0013	0.0013	0.0013	0.0013	0.0013	0.0013	0.0013	0.0013	0.0007	0.0007	0.0007	0.0007	0.0007	0.0007	0.0007	0.0007	0.0007	0.0007	0.0005	0.0005
0.701	0.03	0.03	0.0301	0.0302	0.0303	0.0119	0.012	0.012	0.012	0.012	0.0028	0.0028	0.0028	0.0028	0.0028	0.0028	0.0028	0.0028	0.0028	0.0028	0.0027	0.0027	0.0027	0.0027	0.0027	0.0027	0.0027	0.0027	0.0027	0.0027	0.0013	0.0013	0.0013	0.0013	0.0013	0.0013	0.0013	0.0013	0.0013	0.0013	0.0013	0.0013	0.0013	0.0013	0.0013	0.0013	0.0013	0.0013	0.0013	0.0013	0.0007	0.0007	0.0007	0.0007	0.0007	0.0007	0.0007	0.0007	0.0007	0.0007	0.0005	0.0004
0.6546	0.0313	0.0314	0.0315	0.0316	0.0317	0.0155	0.0155	0.0155	0.0156	0.0156	0.0034	0.0034	0.0034	0.0035	0.0034	0.0035	0.0035	0.0035	0.0035	0.0035	0.0034	0.0034	0.0034	0.0034	0.0034	0.0034	0.0034	0.0034	0.0034	0.0034	0.0016	0.0016	0.0016	0.0016	0.0016	0.0016	0.0016	0.0016	0.0016	0.0016	0.0016	0.0016	0.0016	0.0016	0.0016	0.0016	0.0016	0.0016	0.0016	0.0016	0.0009	0.0009	0.0009	0.0009	0.0009	0.0009	0.0009	0.0009	0.0009	0.0009	0.0005	0.0005
0.9117	0.0095	0.0095	0.0095	0.0095	0.0095	0.0044	0.0044	0.0045	0.0045	0.0045	0.0006	0.0006	0.0006	0.0006	0.0006	0.0006	0.0006	0.0006	0.0006	0.0006	0.0006	0.0006	0.0006	0.0006	0.0006	0.0006	0.0006	0.0006	0.0006	0.0006	0.0003	0.0003	0.0003	0.0003	0.0003	0.0003	0.0003	0.0003	0.0003	0.0003	0.0003	0.0003	0.0003	0.0003	0.0003	0.0003	0.0003	0.0003	0.0003	0.0003	0.0001	0.0001	0.0001	0.0001	0.0001	0.0001	0.0001	0.0001	0.0001	0.0001	0.0001	0.0001
0.731	0.0311	0.0312	0.0312	0.0313	0.0314	0.0089	0.0089	0.0089	0.0089	0.0089	0.0021	0.0021	0.0021	0.0021	0.0021	0.0021	0.0021	0.0021	0.0021	0.0021	0.002	0.002	0.002	0.002	0.002	0.002	0.002	0.002	0.002	0.002	0.001	0.001	0.001	0.001	0.001	0.001	0.001	0.001	0.001	0.001	0.001	0.001	0.001	0.001	0.001	0.001	0.001	0.001	0.001	0.001	0.0006	0.0006	0.0006	0.0006	0.0006	0.0006	0.0006	0.0006	0.0006	0.0006	0.0004	0.0004
0.8087	0.0222	0.0222	0.0223	0.0223	0.0223	0.0065	0.0065	0.0065	0.0065	0.0065	0.0015	0.0015	0.0015	0.0015	0.0015	0.0015	0.0015	0.0015	0.0015	0.0015	0.0014	0.0014	0.0014	0.0014	0.0014	0.0014	0.0014	0.0014	0.0014	0.0014	0.0007	0.0007	0.0007	0.0007	0.0007	0.0007	0.0007	0.0007	0.0007	0.0007	0.0007	0.0007	0.0007	0.0007	0.0007	0.0007	0.0007	0.0007	0.0007	0.0007	0.0004	0.0004	0.0004	0.0004	0.0004	0.0004	0.0004	0.0004	0.0004	0.0004	0.0003	0.0003
0.9085	0.0101	0.0101	0.0101	0.0102	0.0102	0.0044	0.0044	0.0044	0.0044	0.0045	0.0006	0.0006	0.0006	0.0006	0.0006	0.0006	0.0006	0.0006	0.0006	0.0006	0.0006	0.0006	0.0006	0.0006	0.0006	0.0006	0.0006	0.0006	0.0006	0.0006	0.0003	0.0003	0.0003	0.0003	0.0003	0.0003	0.0003	0.0003	0.0003	0.0003	0.0003	0.0003	0.0003	0.0003	0.0003	0.0003	0.0003	0.0003	0.0003	0.0003	0.0001	0.0001	0.0001	0.0001	0.0001	0.0001	0.0001	0.0001	0.0001	0.0001	0.0001	0.0001
0.8392	0.0194	0.0195	0.0195	0.0195	0.0195	0.005	0.005	0.005	0.0051	0.0051	0.0012	0.0012	0.0012	0.0012	0.0012	0.0012	0.0012	0.0012	0.0012	0.0012	0.0011	0.0011	0.0011	0.0011	0.0011	0.0011	0.0011	0.0011	0.0011	0.0011	0.0006	0.0006	0.0006	0.0006	0.0006	0.0006	0.0006	0.0006	0.0006	0.0006	0.0006	0.0006	0.0006	0.0006	0.0006	0.0006	0.0006	0.0006	0.0006	0.0006	0.0004	0.0004	0.0004	0.0004	0.0004	0.0003	0.0003	0.0003	0.0003	0.0003	0.0002	0.0002
0.6781	0.0358	0.0359	0.036	0.0361	0.0362	0.0112	0.0112	0.0112	0.0113	0.0113	0.0027	0.0027	0.0027	0.0027	0.0027	0.0027	0.0027	0.0027	0.0027	0.0027	0.0026	0.0026	0.0026	0.0026	0.0026	0.0026	0.0026	0.0026	0.0026	0.0026	0.0013	0.0013	0.0013	0.0013	0.0013	0.0013	0.0013	0.0013	0.0013	0.0013	0.0012	0.0012	0.0012	0.0012	0.0012	0.0012	0.0012	0.0012	0.0012	0.0012	0.0007	0.0007	0.0007	0.0007	0.0007	0.0007	0.0007	0.0007	0.0007	0.0007	0.0004	0.0004
0.722	0.0209	0.0209	0.021	0.021	0.0211	0.0141	0.0141	0.0141	0.0142	0.0142	0.0032	0.0032	0.0032	0.0032	0.0032	0.0032	0.0032	0.0032	0.0032	0.0032	0.0031	0.0031	0.0031	0.0031	0.0031	0.0031	0.0031	0.0031	0.0031	0.0031	0.0015	0.0015	0.0015	0.0015	0.0015	0.0015	0.0015	0.0015	0.0015	0.0015	0.0015	0.0015	0.0015	0.0015	0.0015	0.0015	0.0015	0.0015	0.0015	0.0015	0.0008	0.0008	0.0008	0.0008	0.0008	0.0008	0.0008	0.0008	0.0008	0.0008	0.0005	0.0005
0.6924	0.0287	0.0288	0.0288	0.0289	0.029	0.0132	0.0132	0.0132	0.0133	0.0133	0.003	0.003	0.003	0.003	0.003	0.003	0.003	0.003	0.003	0.003	0.0029	0.003	0.003	0.003	0.003	0.003	0.003	0.003	0.003	0.003	0.0014	0.0014	0.0014	0.0014	0.0014	0.0014	0.0014	0.0014	0.0014	0.0014	0.0014	0.0014	0.0014	0.0014	0.0014	0.0014	0.0014	0.0014	0.0014	0.0014	0.0008	0.0008	0.0008	0.0008	0.0008	0.0008	0.0008	0.0008	0.0008	0.0008	0.0005	0.0005
0.8976	0.0118	0.0118	0.0118	0.0118	0.0118	0.0043	0.0043	0.0043	0.0043	0.0043	0.0007	0.0007	0.0007	0.0007	0.0007	0.0007	0.0007	0.0007	0.0007	0.0007	0.0007	0.0007	0.0007	0.0007	0.0007	0.0007	0.0007	0.0007	0.0007	0.0007	0.0003	0.0003	0.0003	0.0003	0.0003	0.0003	0.0003	0.0003	0.0003	0.0003	0.0003	0.0003	0.0003	0.0003	0.0003	0.0003	0.0003	0.0003	0.0003	0.0003	0.0002	0.0002	0.0002	0.0002	0.0002	0.0002	0.0002	0.0002	0.0002	0.0002	0.0001	0.0001
0.9333	0.0079	0.0079	0.0079	0.0079	0.0079	0.0024	0.0024	0.0024	0.0024	0.0024	0.0005	0.0005	0.0005	0.0005	0.0005	0.0005	0.0005	0.0005	0.0005	0.0005	0.0004	0.0004	0.0004	0.0004	0.0004	0.0004	0.0004	0.0004	0.0004	0.0004	0.0002	0.0002	0.0002	0.0002	0.0002	0.0002	0.0002	0.0002	0.0002	0.0002	0.0002	0.0002	0.0002	0.0002	0.0002	0.0002	0.0002	0.0002	0.0002	0.0002	0.0001	0.0001	0.0001	0.0001	0.0001	0.0001	0.0001	0.0001	0.0001	0.0001	0.0001	0.0001
